appid,gid,country,timestamp,price,regular,cut,currency,shop_id,release_time,release_price,release_currency,release_country,is_sale,is_currency_change,is_currency_change_at_start,is_base_change,is_release_day,is_release_day_sale,is_release_day_base_change,days_since_release,delta_from_release_price,delta_pct_from_release,ts_day,note_day0_fx_needed,note_day0_fx_rebased,sale_ep_duration_days,sale_ep_is_start
1030300,018d937f-1e67-708d-989d-b38bde2520fb,AR,2025-09-04 14:33:21,19.99,19.99,0.0,USD,61,2025-09-04,6.99,USD,AR,False,False,False,False,True,False,False,0.0,12.999999999999998,1.8597997138769666,2025-09-04,False,False,,False
1030300,018d937f-1e67-708d-989d-b38bde2520fb,AU,2025-09-04 14:33:31,29.5,29.5,0.0,AUD,61,2025-09-04,29.5,AUD,AU,False,False,False,False,True,False,False,0.0,0.0,0.0,2025-09-04,False,False,,False
1030300,018d937f-1e67-708d-989d-b38bde2520fb,BR,2025-09-04 14:33:10,59.99,59.99,0.0,BRL,61,2025-09-04,59.99,BRL,BR,False,False,False,False,True,False,False,0.0,0.0,0.0,2025-09-04,False,False,,False
1030300,018d937f-1e67-708d-989d-b38bde2520fb,CA,2025-09-04 14:30:33,25.99,25.99,0.0,CAD,61,2025-09-04,25.99,CAD,CA,False,False,False,False,True,False,False,0.0,0.0,0.0,2025-09-04,False,False,,False
1030300,018d937f-1e67-708d-989d-b38bde2520fb,CN,2025-09-04 14:33:29,76.0,76.0,0.0,CNY,61,2025-09-04,76.0,CNY,CN,False,False,False,False,True,False,False,0.0,0.0,0.0,2025-09-04,False,False,,False
1030300,018d937f-1e67-708d-989d-b38bde2520fb,DE,2025-09-04 14:30:21,19.5,19.5,0.0,EUR,61,2025-09-04,19.5,EUR,DE,False,False,False,False,True,False,False,0.0,0.0,0.0,2025-09-04,False,False,,False
1030300,018d937f-1e67-708d-989d-b38bde2520fb,FR,2025-09-04 14:30:21,19.5,19.5,0.0,EUR,61,2025-09-04,19.5,EUR,FR,False,False,False,False,True,False,False,0.0,0.0,0.0,2025-09-04,False,False,,False
1030300,018d937f-1e67-708d-989d-b38bde2520fb,GB,2025-09-04 14:33:27,16.75,16.75,0.0,GBP,61,2025-09-04,16.75,GBP,GB,False,False,False,False,True,False,False,0.0,0.0,0.0,2025-09-04,False,False,,False
1030300,018d937f-1e67-708d-989d-b38bde2520fb,JP,2025-09-04 14:30:34,2300.0,2300.0,0.0,JPY,61,2025-09-04,2300.0,JPY,JP,False,False,False,False,True,False,False,0.0,0.0,0.0,2025-09-04,False,False,,False
1030300,018d937f-1e67-708d-989d-b38bde2520fb,PL,2025-09-04 14:30:21,81.82352941176471,81.82352941176471,0.0,PLN,61,2025-09-04,74.99,PLN,PL,False,True,True,False,True,False,False,0.0,6.833529411764715,0.09112587560694374,2025-09-04,True,True,,False
1030300,018d937f-1e67-708d-989d-b38bde2520fb,TR,2025-09-04 14:33:08,7.99,7.99,0.0,USD,61,2025-09-04,7.99,USD,TR,False,False,False,False,True,False,False,0.0,0.0,0.0,2025-09-04,False,False,,False
1030300,018d937f-1e67-708d-989d-b38bde2520fb,US,2025-09-04 14:33:21,19.99,19.99,0.0,USD,61,2025-09-04,19.99,USD,US,False,False,False,False,True,False,False,0.0,0.0,0.0,2025-09-04,False,False,,False
1086940,018d9584-24d6-7010-b82b-df1f0b154cc7,AR,2023-12-21 20:22:31,53.99,59.99,10.0,USD,61,2023-08-03,34.99,USD,AR,True,False,False,False,False,False,False,140.0,19.0,0.5430122892254929,2023-12-21,False,False,13.977488425925927,True
1086940,018d9584-24d6-7010-b82b-df1f0b154cc7,AR,2024-03-14 17:37:53,53.99,59.99,10.0,USD,61,2023-08-03,34.99,USD,AR,True,False,False,False,False,False,False,224.0,19.0,0.5430122892254929,2024-03-14,False,False,7.005648148148148,True
1086940,018d9584-24d6-7010-b82b-df1f0b154cc7,AR,2024-05-16 17:18:11,50.99,59.99,15.0,USD,61,2023-08-03,34.99,USD,AR,True,False,False,False,False,False,False,287.0,16.0,0.4572735067162046,2024-05-16,False,False,6.998171296296296,True
1086940,018d9584-24d6-7010-b82b-df1f0b154cc7,AR,2024-06-27 17:59:38,47.99,59.99,20.0,USD,61,2023-08-03,34.99,USD,AR,True,False,False,False,False,False,False,329.0,13.0,0.37153472420691624,2024-06-27,False,False,16.981331018518517,True
1086940,018d9584-24d6-7010-b82b-df1f0b154cc7,AR,2024-09-05 17:18:42,47.99,59.99,20.0,USD,61,2023-08-03,34.99,USD,AR,True,False,False,False,False,False,False,399.0,13.0,0.37153472420691624,2024-09-05,False,False,4.0024189814814815,True
1086940,018d9584-24d6-7010-b82b-df1f0b154cc7,AR,2024-11-04 18:18:01,47.99,59.99,20.0,USD,61,2023-08-03,34.99,USD,AR,True,False,False,False,False,False,False,459.0,13.0,0.37153472420691624,2024-11-04,False,False,7.002465277777778,True
1086940,018d9584-24d6-7010-b82b-df1f0b154cc7,AR,2024-11-27 21:03:11,47.99,59.99,20.0,USD,61,2023-08-03,34.99,USD,AR,True,False,False,False,False,False,False,482.0,13.0,0.37153472420691624,2024-11-27,False,False,6.9019560185185185,True
1086940,018d9584-24d6-7010-b82b-df1f0b154cc7,AR,2024-12-19 21:27:38,47.99,59.99,20.0,USD,61,2023-08-03,34.99,USD,AR,True,False,False,False,False,False,False,504.0,13.0,0.37153472420691624,2024-12-19,False,False,13.88888888888889,True
1086940,018d9584-24d6-7010-b82b-df1f0b154cc7,AR,2025-02-10 18:32:12,47.99,59.99,20.0,USD,61,2023-08-03,34.99,USD,AR,True,False,False,False,False,False,False,557.0,13.0,0.37153472420691624,2025-02-10,False,False,6.998611111111111,True
1086940,018d9584-24d6-7010-b82b-df1f0b154cc7,AR,2025-03-13 19:23:51,47.99,59.99,20.0,USD,61,2023-08-03,34.99,USD,AR,True,False,False,False,False,False,False,588.0,13.0,0.37153472420691624,2025-03-13,False,False,6.9288541666666665,True
1086940,018d9584-24d6-7010-b82b-df1f0b154cc7,AR,2025-04-07 17:20:08,47.99,59.99,20.0,USD,61,2023-08-03,34.99,USD,AR,True,False,False,False,False,False,False,613.0,13.0,0.37153472420691624,2025-04-07,False,False,13.998738425925925,True
1086940,018d9584-24d6-7010-b82b-df1f0b154cc7,AR,2025-05-19 17:42:20,47.99,59.99,20.0,USD,61,2023-08-03,34.99,USD,AR,True,False,False,False,False,False,False,655.0,13.0,0.37153472420691624,2025-05-19,False,False,7.072939814814815,True
1086940,018d9584-24d6-7010-b82b-df1f0b154cc7,AR,2025-06-26 21:43:10,47.99,59.99,20.0,USD,61,2023-08-03,34.99,USD,AR,True,False,False,False,False,False,False,693.0,13.0,0.37153472420691624,2025-06-26,False,False,13.832372685185184,True
1086940,018d9584-24d6-7010-b82b-df1f0b154cc7,AR,2025-09-01 17:22:15,44.99,59.99,25.0,USD,61,2023-08-03,34.99,USD,AR,True,False,False,False,False,False,False,760.0,10.0,0.2857959416976279,2025-09-01,False,False,7.0001851851851855,True
1086940,018d9584-24d6-7010-b82b-df1f0b154cc7,AR,2025-09-29 21:03:02,44.99,59.99,25.0,USD,61,2023-08-03,34.99,USD,AR,True,False,False,False,False,False,False,788.0,10.0,0.2857959416976279,2025-09-29,False,False,6.860069444444444,True
1086940,018d9584-24d6-7010-b82b-df1f0b154cc7,AU,2023-12-21 20:23:12,80.95,89.95,10.0,AUD,61,2023-08-03,89.95,AUD,AU,True,False,False,False,False,False,False,140.0,-9.0,-0.10005558643690937,2023-12-21,False,False,13.982708333333333,True
1086940,018d9584-24d6-7010-b82b-df1f0b154cc7,AU,2024-03-14 17:43:33,80.95,89.95,10.0,AUD,61,2023-08-03,89.95,AUD,AU,True,False,False,False,False,False,False,224.0,-9.0,-0.10005558643690937,2024-03-14,False,False,7.001527777777778,True
1086940,018d9584-24d6-7010-b82b-df1f0b154cc7,AU,2024-05-16 17:18:23,76.45,89.95,15.0,AUD,61,2023-08-03,89.95,AUD,AU,True,False,False,False,False,False,False,287.0,-13.5,-0.1500833796553641,2024-05-16,False,False,6.999953703703704,True
1086940,018d9584-24d6-7010-b82b-df1f0b154cc7,AU,2024-06-27 17:59:37,71.96,89.95,20.0,AUD,61,2023-08-03,89.95,AUD,AU,True,False,False,False,False,False,False,329.0,-17.99000000000001,-0.20000000000000007,2024-06-27,False,False,16.98318287037037,True
1086940,018d9584-24d6-7010-b82b-df1f0b154cc7,AU,2024-09-05 17:18:39,71.96,89.95,20.0,AUD,61,2023-08-03,89.95,AUD,AU,True,False,False,False,False,False,False,399.0,-17.99000000000001,-0.20000000000000007,2024-09-05,False,False,4.002314814814815,True
1086940,018d9584-24d6-7010-b82b-df1f0b154cc7,AU,2024-11-04 18:21:18,71.96,89.95,20.0,AUD,61,2023-08-03,89.95,AUD,AU,True,False,False,False,False,False,False,459.0,-17.99000000000001,-0.20000000000000007,2024-11-04,False,False,6.997141203703704,True
1086940,018d9584-24d6-7010-b82b-df1f0b154cc7,AU,2024-11-27 21:43:13,71.96,89.95,20.0,AUD,61,2023-08-03,89.95,AUD,AU,True,False,False,False,False,False,False,482.0,-17.99000000000001,-0.20000000000000007,2024-11-27,False,False,6.874201388888889,True
1086940,018d9584-24d6-7010-b82b-df1f0b154cc7,AU,2024-12-19 23:02:39,71.96,89.95,20.0,AUD,61,2023-08-03,89.95,AUD,AU,True,False,False,False,False,False,False,504.0,-17.99000000000001,-0.20000000000000007,2024-12-19,False,False,13.82289351851852,True
1086940,018d9584-24d6-7010-b82b-df1f0b154cc7,AU,2025-02-10 18:32:52,71.96,89.95,20.0,AUD,61,2023-08-03,89.95,AUD,AU,True,False,False,False,False,False,False,557.0,-17.99000000000001,-0.20000000000000007,2025-02-10,False,False,6.990555555555556,True
1086940,018d9584-24d6-7010-b82b-df1f0b154cc7,AU,2025-03-13 19:41:09,71.96,89.95,20.0,AUD,61,2023-08-03,89.95,AUD,AU,True,False,False,False,False,False,False,588.0,-17.99000000000001,-0.20000000000000007,2025-03-13,False,False,6.916886574074074,True
1086940,018d9584-24d6-7010-b82b-df1f0b154cc7,AU,2025-04-07 17:20:37,71.96,89.95,20.0,AUD,61,2023-08-03,89.95,AUD,AU,True,False,False,False,False,False,False,613.0,-17.99000000000001,-0.20000000000000007,2025-04-07,False,False,14.000578703703704,True
1086940,018d9584-24d6-7010-b82b-df1f0b154cc7,AU,2025-05-19 17:42:20,71.96,89.95,20.0,AUD,61,2023-08-03,89.95,AUD,AU,True,False,False,False,False,False,False,655.0,-17.99000000000001,-0.20000000000000007,2025-05-19,False,False,7.072986111111111,True
1086940,018d9584-24d6-7010-b82b-df1f0b154cc7,AU,2025-06-26 21:42:50,71.96,89.95,20.0,AUD,61,2023-08-03,89.95,AUD,AU,True,False,False,False,False,False,False,693.0,-17.99000000000001,-0.20000000000000007,2025-06-26,False,False,13.832071759259259,True
1086940,018d9584-24d6-7010-b82b-df1f0b154cc7,AU,2025-09-01 17:22:13,67.46,89.95,25.0,AUD,61,2023-08-03,89.95,AUD,AU,True,False,False,False,False,False,False,760.0,-22.49000000000001,-0.2500277932184548,2025-09-01,False,False,7.004282407407407,True
1086940,018d9584-24d6-7010-b82b-df1f0b154cc7,AU,2025-09-29 20:57:19,67.46,89.95,25.0,AUD,61,2023-08-03,89.95,AUD,AU,True,False,False,False,False,False,False,788.0,-22.49000000000001,-0.2500277932184548,2025-09-29,False,False,6.863935185185185,True
1086940,018d9584-24d6-7010-b82b-df1f0b154cc7,BR,2023-12-22 00:57:31,179.99,199.99,10.0,BRL,61,2023-08-03,199.99,BRL,BR,True,False,False,False,False,False,False,141.0,-20.0,-0.10000500025001247,2023-12-22,False,False,13.787731481481481,True
1086940,018d9584-24d6-7010-b82b-df1f0b154cc7,BR,2024-03-14 17:43:44,179.99,199.99,10.0,BRL,61,2023-08-03,199.99,BRL,BR,True,False,False,False,False,False,False,224.0,-20.0,-0.10000500025001247,2024-03-14,False,False,7.001585648148148,True
1086940,018d9584-24d6-7010-b82b-df1f0b154cc7,BR,2024-05-16 17:18:32,169.99,199.99,15.0,BRL,61,2023-08-03,199.99,BRL,BR,True,False,False,False,False,False,False,287.0,-30.0,-0.15000750037501875,2024-05-16,False,False,7.000081018518519,True
1086940,018d9584-24d6-7010-b82b-df1f0b154cc7,BR,2024-06-27 17:59:41,159.99,199.99,20.0,BRL,61,2023-08-03,199.99,BRL,BR,True,False,False,False,False,False,False,329.0,-40.0,-0.20001000050002504,2024-06-27,False,False,16.98314814814815,True
1086940,018d9584-24d6-7010-b82b-df1f0b154cc7,BR,2024-09-05 17:18:35,159.99,199.99,20.0,BRL,61,2023-08-03,199.99,BRL,BR,True,False,False,False,False,False,False,399.0,-40.0,-0.20001000050002504,2024-09-05,False,False,4.002361111111111,True
1086940,018d9584-24d6-7010-b82b-df1f0b154cc7,BR,2024-11-04 18:22:04,159.99,199.99,20.0,BRL,61,2023-08-03,199.99,BRL,BR,True,False,False,False,False,False,False,459.0,-40.0,-0.20001000050002504,2024-11-04,False,False,6.996377314814815,True
1086940,018d9584-24d6-7010-b82b-df1f0b154cc7,BR,2024-11-27 21:19:50,159.99,199.99,20.0,BRL,61,2023-08-03,199.99,BRL,BR,True,False,False,False,False,False,False,482.0,-40.0,-0.20001000050002504,2024-11-27,False,False,6.8906481481481485,True
1086940,018d9584-24d6-7010-b82b-df1f0b154cc7,BR,2024-12-19 20:29:55,159.99,199.99,20.0,BRL,61,2023-08-03,199.99,BRL,BR,True,False,False,False,False,False,False,504.0,-40.0,-0.20001000050002504,2024-12-19,False,False,13.932800925925926,True
1086940,018d9584-24d6-7010-b82b-df1f0b154cc7,BR,2025-02-10 18:33:05,159.99,199.99,20.0,BRL,61,2023-08-03,199.99,BRL,BR,True,False,False,False,False,False,False,557.0,-40.0,-0.20001000050002504,2025-02-10,False,False,7.000717592592593,True
1086940,018d9584-24d6-7010-b82b-df1f0b154cc7,BR,2025-03-13 19:32:46,159.99,199.99,20.0,BRL,61,2023-08-03,199.99,BRL,BR,True,False,False,False,False,False,False,588.0,-40.0,-0.20001000050002504,2025-03-13,False,False,6.922523148148148,True
1086940,018d9584-24d6-7010-b82b-df1f0b154cc7,BR,2025-04-07 17:18:21,159.99,199.99,20.0,BRL,61,2023-08-03,199.99,BRL,BR,True,False,False,False,False,False,False,613.0,-40.0,-0.20001000050002504,2025-04-07,False,False,14.0021875,True
1086940,018d9584-24d6-7010-b82b-df1f0b154cc7,BR,2025-05-19 17:44:49,159.99,199.99,20.0,BRL,61,2023-08-03,199.99,BRL,BR,True,False,False,False,False,False,False,655.0,-40.0,-0.20001000050002504,2025-05-19,False,False,7.090625,True
1086940,018d9584-24d6-7010-b82b-df1f0b154cc7,BR,2025-06-26 21:46:22,159.99,199.99,20.0,BRL,61,2023-08-03,199.99,BRL,BR,True,False,False,False,False,False,False,693.0,-40.0,-0.20001000050002504,2025-06-26,False,False,13.829988425925926,True
1086940,018d9584-24d6-7010-b82b-df1f0b154cc7,BR,2025-09-01 17:18:14,149.99,199.99,25.0,BRL,61,2023-08-03,199.99,BRL,BR,True,False,False,False,False,False,False,760.0,-50.0,-0.2500125006250312,2025-09-01,False,False,7.000717592592593,True
1086940,018d9584-24d6-7010-b82b-df1f0b154cc7,BR,2025-09-29 21:02:49,149.99,199.99,25.0,BRL,61,2023-08-03,199.99,BRL,BR,True,False,False,False,False,False,False,788.0,-50.0,-0.2500125006250312,2025-09-29,False,False,6.8602083333333335,True
1086940,018d9584-24d6-7010-b82b-df1f0b154cc7,CA,2024-03-14 17:43:42,71.99,79.99,10.0,CAD,61,2023-08-03,79.99,CAD,CA,True,False,False,False,False,False,False,224.0,-8.0,-0.10001250156269537,2024-03-14,False,False,7.001469907407407,True
1086940,018d9584-24d6-7010-b82b-df1f0b154cc7,CA,2024-05-16 17:15:30,67.99,79.99,15.0,CAD,61,2023-08-03,79.99,CAD,CA,True,False,False,False,False,False,False,287.0,-12.0,-0.15001875234404305,2024-05-16,False,False,7.0022569444444445,True
1086940,018d9584-24d6-7010-b82b-df1f0b154cc7,CA,2024-06-27 18:01:37,63.99,79.99,20.0,CAD,61,2023-08-03,79.99,CAD,CA,True,False,False,False,False,False,False,329.0,-15.999999999999993,-0.20002500312539062,2024-06-27,False,False,16.98172453703704,True
1086940,018d9584-24d6-7010-b82b-df1f0b154cc7,CA,2024-09-05 17:03:28,63.99,79.99,20.0,CAD,61,2023-08-03,79.99,CAD,CA,True,False,False,False,False,False,False,399.0,-15.999999999999993,-0.20002500312539062,2024-09-05,False,False,4.012962962962963,True
1086940,018d9584-24d6-7010-b82b-df1f0b154cc7,CA,2024-11-04 18:17:48,63.99,79.99,20.0,CAD,61,2023-08-03,79.99,CAD,CA,True,False,False,False,False,False,False,459.0,-15.999999999999993,-0.20002500312539062,2024-11-04,False,False,7.002569444444444,True
1086940,018d9584-24d6-7010-b82b-df1f0b154cc7,CA,2024-11-27 21:03:26,63.99,79.99,20.0,CAD,61,2023-08-03,79.99,CAD,CA,True,False,False,False,False,False,False,482.0,-15.999999999999993,-0.20002500312539062,2024-11-27,False,False,6.90175925925926,True
1086940,018d9584-24d6-7010-b82b-df1f0b154cc7,CA,2024-12-19 20:30:07,63.99,79.99,20.0,CAD,61,2023-08-03,79.99,CAD,CA,True,False,False,False,False,False,False,504.0,-15.999999999999993,-0.20002500312539062,2024-12-19,False,False,13.932789351851852,True
1086940,018d9584-24d6-7010-b82b-df1f0b154cc7,CA,2025-02-10 18:28:58,63.99,79.99,20.0,CAD,61,2023-08-03,79.99,CAD,CA,True,False,False,False,False,False,False,557.0,-15.999999999999993,-0.20002500312539062,2025-02-10,False,False,7.003668981481481,True
1086940,018d9584-24d6-7010-b82b-df1f0b154cc7,CA,2025-03-13 19:32:34,63.99,79.99,20.0,CAD,61,2023-08-03,79.99,CAD,CA,True,False,False,False,False,False,False,588.0,-15.999999999999993,-0.20002500312539062,2025-03-13,False,False,6.922696759259259,True
1086940,018d9584-24d6-7010-b82b-df1f0b154cc7,CA,2025-04-07 17:18:26,63.99,79.99,20.0,CAD,61,2023-08-03,79.99,CAD,CA,True,False,False,False,False,False,False,613.0,-15.999999999999993,-0.20002500312539062,2025-04-07,False,False,13.999560185185185,True
1086940,018d9584-24d6-7010-b82b-df1f0b154cc7,CA,2025-05-19 17:38:47,63.99,79.99,20.0,CAD,61,2023-08-03,79.99,CAD,CA,True,False,False,False,False,False,False,655.0,-15.999999999999993,-0.20002500312539062,2025-05-19,False,False,7.074907407407407,True
1086940,018d9584-24d6-7010-b82b-df1f0b154cc7,CA,2025-06-26 21:40:28,63.99,79.99,20.0,CAD,61,2023-08-03,79.99,CAD,CA,True,False,False,False,False,False,False,693.0,-15.999999999999993,-0.20002500312539062,2025-06-26,False,False,13.83431712962963,True
1086940,018d9584-24d6-7010-b82b-df1f0b154cc7,CA,2025-09-01 17:22:24,59.99,79.99,25.0,CAD,61,2023-08-03,79.99,CAD,CA,True,False,False,False,False,False,False,760.0,-19.999999999999993,-0.2500312539067383,2025-09-01,False,False,6.997835648148148,True
1086940,018d9584-24d6-7010-b82b-df1f0b154cc7,CA,2025-09-29 21:03:00,59.99,79.99,25.0,CAD,61,2023-08-03,79.99,CAD,CA,True,False,False,False,False,False,False,788.0,-19.999999999999993,-0.2500312539067383,2025-09-29,False,False,6.859953703703703,True
1086940,018d9584-24d6-7010-b82b-df1f0b154cc7,CN,2023-12-21 20:08:26,268.2,298.0,10.0,CNY,61,2023-08-03,298.0,CNY,CN,True,False,False,False,False,False,False,140.0,-29.80000000000001,-0.10000000000000009,2023-12-21,False,False,13.988495370370371,True
1086940,018d9584-24d6-7010-b82b-df1f0b154cc7,CN,2024-03-14 17:43:45,268.2,298.0,10.0,CNY,61,2023-08-03,298.0,CNY,CN,True,False,False,False,False,False,False,224.0,-29.80000000000001,-0.10000000000000009,2024-03-14,False,False,7.0016087962962965,True
1086940,018d9584-24d6-7010-b82b-df1f0b154cc7,CN,2024-05-16 17:15:26,253.3,298.0,15.0,CNY,61,2023-08-03,298.0,CNY,CN,True,False,False,False,False,False,False,287.0,-44.69999999999999,-0.1499999999999999,2024-05-16,False,False,7.0003125,True
1086940,018d9584-24d6-7010-b82b-df1f0b154cc7,CN,2024-06-27 17:59:33,238.4,298.0,20.0,CNY,61,2023-08-03,298.0,CNY,CN,True,False,False,False,False,False,False,329.0,-59.599999999999994,-0.19999999999999996,2024-06-27,False,False,13.992696759259259,True
1086940,018d9584-24d6-7010-b82b-df1f0b154cc7,CN,2024-09-05 17:15:37,238.4,298.0,20.0,CNY,61,2023-08-03,298.0,CNY,CN,True,False,False,False,False,False,False,399.0,-59.599999999999994,-0.19999999999999996,2024-09-05,False,False,4.004641203703704,True
1086940,018d9584-24d6-7010-b82b-df1f0b154cc7,CN,2024-11-04 18:21:23,238.4,298.0,20.0,CNY,61,2023-08-03,298.0,CNY,CN,True,False,False,False,False,False,False,459.0,-59.599999999999994,-0.19999999999999996,2024-11-04,False,False,6.999791666666667,True
1086940,018d9584-24d6-7010-b82b-df1f0b154cc7,CN,2024-11-27 21:02:06,238.4,298.0,20.0,CNY,61,2023-08-03,298.0,CNY,CN,True,False,False,False,False,False,False,482.0,-59.599999999999994,-0.19999999999999996,2024-11-27,False,False,6.90292824074074,True
1086940,018d9584-24d6-7010-b82b-df1f0b154cc7,CN,2024-12-19 20:38:11,238.4,298.0,20.0,CNY,61,2023-08-03,298.0,CNY,CN,True,False,False,False,False,False,False,504.0,-59.599999999999994,-0.19999999999999996,2024-12-19,False,False,13.925185185185185,True
1086940,018d9584-24d6-7010-b82b-df1f0b154cc7,CN,2025-02-10 18:32:20,238.4,298.0,20.0,CNY,61,2023-08-03,298.0,CNY,CN,True,False,False,False,False,False,False,557.0,-59.599999999999994,-0.19999999999999996,2025-02-10,False,False,6.998506944444444,True
1086940,018d9584-24d6-7010-b82b-df1f0b154cc7,CN,2025-03-13 19:44:21,238.4,298.0,20.0,CNY,61,2023-08-03,298.0,CNY,CN,True,False,False,False,False,False,False,588.0,-59.599999999999994,-0.19999999999999996,2025-03-13,False,False,6.914328703703704,True
1086940,018d9584-24d6-7010-b82b-df1f0b154cc7,CN,2025-04-07 17:20:12,238.4,298.0,20.0,CNY,61,2023-08-03,298.0,CNY,CN,True,False,False,False,False,False,False,613.0,-59.599999999999994,-0.19999999999999996,2025-04-07,False,False,13.99829861111111,True
1086940,018d9584-24d6-7010-b82b-df1f0b154cc7,CN,2025-05-19 17:44:37,238.4,298.0,20.0,CNY,61,2023-08-03,298.0,CNY,CN,True,False,False,False,False,False,False,655.0,-59.599999999999994,-0.19999999999999996,2025-05-19,False,False,7.090868055555555,True
1086940,018d9584-24d6-7010-b82b-df1f0b154cc7,CN,2025-06-26 21:46:31,238.4,298.0,20.0,CNY,61,2023-08-03,298.0,CNY,CN,True,False,False,False,False,False,False,693.0,-59.599999999999994,-0.19999999999999996,2025-06-26,False,False,13.82162037037037,True
1086940,018d9584-24d6-7010-b82b-df1f0b154cc7,CN,2025-09-01 17:17:57,223.5,298.0,25.0,CNY,61,2023-08-03,298.0,CNY,CN,True,False,False,False,False,False,False,760.0,-74.5,-0.25,2025-09-01,False,False,6.99994212962963,True
1086940,018d9584-24d6-7010-b82b-df1f0b154cc7,CN,2025-09-29 20:52:10,223.5,298.0,25.0,CNY,61,2023-08-03,298.0,CNY,CN,True,False,False,False,False,False,False,788.0,-74.5,-0.25,2025-09-29,False,False,6.867546296296296,True
1086940,018d9584-24d6-7010-b82b-df1f0b154cc7,DE,2023-12-21 20:26:41,53.99,59.99,10.0,EUR,61,2023-08-03,59.99,EUR,DE,True,False,False,False,False,False,False,140.0,-6.0,-0.1000166694449075,2023-12-21,False,False,13.978113425925926,True
1086940,018d9584-24d6-7010-b82b-df1f0b154cc7,DE,2024-03-14 17:43:43,53.99,59.99,10.0,EUR,61,2023-08-03,59.99,EUR,DE,True,False,False,False,False,False,False,224.0,-6.0,-0.1000166694449075,2024-03-14,False,False,7.003541666666667,True
1086940,018d9584-24d6-7010-b82b-df1f0b154cc7,DE,2024-05-16 17:15:36,50.99,59.99,15.0,EUR,61,2023-08-03,59.99,EUR,DE,True,False,False,False,False,False,False,287.0,-9.0,-0.1500250041673612,2024-05-16,False,False,7.002037037037037,True
1086940,018d9584-24d6-7010-b82b-df1f0b154cc7,DE,2024-06-27 17:59:40,47.99,59.99,20.0,EUR,61,2023-08-03,59.99,EUR,DE,True,False,False,False,False,False,False,329.0,-12.0,-0.200033338889815,2024-06-27,False,False,16.983125,True
1086940,018d9584-24d6-7010-b82b-df1f0b154cc7,DE,2024-09-05 17:18:48,47.99,59.99,20.0,EUR,61,2023-08-03,59.99,EUR,DE,True,False,False,False,False,False,False,399.0,-12.0,-0.200033338889815,2024-09-05,False,False,4.002476851851852,True
1086940,018d9584-24d6-7010-b82b-df1f0b154cc7,DE,2024-11-04 18:17:51,47.99,59.99,20.0,EUR,61,2023-08-03,59.99,EUR,DE,True,False,False,False,False,False,False,459.0,-12.0,-0.200033338889815,2024-11-04,False,False,7.002465277777778,True
1086940,018d9584-24d6-7010-b82b-df1f0b154cc7,DE,2024-11-27 21:02:54,47.99,59.99,20.0,EUR,61,2023-08-03,59.99,EUR,DE,True,False,False,False,False,False,False,482.0,-12.0,-0.200033338889815,2024-11-27,False,False,6.902152777777777,True
1086940,018d9584-24d6-7010-b82b-df1f0b154cc7,DE,2024-12-19 20:29:52,47.99,59.99,20.0,EUR,61,2023-08-03,59.99,EUR,DE,True,False,False,False,False,False,False,504.0,-12.0,-0.200033338889815,2024-12-19,False,False,13.933148148148149,True
1086940,018d9584-24d6-7010-b82b-df1f0b154cc7,DE,2025-02-10 18:29:01,47.99,59.99,20.0,EUR,61,2023-08-03,59.99,EUR,DE,True,False,False,False,False,False,False,557.0,-12.0,-0.200033338889815,2025-02-10,False,False,7.000787037037037,True
1086940,018d9584-24d6-7010-b82b-df1f0b154cc7,DE,2025-03-13 19:24:29,47.99,59.99,20.0,EUR,61,2023-08-03,59.99,EUR,DE,True,False,False,False,False,False,False,588.0,-12.0,-0.200033338889815,2025-03-13,False,False,6.928217592592593,True
1086940,018d9584-24d6-7010-b82b-df1f0b154cc7,DE,2025-04-07 17:17:27,47.99,59.99,20.0,EUR,61,2023-08-03,59.99,EUR,DE,True,False,False,False,False,False,False,613.0,-12.0,-0.200033338889815,2025-04-07,False,False,14.002592592592592,True
1086940,018d9584-24d6-7010-b82b-df1f0b154cc7,DE,2025-05-19 17:47:06,47.99,59.99,20.0,EUR,61,2023-08-03,59.99,EUR,DE,True,False,False,False,False,False,False,655.0,-12.0,-0.200033338889815,2025-05-19,False,False,7.0878125,True
1086940,018d9584-24d6-7010-b82b-df1f0b154cc7,DE,2025-06-26 21:43:43,47.99,59.99,20.0,EUR,61,2023-08-03,59.99,EUR,DE,True,False,False,False,False,False,False,693.0,-12.0,-0.200033338889815,2025-06-26,False,False,13.832060185185185,True
1086940,018d9584-24d6-7010-b82b-df1f0b154cc7,DE,2025-09-01 17:22:26,44.99,59.99,25.0,EUR,61,2023-08-03,59.99,EUR,DE,True,False,False,False,False,False,False,760.0,-15.0,-0.2500416736122687,2025-09-01,False,False,7.000289351851852,True
1086940,018d9584-24d6-7010-b82b-df1f0b154cc7,DE,2025-09-29 20:42:46,44.99,59.99,25.0,EUR,61,2023-08-03,59.99,EUR,DE,True,False,False,False,False,False,False,788.0,-15.0,-0.2500416736122687,2025-09-29,False,False,6.874050925925926,True
1086940,018d9584-24d6-7010-b82b-df1f0b154cc7,FR,2023-12-21 20:26:41,53.99,59.99,10.0,EUR,61,2023-08-03,59.99,EUR,FR,True,False,False,False,False,False,False,140.0,-6.0,-0.1000166694449075,2023-12-21,False,False,13.978113425925926,True
1086940,018d9584-24d6-7010-b82b-df1f0b154cc7,FR,2024-03-14 17:43:43,53.99,59.99,10.0,EUR,61,2023-08-03,59.99,EUR,FR,True,False,False,False,False,False,False,224.0,-6.0,-0.1000166694449075,2024-03-14,False,False,7.003541666666667,True
1086940,018d9584-24d6-7010-b82b-df1f0b154cc7,FR,2024-05-16 17:15:36,50.99,59.99,15.0,EUR,61,2023-08-03,59.99,EUR,FR,True,False,False,False,False,False,False,287.0,-9.0,-0.1500250041673612,2024-05-16,False,False,7.002037037037037,True
1086940,018d9584-24d6-7010-b82b-df1f0b154cc7,FR,2024-06-27 17:59:40,47.99,59.99,20.0,EUR,61,2023-08-03,59.99,EUR,FR,True,False,False,False,False,False,False,329.0,-12.0,-0.200033338889815,2024-06-27,False,False,16.983125,True
1086940,018d9584-24d6-7010-b82b-df1f0b154cc7,FR,2024-09-05 17:18:48,47.99,59.99,20.0,EUR,61,2023-08-03,59.99,EUR,FR,True,False,False,False,False,False,False,399.0,-12.0,-0.200033338889815,2024-09-05,False,False,4.002476851851852,True
1086940,018d9584-24d6-7010-b82b-df1f0b154cc7,FR,2024-11-04 18:17:51,47.99,59.99,20.0,EUR,61,2023-08-03,59.99,EUR,FR,True,False,False,False,False,False,False,459.0,-12.0,-0.200033338889815,2024-11-04,False,False,7.002465277777778,True
1086940,018d9584-24d6-7010-b82b-df1f0b154cc7,FR,2024-11-27 21:02:54,47.99,59.99,20.0,EUR,61,2023-08-03,59.99,EUR,FR,True,False,False,False,False,False,False,482.0,-12.0,-0.200033338889815,2024-11-27,False,False,6.902152777777777,True
1086940,018d9584-24d6-7010-b82b-df1f0b154cc7,FR,2024-12-19 20:29:52,47.99,59.99,20.0,EUR,61,2023-08-03,59.99,EUR,FR,True,False,False,False,False,False,False,504.0,-12.0,-0.200033338889815,2024-12-19,False,False,13.933148148148149,True
1086940,018d9584-24d6-7010-b82b-df1f0b154cc7,FR,2025-02-10 18:29:01,47.99,59.99,20.0,EUR,61,2023-08-03,59.99,EUR,FR,True,False,False,False,False,False,False,557.0,-12.0,-0.200033338889815,2025-02-10,False,False,7.000787037037037,True
1086940,018d9584-24d6-7010-b82b-df1f0b154cc7,FR,2025-03-13 19:24:29,47.99,59.99,20.0,EUR,61,2023-08-03,59.99,EUR,FR,True,False,False,False,False,False,False,588.0,-12.0,-0.200033338889815,2025-03-13,False,False,6.928217592592593,True
1086940,018d9584-24d6-7010-b82b-df1f0b154cc7,FR,2025-04-07 17:17:27,47.99,59.99,20.0,EUR,61,2023-08-03,59.99,EUR,FR,True,False,False,False,False,False,False,613.0,-12.0,-0.200033338889815,2025-04-07,False,False,14.002592592592592,True
1086940,018d9584-24d6-7010-b82b-df1f0b154cc7,FR,2025-05-19 17:47:06,47.99,59.99,20.0,EUR,61,2023-08-03,59.99,EUR,FR,True,False,False,False,False,False,False,655.0,-12.0,-0.200033338889815,2025-05-19,False,False,7.0878125,True
1086940,018d9584-24d6-7010-b82b-df1f0b154cc7,FR,2025-06-26 21:43:43,47.99,59.99,20.0,EUR,61,2023-08-03,59.99,EUR,FR,True,False,False,False,False,False,False,693.0,-12.0,-0.200033338889815,2025-06-26,False,False,13.832060185185185,True
1086940,018d9584-24d6-7010-b82b-df1f0b154cc7,FR,2025-09-01 17:22:26,44.99,59.99,25.0,EUR,61,2023-08-03,59.99,EUR,FR,True,False,False,False,False,False,False,760.0,-15.0,-0.2500416736122687,2025-09-01,False,False,7.000289351851852,True
1086940,018d9584-24d6-7010-b82b-df1f0b154cc7,FR,2025-09-29 20:42:46,44.99,59.99,25.0,EUR,61,2023-08-03,59.99,EUR,FR,True,False,False,False,False,False,False,788.0,-15.0,-0.2500416736122687,2025-09-29,False,False,6.874050925925926,True
1086940,018d9584-24d6-7010-b82b-df1f0b154cc7,GB,2023-12-22 00:11:05,44.99,49.99,10.0,GBP,61,2023-08-03,49.99,GBP,GB,True,False,False,False,False,False,False,141.0,-5.0,-0.10002000400080013,2023-12-22,False,False,13.822152777777777,True
1086940,018d9584-24d6-7010-b82b-df1f0b154cc7,GB,2024-03-14 17:38:07,44.99,49.99,10.0,GBP,61,2023-08-03,49.99,GBP,GB,True,False,False,False,False,False,False,224.0,-5.0,-0.10002000400080013,2024-03-14,False,False,7.005497685185185,True
1086940,018d9584-24d6-7010-b82b-df1f0b154cc7,GB,2024-05-16 17:15:26,42.49,49.99,15.0,GBP,61,2023-08-03,49.99,GBP,GB,True,False,False,False,False,False,False,287.0,-7.5,-0.1500300060012002,2024-05-16,False,False,7.002349537037037,True
1086940,018d9584-24d6-7010-b82b-df1f0b154cc7,GB,2024-06-27 18:02:02,39.99,49.99,20.0,GBP,61,2023-08-03,49.99,GBP,GB,True,False,False,False,False,False,False,329.0,-10.0,-0.20004000800160027,2024-06-27,False,False,16.979664351851852,True
1086940,018d9584-24d6-7010-b82b-df1f0b154cc7,GB,2024-09-05 17:18:42,39.99,49.99,20.0,GBP,61,2023-08-03,49.99,GBP,GB,True,False,False,False,False,False,False,399.0,-10.0,-0.20004000800160027,2024-09-05,False,False,4.000196759259259,True
1086940,018d9584-24d6-7010-b82b-df1f0b154cc7,GB,2024-11-04 18:21:27,39.99,49.99,20.0,GBP,61,2023-08-03,49.99,GBP,GB,True,False,False,False,False,False,False,459.0,-10.0,-0.20004000800160027,2024-11-04,False,False,7.000069444444445,True
1086940,018d9584-24d6-7010-b82b-df1f0b154cc7,GB,2024-11-27 21:03:25,39.99,49.99,20.0,GBP,61,2023-08-03,49.99,GBP,GB,True,False,False,False,False,False,False,482.0,-10.0,-0.20004000800160027,2024-11-27,False,False,6.90255787037037,True
1086940,018d9584-24d6-7010-b82b-df1f0b154cc7,GB,2024-12-19 23:02:37,39.99,49.99,20.0,GBP,61,2023-08-03,49.99,GBP,GB,True,False,False,False,False,False,False,504.0,-10.0,-0.20004000800160027,2024-12-19,False,False,13.827037037037037,True
1086940,018d9584-24d6-7010-b82b-df1f0b154cc7,GB,2025-02-10 18:28:50,39.99,49.99,20.0,GBP,61,2023-08-03,49.99,GBP,GB,True,False,False,False,False,False,False,557.0,-10.0,-0.20004000800160027,2025-02-10,False,False,7.001458333333333,True
1086940,018d9584-24d6-7010-b82b-df1f0b154cc7,GB,2025-03-13 19:24:29,39.99,49.99,20.0,GBP,61,2023-08-03,49.99,GBP,GB,True,False,False,False,False,False,False,588.0,-10.0,-0.20004000800160027,2025-03-13,False,False,6.927974537037037,True
1086940,018d9584-24d6-7010-b82b-df1f0b154cc7,GB,2025-04-07 17:17:27,39.99,49.99,20.0,GBP,61,2023-08-03,49.99,GBP,GB,True,False,False,False,False,False,False,613.0,-10.0,-0.20004000800160027,2025-04-07,False,False,14.000243055555556,True
1086940,018d9584-24d6-7010-b82b-df1f0b154cc7,GB,2025-05-19 17:47:02,39.99,49.99,20.0,GBP,61,2023-08-03,49.99,GBP,GB,True,False,False,False,False,False,False,655.0,-10.0,-0.20004000800160027,2025-05-19,False,False,7.087858796296296,True
1086940,018d9584-24d6-7010-b82b-df1f0b154cc7,GB,2025-06-26 21:43:49,39.99,49.99,20.0,GBP,61,2023-08-03,49.99,GBP,GB,True,False,False,False,False,False,False,693.0,-10.0,-0.20004000800160027,2025-06-26,False,False,13.823414351851852,True
1086940,018d9584-24d6-7010-b82b-df1f0b154cc7,GB,2025-09-01 17:18:03,37.49,49.99,25.0,GBP,61,2023-08-03,49.99,GBP,GB,True,False,False,False,False,False,False,760.0,-12.5,-0.25005001000200044,2025-09-01,False,False,7.007407407407407,True
1086940,018d9584-24d6-7010-b82b-df1f0b154cc7,GB,2025-09-29 20:57:41,37.49,49.99,25.0,GBP,61,2023-08-03,49.99,GBP,GB,True,False,False,False,False,False,False,788.0,-12.5,-0.25005001000200044,2025-09-29,False,False,6.86369212962963,True
1086940,018d9584-24d6-7010-b82b-df1f0b154cc7,JP,2024-12-07 16:12:26,8499.0,8499.0,0.0,JPY,61,2023-08-03,8499.0,JPY,JP,False,False,False,False,False,False,False,492.0,0.0,0.0,2024-12-07,False,False,,False
1086940,018d9584-24d6-7010-b82b-df1f0b154cc7,JP,2024-12-19 23:14:30,6799.0,8499.0,20.0,JPY,61,2023-08-03,8499.0,JPY,JP,True,False,False,False,False,False,False,504.0,-1700.0,-0.20002353218025648,2024-12-19,False,False,13.81642361111111,True
1086940,018d9584-24d6-7010-b82b-df1f0b154cc7,JP,2025-02-10 18:39:06,6799.0,8499.0,20.0,JPY,61,2023-08-03,8499.0,JPY,JP,True,False,False,False,False,False,False,557.0,-1700.0,-0.20002353218025648,2025-02-10,False,False,6.99994212962963,True
1086940,018d9584-24d6-7010-b82b-df1f0b154cc7,JP,2025-03-13 20:10:35,6799.0,8499.0,20.0,JPY,61,2023-08-03,8499.0,JPY,JP,True,False,False,False,False,False,False,588.0,-1700.0,-0.20002353218025648,2025-03-13,False,False,6.899050925925926,True
1086940,018d9584-24d6-7010-b82b-df1f0b154cc7,JP,2025-04-07 17:21:30,6799.0,8499.0,20.0,JPY,61,2023-08-03,8499.0,JPY,JP,True,False,False,False,False,False,False,613.0,-1700.0,-0.20002353218025648,2025-04-07,False,False,14.001956018518518,True
1086940,018d9584-24d6-7010-b82b-df1f0b154cc7,JP,2025-05-19 17:43:51,6799.0,8499.0,20.0,JPY,61,2023-08-03,8499.0,JPY,JP,True,False,False,False,False,False,False,655.0,-1700.0,-0.20002353218025648,2025-05-19,False,False,7.209803240740741,True
1086940,018d9584-24d6-7010-b82b-df1f0b154cc7,JP,2025-06-26 22:08:54,6799.0,8499.0,20.0,JPY,61,2023-08-03,8499.0,JPY,JP,True,False,False,False,False,False,False,693.0,-1700.0,-0.20002353218025648,2025-06-26,False,False,13.820266203703703,True
1086940,018d9584-24d6-7010-b82b-df1f0b154cc7,JP,2025-09-01 17:26:31,6374.0,8499.0,25.0,JPY,61,2023-08-03,8499.0,JPY,JP,True,False,False,False,False,False,False,760.0,-2125.0,-0.25002941522532063,2025-09-01,False,False,7.003368055555556,True
1086940,018d9584-24d6-7010-b82b-df1f0b154cc7,JP,2025-09-29 21:28:48,6374.0,8499.0,25.0,JPY,61,2023-08-03,8499.0,JPY,JP,True,False,False,False,False,False,False,788.0,-2125.0,-0.25002941522532063,2025-09-29,False,False,6.85394675925926,True
1086940,018d9584-24d6-7010-b82b-df1f0b154cc7,PL,2023-12-21 20:26:41,237.55600000000004,263.956,10.0,PLN,61,2023-08-03,249.0,PLN,PL,True,True,True,False,False,False,False,140.0,-11.44399999999996,-0.04595983935742953,2023-12-21,True,True,13.978113425925926,True
1086940,018d9584-24d6-7010-b82b-df1f0b154cc7,PL,2024-03-14 17:43:43,237.55600000000004,263.956,10.0,PLN,61,2023-08-03,249.0,PLN,PL,True,False,False,False,False,False,False,224.0,-11.44399999999996,-0.04595983935742953,2024-03-14,True,True,7.003541666666667,True
1086940,018d9584-24d6-7010-b82b-df1f0b154cc7,PL,2024-05-16 17:15:36,224.35600000000002,263.956,15.0,PLN,61,2023-08-03,249.0,PLN,PL,True,False,False,False,False,False,False,287.0,-24.643999999999977,-0.0989718875502007,2024-05-16,True,True,7.002037037037037,True
1086940,018d9584-24d6-7010-b82b-df1f0b154cc7,PL,2024-06-27 17:59:40,199.34307692307695,249.1892307692308,20.0,PLN,61,2023-08-03,249.0,PLN,PL,True,False,False,False,False,False,False,329.0,-49.65692307692305,-0.1994253938832251,2024-06-27,True,True,16.983125,True
1086940,018d9584-24d6-7010-b82b-df1f0b154cc7,PL,2024-09-05 17:18:48,199.34307692307695,249.1892307692308,20.0,PLN,61,2023-08-03,249.0,PLN,PL,True,False,False,False,False,False,False,399.0,-49.65692307692305,-0.1994253938832251,2024-09-05,True,True,4.002476851851852,True
1086940,018d9584-24d6-7010-b82b-df1f0b154cc7,PL,2024-11-04 18:17:51,199.34307692307695,249.1892307692308,20.0,PLN,61,2023-08-03,249.0,PLN,PL,True,False,False,False,False,False,False,459.0,-49.65692307692305,-0.1994253938832251,2024-11-04,True,True,7.002465277777778,True
1086940,018d9584-24d6-7010-b82b-df1f0b154cc7,PL,2024-11-27 21:02:54,199.34307692307695,249.1892307692308,20.0,PLN,61,2023-08-03,249.0,PLN,PL,True,False,False,False,False,False,False,482.0,-49.65692307692305,-0.1994253938832251,2024-11-27,True,True,6.902152777777777,True
1086940,018d9584-24d6-7010-b82b-df1f0b154cc7,PL,2024-12-19 20:29:52,199.34307692307695,249.1892307692308,20.0,PLN,61,2023-08-03,249.0,PLN,PL,True,False,False,False,False,False,False,504.0,-49.65692307692305,-0.1994253938832251,2024-12-19,True,True,13.933148148148149,True
1086940,018d9584-24d6-7010-b82b-df1f0b154cc7,PL,2025-02-10 18:29:01,199.34307692307695,249.1892307692308,20.0,PLN,61,2023-08-03,249.0,PLN,PL,True,False,False,False,False,False,False,557.0,-49.65692307692305,-0.1994253938832251,2025-02-10,True,True,7.000787037037037,True
1086940,018d9584-24d6-7010-b82b-df1f0b154cc7,PL,2025-03-13 19:24:29,199.34307692307695,249.1892307692308,20.0,PLN,61,2023-08-03,249.0,PLN,PL,True,False,False,False,False,False,False,588.0,-49.65692307692305,-0.1994253938832251,2025-03-13,True,True,6.928217592592593,True
1086940,018d9584-24d6-7010-b82b-df1f0b154cc7,PL,2025-04-07 17:17:27,199.34307692307695,249.1892307692308,20.0,PLN,61,2023-08-03,249.0,PLN,PL,True,False,False,False,False,False,False,613.0,-49.65692307692305,-0.1994253938832251,2025-04-07,True,True,14.002592592592592,True
1086940,018d9584-24d6-7010-b82b-df1f0b154cc7,PL,2025-05-19 17:47:06,199.34307692307695,249.1892307692308,20.0,PLN,61,2023-08-03,249.0,PLN,PL,True,False,False,False,False,False,False,655.0,-49.65692307692305,-0.1994253938832251,2025-05-19,True,True,7.0878125,True
1086940,018d9584-24d6-7010-b82b-df1f0b154cc7,PL,2025-06-26 21:43:43,201.36980392156863,251.72274509803924,20.0,PLN,61,2023-08-03,249.0,PLN,PL,True,False,False,False,False,False,False,693.0,-47.63019607843137,-0.19128592802582878,2025-06-26,True,True,13.832060185185185,True
1086940,018d9584-24d6-7010-b82b-df1f0b154cc7,PL,2025-09-01 17:22:26,188.781568627451,251.72274509803924,25.0,PLN,61,2023-08-03,249.0,PLN,PL,True,False,False,False,False,False,False,760.0,-60.21843137254899,-0.2418410898495943,2025-09-01,True,True,7.000289351851852,True
1086940,018d9584-24d6-7010-b82b-df1f0b154cc7,PL,2025-09-29 20:42:46,188.781568627451,251.72274509803924,25.0,PLN,61,2023-08-03,249.0,PLN,PL,True,False,False,False,False,False,False,788.0,-60.21843137254899,-0.2418410898495943,2025-09-29,True,True,6.874050925925926,True
1086940,018d9584-24d6-7010-b82b-df1f0b154cc7,TR,2023-11-21 15:58:54,35.68215000000001,35.68215000000001,0.0,USD,61,2023-08-03,34.99,USD,TR,False,True,True,False,False,False,False,110.0,0.6921500000000052,0.01978136610460135,2023-11-21,True,True,,False
1086940,018d9584-24d6-7010-b82b-df1f0b154cc7,TR,2023-12-21 20:24:23,32.14015,35.712250000000004,10.0,USD,61,2023-08-03,34.99,USD,TR,True,False,False,False,False,False,False,140.0,-2.8498500000000035,-0.08144755644469859,2023-12-21,True,True,13.97587962962963,True
1086940,018d9584-24d6-7010-b82b-df1f0b154cc7,TR,2024-02-11 06:39:18,34.99,34.99,0.0,USD,61,2023-08-03,34.99,USD,TR,False,True,False,False,False,False,False,192.0,0.0,0.0,2024-02-11,False,False,,False
1086940,018d9584-24d6-7010-b82b-df1f0b154cc7,TR,2024-03-14 17:43:52,31.49,34.99,10.0,USD,61,2023-08-03,34.99,USD,TR,True,False,False,False,False,False,False,224.0,-3.5000000000000036,-0.10002857959416989,2024-03-14,False,False,7.001481481481481,True
1086940,018d9584-24d6-7010-b82b-df1f0b154cc7,TR,2024-05-16 17:18:04,29.74,34.99,15.0,USD,61,2023-08-03,34.99,USD,TR,True,False,False,False,False,False,False,287.0,-5.2500000000000036,-0.15004286939125477,2024-05-16,False,False,6.998506944444444,True
1086940,018d9584-24d6-7010-b82b-df1f0b154cc7,TR,2024-06-27 17:59:37,27.99,34.99,20.0,USD,61,2023-08-03,34.99,USD,TR,True,False,False,False,False,False,False,329.0,-7.0000000000000036,-0.20005715918833966,2024-06-27,False,False,16.98761574074074,True
1086940,018d9584-24d6-7010-b82b-df1f0b154cc7,TR,2024-09-05 17:18:40,27.99,34.99,20.0,USD,61,2023-08-03,34.99,USD,TR,True,False,False,False,False,False,False,399.0,-7.0000000000000036,-0.20005715918833966,2024-09-05,False,False,4.000150462962963,True
1086940,018d9584-24d6-7010-b82b-df1f0b154cc7,TR,2024-11-04 18:17:55,27.99,34.99,20.0,USD,61,2023-08-03,34.99,USD,TR,True,False,False,False,False,False,False,459.0,-7.0000000000000036,-0.20005715918833966,2024-11-04,False,False,7.002523148148148,True
1086940,018d9584-24d6-7010-b82b-df1f0b154cc7,TR,2024-11-27 21:42:48,27.99,34.99,20.0,USD,61,2023-08-03,34.99,USD,TR,True,False,False,False,False,False,False,482.0,-7.0000000000000036,-0.20005715918833966,2024-11-27,False,False,6.87443287037037,True
1086940,018d9584-24d6-7010-b82b-df1f0b154cc7,TR,2024-12-19 21:41:11,27.99,34.99,20.0,USD,61,2023-08-03,34.99,USD,TR,True,False,False,False,False,False,False,504.0,-7.0000000000000036,-0.20005715918833966,2024-12-19,False,False,13.883506944444445,True
1086940,018d9584-24d6-7010-b82b-df1f0b154cc7,TR,2025-02-10 18:33:44,27.99,34.99,20.0,USD,61,2023-08-03,34.99,USD,TR,True,False,False,False,False,False,False,557.0,-7.0000000000000036,-0.20005715918833966,2025-02-10,False,False,6.998136574074074,True
1086940,018d9584-24d6-7010-b82b-df1f0b154cc7,TR,2025-03-13 19:47:27,27.99,34.99,20.0,USD,61,2023-08-03,34.99,USD,TR,True,False,False,False,False,False,False,588.0,-7.0000000000000036,-0.20005715918833966,2025-03-13,False,False,6.912534722222222,True
1086940,018d9584-24d6-7010-b82b-df1f0b154cc7,TR,2025-04-07 17:18:17,27.99,34.99,20.0,USD,61,2023-08-03,34.99,USD,TR,True,False,False,False,False,False,False,613.0,-7.0000000000000036,-0.20005715918833966,2025-04-07,False,False,13.999675925925926,True
1086940,018d9584-24d6-7010-b82b-df1f0b154cc7,TR,2025-05-19 17:47:27,27.99,34.99,20.0,USD,61,2023-08-03,34.99,USD,TR,True,False,False,False,False,False,False,655.0,-7.0000000000000036,-0.20005715918833966,2025-05-19,False,False,7.0693171296296295,True
1086940,018d9584-24d6-7010-b82b-df1f0b154cc7,TR,2025-06-26 21:57:20,27.99,34.99,20.0,USD,61,2023-08-03,34.99,USD,TR,True,False,False,False,False,False,False,693.0,-7.0000000000000036,-0.20005715918833966,2025-06-26,False,False,13.82204861111111,True
1086940,018d9584-24d6-7010-b82b-df1f0b154cc7,TR,2025-09-01 17:18:02,26.24,34.99,25.0,USD,61,2023-08-03,34.99,USD,TR,True,False,False,False,False,False,False,760.0,-8.750000000000004,-0.25007144898542455,2025-09-01,False,False,7.00537037037037,True
1086940,018d9584-24d6-7010-b82b-df1f0b154cc7,TR,2025-09-29 21:02:44,26.24,34.99,25.0,USD,61,2023-08-03,34.99,USD,TR,True,False,False,False,False,False,False,788.0,-8.750000000000004,-0.25007144898542455,2025-09-29,False,False,6.860150462962963,True
1086940,018d9584-24d6-7010-b82b-df1f0b154cc7,US,2023-12-21 20:22:31,53.99,59.99,10.0,USD,61,2023-08-03,59.99,USD,US,True,False,False,False,False,False,False,140.0,-6.0,-0.1000166694449075,2023-12-21,False,False,13.977488425925927,True
1086940,018d9584-24d6-7010-b82b-df1f0b154cc7,US,2024-03-14 17:37:53,53.99,59.99,10.0,USD,61,2023-08-03,59.99,USD,US,True,False,False,False,False,False,False,224.0,-6.0,-0.1000166694449075,2024-03-14,False,False,7.005648148148148,True
1086940,018d9584-24d6-7010-b82b-df1f0b154cc7,US,2024-05-16 17:18:11,50.99,59.99,15.0,USD,61,2023-08-03,59.99,USD,US,True,False,False,False,False,False,False,287.0,-9.0,-0.1500250041673612,2024-05-16,False,False,6.998171296296296,True
1086940,018d9584-24d6-7010-b82b-df1f0b154cc7,US,2024-06-27 17:59:38,47.99,59.99,20.0,USD,61,2023-08-03,59.99,USD,US,True,False,False,False,False,False,False,329.0,-12.0,-0.200033338889815,2024-06-27,False,False,16.981331018518517,True
1086940,018d9584-24d6-7010-b82b-df1f0b154cc7,US,2024-09-05 17:18:42,47.99,59.99,20.0,USD,61,2023-08-03,59.99,USD,US,True,False,False,False,False,False,False,399.0,-12.0,-0.200033338889815,2024-09-05,False,False,4.0024189814814815,True
1086940,018d9584-24d6-7010-b82b-df1f0b154cc7,US,2024-11-04 18:18:01,47.99,59.99,20.0,USD,61,2023-08-03,59.99,USD,US,True,False,False,False,False,False,False,459.0,-12.0,-0.200033338889815,2024-11-04,False,False,7.002465277777778,True
1086940,018d9584-24d6-7010-b82b-df1f0b154cc7,US,2024-11-27 21:03:11,47.99,59.99,20.0,USD,61,2023-08-03,59.99,USD,US,True,False,False,False,False,False,False,482.0,-12.0,-0.200033338889815,2024-11-27,False,False,6.9019560185185185,True
1086940,018d9584-24d6-7010-b82b-df1f0b154cc7,US,2024-12-19 21:27:38,47.99,59.99,20.0,USD,61,2023-08-03,59.99,USD,US,True,False,False,False,False,False,False,504.0,-12.0,-0.200033338889815,2024-12-19,False,False,13.88888888888889,True
1086940,018d9584-24d6-7010-b82b-df1f0b154cc7,US,2025-02-10 18:32:12,47.99,59.99,20.0,USD,61,2023-08-03,59.99,USD,US,True,False,False,False,False,False,False,557.0,-12.0,-0.200033338889815,2025-02-10,False,False,6.998611111111111,True
1086940,018d9584-24d6-7010-b82b-df1f0b154cc7,US,2025-03-13 19:23:51,47.99,59.99,20.0,USD,61,2023-08-03,59.99,USD,US,True,False,False,False,False,False,False,588.0,-12.0,-0.200033338889815,2025-03-13,False,False,6.9288541666666665,True
1086940,018d9584-24d6-7010-b82b-df1f0b154cc7,US,2025-04-07 17:20:08,47.99,59.99,20.0,USD,61,2023-08-03,59.99,USD,US,True,False,False,False,False,False,False,613.0,-12.0,-0.200033338889815,2025-04-07,False,False,13.998738425925925,True
1086940,018d9584-24d6-7010-b82b-df1f0b154cc7,US,2025-05-19 17:42:20,47.99,59.99,20.0,USD,61,2023-08-03,59.99,USD,US,True,False,False,False,False,False,False,655.0,-12.0,-0.200033338889815,2025-05-19,False,False,7.072939814814815,True
1086940,018d9584-24d6-7010-b82b-df1f0b154cc7,US,2025-06-26 21:43:10,47.99,59.99,20.0,USD,61,2023-08-03,59.99,USD,US,True,False,False,False,False,False,False,693.0,-12.0,-0.200033338889815,2025-06-26,False,False,13.832372685185184,True
1086940,018d9584-24d6-7010-b82b-df1f0b154cc7,US,2025-09-01 17:22:15,44.99,59.99,25.0,USD,61,2023-08-03,59.99,USD,US,True,False,False,False,False,False,False,760.0,-15.0,-0.2500416736122687,2025-09-01,False,False,7.0001851851851855,True
1086940,018d9584-24d6-7010-b82b-df1f0b154cc7,US,2025-09-29 21:03:02,44.99,59.99,25.0,USD,61,2023-08-03,59.99,USD,US,True,False,False,False,False,False,False,788.0,-15.0,-0.2500416736122687,2025-09-29,False,False,6.860069444444444,True
1091500,018d937f-2997-7131-b8b9-7c8af4825fa8,AR,2021-02-11 18:57:13,53.99,59.99,10.0,USD,61,2020-12-09,44.99,USD,AR,True,False,False,False,False,False,False,64.0,9.0,0.20004445432318296,2021-02-11,False,False,3.9799884259259257,True
1091500,018d937f-2997-7131-b8b9-7c8af4825fa8,AR,2021-03-22 17:21:03,47.99,59.99,20.0,USD,61,2020-12-09,44.99,USD,AR,True,False,False,False,False,False,False,103.0,3.0,0.0666814847743944,2021-03-22,False,False,13.999849537037036,True
1091500,018d937f-2997-7131-b8b9-7c8af4825fa8,AR,2021-05-18 17:18:11,47.99,59.99,20.0,USD,61,2020-12-09,44.99,USD,AR,True,False,False,False,False,False,False,160.0,3.0,0.0666814847743944,2021-05-18,False,False,13.00675925925926,True
1091500,018d937f-2997-7131-b8b9-7c8af4825fa8,AR,2021-06-26 12:23:39,40.19,59.99,33.0,USD,61,2020-12-09,44.99,USD,AR,True,False,False,False,False,False,False,199.0,-4.800000000000004,-0.10669037563903094,2021-06-26,False,False,12.299212962962963,True
1091500,018d937f-2997-7131-b8b9-7c8af4825fa8,AR,2021-08-23 17:13:11,40.19,59.99,33.0,USD,61,2020-12-09,44.99,USD,AR,True,False,False,False,False,False,False,257.0,-4.800000000000004,-0.10669037563903094,2021-08-23,False,False,14.006956018518519,True
1091500,018d937f-2997-7131-b8b9-7c8af4825fa8,AR,2021-10-22 17:24:28,40.19,59.99,33.0,USD,61,2020-12-09,44.99,USD,AR,True,False,False,False,False,False,False,317.0,-4.800000000000004,-0.10669037563903094,2021-10-22,False,False,1.9968055555555555,True
1091500,018d937f-2997-7131-b8b9-7c8af4825fa8,AR,2021-10-28 18:58:40,40.19,59.99,33.0,USD,61,2020-12-09,44.99,USD,AR,True,False,False,False,False,False,False,323.0,-4.800000000000004,-0.10669037563903094,2021-10-28,False,False,4.050127314814815,True
1091500,018d937f-2997-7131-b8b9-7c8af4825fa8,AR,2021-11-24 21:33:41,29.99,59.99,50.0,USD,61,2020-12-09,44.99,USD,AR,True,False,False,False,False,False,False,350.0,-15.000000000000004,-0.33340742387197164,2021-11-24,False,False,6.935960648148148,True
1091500,018d937f-2997-7131-b8b9-7c8af4825fa8,AR,2021-12-09 00:18:13,29.99,59.99,50.0,USD,61,2020-12-09,44.99,USD,AR,True,False,False,False,False,False,False,365.0,-15.000000000000004,-0.33340742387197164,2021-12-09,False,False,4.744560185185185,True
1091500,018d937f-2997-7131-b8b9-7c8af4825fa8,AR,2021-12-23 00:06:18,29.99,59.99,50.0,USD,61,2020-12-09,44.99,USD,AR,True,False,False,False,False,False,False,379.0,-15.000000000000004,-0.33340742387197164,2021-12-23,False,False,13.852534722222222,True
1091500,018d937f-2997-7131-b8b9-7c8af4825fa8,AR,2022-01-27 18:06:48,29.99,59.99,50.0,USD,61,2020-12-09,44.99,USD,AR,True,False,False,False,False,False,False,414.0,-15.000000000000004,-0.33340742387197164,2022-01-27,False,False,7.0005902777777775,True
1091500,018d937f-2997-7131-b8b9-7c8af4825fa8,AR,2022-02-15 18:38:12,29.99,59.99,50.0,USD,61,2020-12-09,44.99,USD,AR,True,False,False,False,False,False,False,433.0,-15.000000000000004,-0.33340742387197164,2022-02-15,False,False,13.98369212962963,True
1091500,018d937f-2997-7131-b8b9-7c8af4825fa8,AR,2022-04-18 17:20:22,29.99,59.99,50.0,USD,61,2020-12-09,44.99,USD,AR,True,False,False,False,False,False,False,495.0,-15.000000000000004,-0.33340742387197164,2022-04-18,False,False,13.991678240740741,True
1091500,018d937f-2997-7131-b8b9-7c8af4825fa8,AR,2022-06-10 17:18:53,29.99,59.99,50.0,USD,61,2020-12-09,44.99,USD,AR,True,False,False,False,False,False,False,548.0,-15.000000000000004,-0.33340742387197164,2022-06-10,False,False,2.992349537037037,True
1091500,018d937f-2997-7131-b8b9-7c8af4825fa8,AR,2022-06-23 22:43:53,29.99,59.99,50.0,USD,61,2020-12-09,44.99,USD,AR,True,False,False,False,False,False,False,561.0,-15.000000000000004,-0.33340742387197164,2022-06-23,False,False,13.869444444444444,True
1091500,018d937f-2997-7131-b8b9-7c8af4825fa8,AR,2022-08-08 17:10:56,29.99,59.99,50.0,USD,61,2020-12-09,44.99,USD,AR,True,False,False,False,False,False,False,607.0,-15.000000000000004,-0.33340742387197164,2022-08-08,False,False,4.005486111111111,True
1091500,018d937f-2997-7131-b8b9-7c8af4825fa8,AR,2022-09-12 17:13:35,29.99,59.99,50.0,USD,61,2020-12-09,44.99,USD,AR,True,False,False,False,False,False,False,642.0,-15.000000000000004,-0.33340742387197164,2022-09-12,False,False,13.003391203703703,True
1091500,018d937f-2997-7131-b8b9-7c8af4825fa8,AR,2022-10-28 17:18:44,29.99,59.99,50.0,USD,61,2020-12-09,44.99,USD,AR,True,False,False,False,False,False,False,688.0,-15.000000000000004,-0.33340742387197164,2022-10-28,False,False,4.006122685185185,True
1091500,018d937f-2997-7131-b8b9-7c8af4825fa8,AR,2022-11-22 22:46:10,29.99,59.99,50.0,USD,61,2020-12-09,44.99,USD,AR,True,False,False,False,False,False,False,713.0,-15.000000000000004,-0.33340742387197164,2022-11-22,False,False,6.896898148148148,True
1091500,018d937f-2997-7131-b8b9-7c8af4825fa8,AR,2022-12-08 18:28:48,29.99,59.99,50.0,USD,61,2020-12-09,44.99,USD,AR,True,False,False,False,False,False,False,729.0,-15.000000000000004,-0.33340742387197164,2022-12-08,False,False,4.098391203703704,True
1091500,018d937f-2997-7131-b8b9-7c8af4825fa8,AR,2022-12-22 23:26:44,29.99,59.99,50.0,USD,61,2020-12-09,44.99,USD,AR,True,False,False,False,False,False,False,743.0,-15.000000000000004,-0.33340742387197164,2022-12-22,False,False,13.949733796296297,True
1091500,018d937f-2997-7131-b8b9-7c8af4825fa8,AR,2023-01-16 18:19:20,29.99,59.99,50.0,USD,61,2020-12-09,44.99,USD,AR,True,False,False,False,False,False,False,768.0,-15.000000000000004,-0.33340742387197164,2023-01-16,False,False,7.003101851851852,True
1091500,018d937f-2997-7131-b8b9-7c8af4825fa8,AR,2023-03-16 18:45:36,29.99,59.99,50.0,USD,61,2020-12-09,44.99,USD,AR,True,False,False,False,False,False,False,827.0,-15.000000000000004,-0.33340742387197164,2023-03-16,False,False,7.043819444444445,True
1091500,018d937f-2997-7131-b8b9-7c8af4825fa8,AR,2023-04-12 17:28:33,29.99,59.99,50.0,USD,61,2020-12-09,44.99,USD,AR,True,False,False,False,False,False,False,854.0,-15.000000000000004,-0.33340742387197164,2023-04-12,False,False,10.993506944444444,True
1091500,018d937f-2997-7131-b8b9-7c8af4825fa8,AR,2023-06-11 17:03:22,29.99,59.99,50.0,USD,61,2020-12-09,44.99,USD,AR,True,False,False,False,False,False,False,914.0,-15.000000000000004,-0.33340742387197164,2023-06-11,False,False,7.006215277777778,True
1091500,018d937f-2997-7131-b8b9-7c8af4825fa8,AR,2023-06-29 19:36:29,29.99,59.99,50.0,USD,61,2020-12-09,44.99,USD,AR,True,False,False,False,False,False,False,932.0,-15.000000000000004,-0.33340742387197164,2023-06-29,False,False,13.988483796296297,True
1091500,018d937f-2997-7131-b8b9-7c8af4825fa8,AR,2023-08-14 17:25:53,29.99,59.99,50.0,USD,61,2020-12-09,44.99,USD,AR,True,False,False,False,False,False,False,978.0,-15.000000000000004,-0.33340742387197164,2023-08-14,False,False,7.012546296296296,True
1091500,018d937f-2997-7131-b8b9-7c8af4825fa8,AR,2023-09-20 17:18:59,35.99,59.99,40.0,USD,61,2020-12-09,44.99,USD,AR,True,False,False,False,False,False,False,1015.0,-9.0,-0.20004445432318296,2023-09-20,False,False,10.999988425925926,True
1091500,018d937f-2997-7131-b8b9-7c8af4825fa8,AR,2023-10-31 17:19:36,35.99,59.99,40.0,USD,61,2020-12-09,44.99,USD,AR,True,False,False,False,False,False,False,1056.0,-9.0,-0.20004445432318296,2023-10-31,False,False,4.999236111111111,True
1091500,018d937f-2997-7131-b8b9-7c8af4825fa8,AR,2023-11-21 19:59:14,29.99,59.99,50.0,USD,61,2020-12-09,44.99,USD,AR,True,False,False,False,False,False,False,1077.0,-15.000000000000004,-0.33340742387197164,2023-11-21,False,False,7.005543981481481,True
1091500,018d937f-2997-7131-b8b9-7c8af4825fa8,AR,2023-12-05 18:19:19,29.99,59.99,50.0,USD,61,2020-12-09,44.99,USD,AR,True,False,False,False,False,False,False,1091.0,-15.000000000000004,-0.33340742387197164,2023-12-05,False,False,7.001168981481482,True
1091500,018d937f-2997-7131-b8b9-7c8af4825fa8,AR,2023-12-21 20:23:10,29.99,59.99,50.0,USD,61,2020-12-09,44.99,USD,AR,True,False,False,False,False,False,False,1107.0,-15.000000000000004,-0.33340742387197164,2023-12-21,False,False,13.97738425925926,True
1091500,018d937f-2997-7131-b8b9-7c8af4825fa8,AR,2024-02-08 18:39:27,29.99,59.99,50.0,USD,61,2020-12-09,44.99,USD,AR,True,False,False,False,False,False,False,1156.0,-15.000000000000004,-0.33340742387197164,2024-02-08,False,False,9.983298611111111,True
1091500,018d937f-2997-7131-b8b9-7c8af4825fa8,AR,2024-03-14 17:38:01,29.99,59.99,50.0,USD,61,2020-12-09,44.99,USD,AR,True,False,False,False,False,False,False,1191.0,-15.000000000000004,-0.33340742387197164,2024-03-14,False,False,7.0055555555555555,True
1091500,018d937f-2997-7131-b8b9-7c8af4825fa8,AR,2024-03-28 17:18:31,29.99,59.99,50.0,USD,61,2020-12-09,44.99,USD,AR,True,False,False,False,False,False,False,1205.0,-15.000000000000004,-0.33340742387197164,2024-03-28,False,False,9.999710648148149,True
1091500,018d937f-2997-7131-b8b9-7c8af4825fa8,AR,2024-05-16 17:18:14,29.99,59.99,50.0,USD,61,2020-12-09,44.99,USD,AR,True,False,False,False,False,False,False,1254.0,-15.000000000000004,-0.33340742387197164,2024-05-16,False,False,10.00025462962963,True
1091500,018d937f-2997-7131-b8b9-7c8af4825fa8,AR,2024-06-27 17:59:56,29.99,59.99,50.0,USD,61,2020-12-09,44.99,USD,AR,True,False,False,False,False,False,False,1296.0,-15.000000000000004,-0.33340742387197164,2024-06-27,False,False,16.933564814814815,True
1091500,018d937f-2997-7131-b8b9-7c8af4825fa8,AR,2024-08-12 17:17:32,29.99,59.99,50.0,USD,61,2020-12-09,44.99,USD,AR,True,False,False,False,False,False,False,1342.0,-15.000000000000004,-0.33340742387197164,2024-08-12,False,False,6.999907407407408,True
1091500,018d937f-2997-7131-b8b9-7c8af4825fa8,AR,2024-09-19 17:19:04,29.99,59.99,50.0,USD,61,2020-12-09,44.99,USD,AR,True,False,False,False,False,False,False,1380.0,-15.000000000000004,-0.33340742387197164,2024-09-19,False,False,9.999780092592593,True
1091500,018d937f-2997-7131-b8b9-7c8af4825fa8,AR,2024-10-29 18:18:04,29.99,59.99,50.0,USD,61,2020-12-09,44.99,USD,AR,True,False,False,False,False,False,False,1420.0,-15.000000000000004,-0.33340742387197164,2024-10-29,False,False,11.998275462962964,True
1091500,018d937f-2997-7131-b8b9-7c8af4825fa8,AR,2024-11-27 21:02:49,26.99,59.99,55.0,USD,61,2020-12-09,44.99,USD,AR,True,False,False,False,False,False,False,1449.0,-18.000000000000004,-0.4000889086463659,2024-11-27,False,False,6.9064351851851855,True
1091500,018d937f-2997-7131-b8b9-7c8af4825fa8,AR,2024-12-10 18:15:29,26.99,59.99,55.0,USD,61,2020-12-09,44.99,USD,AR,True,False,False,False,False,False,False,1462.0,-18.000000000000004,-0.4000889086463659,2024-12-10,False,False,8.000497685185184,True
1091500,018d937f-2997-7131-b8b9-7c8af4825fa8,AR,2024-12-19 23:02:28,26.99,59.99,55.0,USD,61,2020-12-09,44.99,USD,AR,True,False,False,False,False,False,False,1471.0,-18.000000000000004,-0.4000889086463659,2024-12-19,False,False,13.823032407407407,True
1091500,018d937f-2997-7131-b8b9-7c8af4825fa8,AR,2025-01-24 18:18:32,26.99,59.99,55.0,USD,61,2020-12-09,44.99,USD,AR,True,False,False,False,False,False,False,1507.0,-18.000000000000004,-0.4000889086463659,2025-01-24,False,False,8.999988425925926,True
1091500,018d937f-2997-7131-b8b9-7c8af4825fa8,AR,2025-03-13 18:54:13,23.99,59.99,60.0,USD,61,2020-12-09,44.99,USD,AR,True,False,False,False,False,False,False,1555.0,-21.000000000000004,-0.4667703934207602,2025-03-13,False,False,13.932650462962963,True
1091500,018d937f-2997-7131-b8b9-7c8af4825fa8,AR,2025-05-15 17:15:58,23.99,59.99,60.0,USD,61,2020-12-09,44.99,USD,AR,True,False,False,False,False,False,False,1618.0,-21.000000000000004,-0.4667703934207602,2025-05-15,False,False,10.002268518518518,True
1091500,018d937f-2997-7131-b8b9-7c8af4825fa8,AR,2025-06-26 21:44:28,20.99,59.99,65.0,USD,61,2020-12-09,44.99,USD,AR,True,False,False,False,False,False,False,1660.0,-24.000000000000004,-0.5334518781951545,2025-06-26,False,False,13.839270833333334,True
1091500,018d937f-2997-7131-b8b9-7c8af4825fa8,AR,2025-08-04 17:23:09,20.99,59.99,65.0,USD,61,2020-12-09,44.99,USD,AR,True,False,False,False,False,False,False,1699.0,-24.000000000000004,-0.5334518781951545,2025-08-04,False,False,12.994537037037038,True
1091500,018d937f-2997-7131-b8b9-7c8af4825fa8,AR,2025-09-18 17:31:08,20.99,59.99,65.0,USD,61,2020-12-09,44.99,USD,AR,True,False,False,False,False,False,False,1744.0,-24.000000000000004,-0.5334518781951545,2025-09-18,False,False,9.989340277777778,True
1091500,018d937f-2997-7131-b8b9-7c8af4825fa8,AR,2025-09-29 21:07:55,20.99,59.99,65.0,USD,61,2020-12-09,44.99,USD,AR,True,False,False,False,False,False,False,1755.0,-24.000000000000004,-0.5334518781951545,2025-09-29,False,False,6.856689814814815,True
1091500,018d937f-2997-7131-b8b9-7c8af4825fa8,AU,2021-02-11 18:58:28,80.95,89.95,10.0,AUD,61,2020-12-09,89.95,AUD,AU,True,False,False,False,False,False,False,64.0,-9.0,-0.10005558643690937,2021-02-11,False,False,3.9784375,True
1091500,018d937f-2997-7131-b8b9-7c8af4825fa8,AU,2021-03-22 17:21:10,71.96,89.95,20.0,AUD,61,2020-12-09,89.95,AUD,AU,True,False,False,False,False,False,False,103.0,-17.99000000000001,-0.20000000000000007,2021-03-22,False,False,13.999803240740741,True
1091500,018d937f-2997-7131-b8b9-7c8af4825fa8,AU,2021-05-18 17:18:12,71.96,89.95,20.0,AUD,61,2020-12-09,89.95,AUD,AU,True,False,False,False,False,False,False,160.0,-17.99000000000001,-0.20000000000000007,2021-05-18,False,False,13.006921296296296,True
1091500,018d937f-2997-7131-b8b9-7c8af4825fa8,AU,2021-06-26 12:23:36,60.26,89.95,33.0,AUD,61,2020-12-09,89.95,AUD,AU,True,False,False,False,False,False,False,199.0,-29.690000000000005,-0.33007226236798226,2021-06-26,False,False,12.344305555555556,True
1091500,018d937f-2997-7131-b8b9-7c8af4825fa8,AU,2021-08-23 17:19:40,60.26,89.95,33.0,AUD,61,2020-12-09,89.95,AUD,AU,True,False,False,False,False,False,False,257.0,-29.690000000000005,-0.33007226236798226,2021-08-23,False,False,13.991006944444445,True
1091500,018d937f-2997-7131-b8b9-7c8af4825fa8,AU,2021-10-22 17:24:14,60.26,89.95,33.0,AUD,61,2020-12-09,89.95,AUD,AU,True,False,False,False,False,False,False,317.0,-29.690000000000005,-0.33007226236798226,2021-10-22,False,False,1.9888194444444445,True
1091500,018d937f-2997-7131-b8b9-7c8af4825fa8,AU,2021-10-28 18:57:33,60.26,89.95,33.0,AUD,61,2020-12-09,89.95,AUD,AU,True,False,False,False,False,False,False,323.0,-29.690000000000005,-0.33007226236798226,2021-10-28,False,False,4.044930555555555,True
1091500,018d937f-2997-7131-b8b9-7c8af4825fa8,AU,2021-11-24 21:36:43,44.97,89.95,50.0,AUD,61,2020-12-09,89.95,AUD,AU,True,False,False,False,False,False,False,350.0,-44.980000000000004,-0.5000555864369094,2021-11-24,False,False,6.931307870370371,True
1091500,018d937f-2997-7131-b8b9-7c8af4825fa8,AU,2021-12-08 18:51:21,44.97,89.95,50.0,AUD,61,2020-12-09,89.95,AUD,AU,True,False,False,False,False,False,False,364.0,-44.980000000000004,-0.5000555864369094,2021-12-08,False,False,4.966840277777778,True
1091500,018d937f-2997-7131-b8b9-7c8af4825fa8,AU,2021-12-22 23:22:37,44.97,89.95,50.0,AUD,61,2020-12-09,89.95,AUD,AU,True,False,False,False,False,False,False,378.0,-44.980000000000004,-0.5000555864369094,2021-12-22,False,False,13.883287037037038,True
1091500,018d937f-2997-7131-b8b9-7c8af4825fa8,AU,2022-01-27 19:55:59,44.97,89.95,50.0,AUD,61,2020-12-09,89.95,AUD,AU,True,False,False,False,False,False,False,414.0,-44.980000000000004,-0.5000555864369094,2022-01-27,False,False,7.0052662037037035,True
1091500,018d937f-2997-7131-b8b9-7c8af4825fa8,AU,2022-02-15 18:12:14,44.97,89.95,50.0,AUD,61,2020-12-09,89.95,AUD,AU,True,False,False,False,False,False,False,433.0,-44.980000000000004,-0.5000555864369094,2022-02-15,False,False,14.001712962962962,True
1091500,018d937f-2997-7131-b8b9-7c8af4825fa8,AU,2022-04-18 17:20:41,44.97,89.95,50.0,AUD,61,2020-12-09,89.95,AUD,AU,True,False,False,False,False,False,False,495.0,-44.980000000000004,-0.5000555864369094,2022-04-18,False,False,14.012037037037038,True
1091500,018d937f-2997-7131-b8b9-7c8af4825fa8,AU,2022-06-10 17:03:19,44.97,89.95,50.0,AUD,61,2020-12-09,89.95,AUD,AU,True,False,False,False,False,False,False,548.0,-44.980000000000004,-0.5000555864369094,2022-06-10,False,False,3.0127662037037037,True
1091500,018d937f-2997-7131-b8b9-7c8af4825fa8,AU,2022-06-23 23:55:16,44.97,89.95,50.0,AUD,61,2020-12-09,89.95,AUD,AU,True,False,False,False,False,False,False,561.0,-44.980000000000004,-0.5000555864369094,2022-06-23,False,False,13.817256944444445,True
1091500,018d937f-2997-7131-b8b9-7c8af4825fa8,AU,2022-08-08 17:10:56,44.97,89.95,50.0,AUD,61,2020-12-09,89.95,AUD,AU,True,False,False,False,False,False,False,607.0,-44.980000000000004,-0.5000555864369094,2022-08-08,False,False,3.9968171296296298,True
1091500,018d937f-2997-7131-b8b9-7c8af4825fa8,AU,2022-09-12 17:19:02,44.97,89.95,50.0,AUD,61,2020-12-09,89.95,AUD,AU,True,False,False,False,False,False,False,642.0,-44.980000000000004,-0.5000555864369094,2022-09-12,False,False,12.997430555555555,True
1091500,018d937f-2997-7131-b8b9-7c8af4825fa8,AU,2022-10-28 17:18:51,44.97,89.95,50.0,AUD,61,2020-12-09,89.95,AUD,AU,True,False,False,False,False,False,False,688.0,-44.980000000000004,-0.5000555864369094,2022-10-28,False,False,4.006157407407407,True
1091500,018d937f-2997-7131-b8b9-7c8af4825fa8,AU,2022-11-22 19:51:07,44.97,89.95,50.0,AUD,61,2020-12-09,89.95,AUD,AU,True,False,False,False,False,False,False,713.0,-44.980000000000004,-0.5000555864369094,2022-11-22,False,False,7.015046296296297,True
1091500,018d937f-2997-7131-b8b9-7c8af4825fa8,AU,2022-12-08 18:29:38,44.97,89.95,50.0,AUD,61,2020-12-09,89.95,AUD,AU,True,False,False,False,False,False,False,729.0,-44.980000000000004,-0.5000555864369094,2022-12-08,False,False,4.016990740740741,True
1091500,018d937f-2997-7131-b8b9-7c8af4825fa8,AU,2022-12-22 19:42:52,44.97,89.95,50.0,AUD,61,2020-12-09,89.95,AUD,AU,True,False,False,False,False,False,False,743.0,-44.980000000000004,-0.5000555864369094,2022-12-22,False,False,13.99986111111111,True
1091500,018d937f-2997-7131-b8b9-7c8af4825fa8,AU,2023-01-16 18:19:19,44.97,89.95,50.0,AUD,61,2020-12-09,89.95,AUD,AU,True,False,False,False,False,False,False,768.0,-44.980000000000004,-0.5000555864369094,2023-01-16,False,False,7.029351851851852,True
1091500,018d937f-2997-7131-b8b9-7c8af4825fa8,AU,2023-03-16 18:36:38,44.97,89.95,50.0,AUD,61,2020-12-09,89.95,AUD,AU,True,False,False,False,False,False,False,827.0,-44.980000000000004,-0.5000555864369094,2023-03-16,False,False,6.9609143518518515,True
1091500,018d937f-2997-7131-b8b9-7c8af4825fa8,AU,2023-04-12 17:29:23,44.97,89.95,50.0,AUD,61,2020-12-09,89.95,AUD,AU,True,False,False,False,False,False,False,854.0,-44.980000000000004,-0.5000555864369094,2023-04-12,False,False,10.98818287037037,True
1091500,018d937f-2997-7131-b8b9-7c8af4825fa8,AU,2023-06-11 17:19:08,44.97,89.95,50.0,AUD,61,2020-12-09,89.95,AUD,AU,True,False,False,False,False,False,False,914.0,-44.980000000000004,-0.5000555864369094,2023-06-11,False,False,32.08063657407408,True
1091500,018d937f-2997-7131-b8b9-7c8af4825fa8,AU,2023-08-14 17:19:37,44.97,89.95,50.0,AUD,61,2020-12-09,89.95,AUD,AU,True,False,False,False,False,False,False,978.0,-44.980000000000004,-0.5000555864369094,2023-08-14,False,False,7.006087962962963,True
1091500,018d937f-2997-7131-b8b9-7c8af4825fa8,AU,2023-09-20 17:19:13,53.97,89.95,40.0,AUD,61,2020-12-09,89.95,AUD,AU,True,False,False,False,False,False,False,1015.0,-35.980000000000004,-0.4,2023-09-20,False,False,10.988935185185186,True
1091500,018d937f-2997-7131-b8b9-7c8af4825fa8,AU,2023-10-31 17:19:40,53.97,89.95,40.0,AUD,61,2020-12-09,89.95,AUD,AU,True,False,False,False,False,False,False,1056.0,-35.980000000000004,-0.4,2023-10-31,False,False,4.999212962962963,True
1091500,018d937f-2997-7131-b8b9-7c8af4825fa8,AU,2023-11-21 20:02:35,44.97,89.95,50.0,AUD,61,2020-12-09,89.95,AUD,AU,True,False,False,False,False,False,False,1077.0,-44.980000000000004,-0.5000555864369094,2023-11-21,False,False,7.006863425925926,True
1091500,018d937f-2997-7131-b8b9-7c8af4825fa8,AU,2023-12-05 18:19:28,44.97,89.95,50.0,AUD,61,2020-12-09,89.95,AUD,AU,True,False,False,False,False,False,False,1091.0,-44.980000000000004,-0.5000555864369094,2023-12-05,False,False,7.0009143518518515,True
1091500,018d937f-2997-7131-b8b9-7c8af4825fa8,AU,2023-12-21 20:23:39,44.97,89.95,50.0,AUD,61,2020-12-09,89.95,AUD,AU,True,False,False,False,False,False,False,1107.0,-44.980000000000004,-0.5000555864369094,2023-12-21,False,False,13.982685185185185,True
1091500,018d937f-2997-7131-b8b9-7c8af4825fa8,AU,2024-02-08 18:49:44,44.97,89.95,50.0,AUD,61,2020-12-09,89.95,AUD,AU,True,False,False,False,False,False,False,1156.0,-44.980000000000004,-0.5000555864369094,2024-02-08,False,False,9.978310185185185,True
1091500,018d937f-2997-7131-b8b9-7c8af4825fa8,AU,2024-03-14 17:43:40,44.97,89.95,50.0,AUD,61,2020-12-09,89.95,AUD,AU,True,False,False,False,False,False,False,1191.0,-44.980000000000004,-0.5000555864369094,2024-03-14,False,False,7.0014467592592595,True
1091500,018d937f-2997-7131-b8b9-7c8af4825fa8,AU,2024-03-28 17:15:41,44.97,89.95,50.0,AUD,61,2020-12-09,89.95,AUD,AU,True,False,False,False,False,False,False,1205.0,-44.980000000000004,-0.5000555864369094,2024-03-28,False,False,9.999872685185185,True
1091500,018d937f-2997-7131-b8b9-7c8af4825fa8,AU,2024-05-16 17:18:21,44.97,89.95,50.0,AUD,61,2020-12-09,89.95,AUD,AU,True,False,False,False,False,False,False,1254.0,-44.980000000000004,-0.5000555864369094,2024-05-16,False,False,9.99994212962963,True
1091500,018d937f-2997-7131-b8b9-7c8af4825fa8,AU,2024-06-27 18:00:06,44.97,89.95,50.0,AUD,61,2020-12-09,89.95,AUD,AU,True,False,False,False,False,False,False,1296.0,-44.980000000000004,-0.5000555864369094,2024-06-27,False,False,16.933483796296297,True
1091500,018d937f-2997-7131-b8b9-7c8af4825fa8,AU,2024-08-12 17:20:09,44.97,89.95,50.0,AUD,61,2020-12-09,89.95,AUD,AU,True,False,False,False,False,False,False,1342.0,-44.980000000000004,-0.5000555864369094,2024-08-12,False,False,6.998090277777778,True
1091500,018d937f-2997-7131-b8b9-7c8af4825fa8,AU,2024-09-19 17:18:51,44.97,89.95,50.0,AUD,61,2020-12-09,89.95,AUD,AU,True,False,False,False,False,False,False,1380.0,-44.980000000000004,-0.5000555864369094,2024-09-19,False,False,9.997708333333334,True
1091500,018d937f-2997-7131-b8b9-7c8af4825fa8,AU,2024-10-29 18:15:25,44.97,89.95,50.0,AUD,61,2020-12-09,89.95,AUD,AU,True,False,False,False,False,False,False,1420.0,-44.980000000000004,-0.5000555864369094,2024-10-29,False,False,12.000034722222223,True
1091500,018d937f-2997-7131-b8b9-7c8af4825fa8,AU,2024-11-27 21:28:20,40.47,89.95,55.0,AUD,61,2020-12-09,89.95,AUD,AU,True,False,False,False,False,False,False,1449.0,-49.480000000000004,-0.5500833796553641,2024-11-27,False,False,6.888726851851852,True
1091500,018d937f-2997-7131-b8b9-7c8af4825fa8,AU,2024-12-10 18:18:36,40.47,89.95,55.0,AUD,61,2020-12-09,89.95,AUD,AU,True,False,False,False,False,False,False,1462.0,-49.480000000000004,-0.5500833796553641,2024-12-10,False,False,8.001006944444445,True
1091500,018d937f-2997-7131-b8b9-7c8af4825fa8,AU,2024-12-19 20:38:20,40.47,89.95,55.0,AUD,61,2020-12-09,89.95,AUD,AU,True,False,False,False,False,False,False,1471.0,-49.480000000000004,-0.5500833796553641,2024-12-19,False,False,13.923113425925926,True
1091500,018d937f-2997-7131-b8b9-7c8af4825fa8,AU,2025-01-24 18:18:50,40.47,89.95,55.0,AUD,61,2020-12-09,89.95,AUD,AU,True,False,False,False,False,False,False,1507.0,-49.480000000000004,-0.5500833796553641,2025-01-24,False,False,8.999780092592593,True
1091500,018d937f-2997-7131-b8b9-7c8af4825fa8,AU,2025-03-13 19:20:09,35.98,89.95,60.0,AUD,61,2020-12-09,89.95,AUD,AU,True,False,False,False,False,False,False,1555.0,-53.970000000000006,-0.6000000000000001,2025-03-13,False,False,13.915960648148149,True
1091500,018d937f-2997-7131-b8b9-7c8af4825fa8,AU,2025-05-15 17:18:55,35.98,89.95,60.0,AUD,61,2020-12-09,89.95,AUD,AU,True,False,False,False,False,False,False,1618.0,-53.970000000000006,-0.6000000000000001,2025-05-15,False,False,10.000092592592592,True
1091500,018d937f-2997-7131-b8b9-7c8af4825fa8,AU,2025-06-26 21:42:34,31.48,89.95,65.0,AUD,61,2020-12-09,89.95,AUD,AU,True,False,False,False,False,False,False,1660.0,-58.47,-0.6500277932184547,2025-06-26,False,False,13.837291666666667,True
1091500,018d937f-2997-7131-b8b9-7c8af4825fa8,AU,2025-08-04 17:23:37,31.48,89.95,65.0,AUD,61,2020-12-09,89.95,AUD,AU,True,False,False,False,False,False,False,1699.0,-58.47,-0.6500277932184547,2025-08-04,False,False,12.994340277777777,True
1091500,018d937f-2997-7131-b8b9-7c8af4825fa8,AU,2025-09-18 17:31:56,31.48,89.95,65.0,AUD,61,2020-12-09,89.95,AUD,AU,True,False,False,False,False,False,False,1744.0,-58.47,-0.6500277932184547,2025-09-18,False,False,9.99056712962963,True
1091500,018d937f-2997-7131-b8b9-7c8af4825fa8,AU,2025-09-29 21:02:40,31.48,89.95,65.0,AUD,61,2020-12-09,89.95,AUD,AU,True,False,False,False,False,False,False,1755.0,-58.47,-0.6500277932184547,2025-09-29,False,False,6.860266203703704,True
1091500,018d937f-2997-7131-b8b9-7c8af4825fa8,BR,2021-02-11 18:59:42,179.91,199.9,10.0,BRL,61,2020-12-09,199.9,BRL,BR,True,False,False,False,False,False,False,64.0,-19.99000000000001,-0.10000000000000009,2021-02-11,False,False,3.97443287037037,True
1091500,018d937f-2997-7131-b8b9-7c8af4825fa8,BR,2021-03-22 17:21:15,159.92,199.9,20.0,BRL,61,2020-12-09,199.9,BRL,BR,True,False,False,False,False,False,False,103.0,-39.98000000000002,-0.20000000000000007,2021-03-22,False,False,13.999606481481482,True
1091500,018d937f-2997-7131-b8b9-7c8af4825fa8,BR,2021-05-18 17:18:10,159.92,199.9,20.0,BRL,61,2020-12-09,199.9,BRL,BR,True,False,False,False,False,False,False,160.0,-39.98000000000002,-0.20000000000000007,2021-05-18,False,False,13.007060185185185,True
1091500,018d937f-2997-7131-b8b9-7c8af4825fa8,BR,2021-06-26 12:23:34,133.93,199.9,33.0,BRL,61,2020-12-09,199.9,BRL,BR,True,False,False,False,False,False,False,199.0,-65.97,-0.3300150075037519,2021-06-26,False,False,12.299664351851852,True
1091500,018d937f-2997-7131-b8b9-7c8af4825fa8,BR,2021-08-23 17:19:50,133.93,199.9,33.0,BRL,61,2020-12-09,199.9,BRL,BR,True,False,False,False,False,False,False,257.0,-65.97,-0.3300150075037519,2021-08-23,False,False,14.003773148148149,True
1091500,018d937f-2997-7131-b8b9-7c8af4825fa8,BR,2021-10-22 17:24:40,133.93,199.9,33.0,BRL,61,2020-12-09,199.9,BRL,BR,True,False,False,False,False,False,False,317.0,-65.97,-0.3300150075037519,2021-10-22,False,False,1.9868981481481482,True
1091500,018d937f-2997-7131-b8b9-7c8af4825fa8,BR,2021-10-28 18:57:55,133.93,199.9,33.0,BRL,61,2020-12-09,199.9,BRL,BR,True,False,False,False,False,False,False,323.0,-65.97,-0.3300150075037519,2021-10-28,False,False,4.044479166666667,True
1091500,018d937f-2997-7131-b8b9-7c8af4825fa8,BR,2021-11-24 19:55:12,99.95,199.9,50.0,BRL,61,2020-12-09,199.9,BRL,BR,True,False,False,False,False,False,False,350.0,-99.95,-0.5,2021-11-24,False,False,7.006273148148148,True
1091500,018d937f-2997-7131-b8b9-7c8af4825fa8,BR,2021-12-08 18:19:18,99.95,199.9,50.0,BRL,61,2020-12-09,199.9,BRL,BR,True,False,False,False,False,False,False,364.0,-99.95,-0.5,2021-12-08,False,False,5.008634259259259,True
1091500,018d937f-2997-7131-b8b9-7c8af4825fa8,BR,2021-12-22 20:13:13,99.95,199.9,50.0,BRL,61,2020-12-09,199.9,BRL,BR,True,False,False,False,False,False,False,378.0,-99.95,-0.5,2021-12-22,False,False,14.014930555555555,True
1091500,018d937f-2997-7131-b8b9-7c8af4825fa8,BR,2022-01-27 18:01:36,99.95,199.9,50.0,BRL,61,2020-12-09,199.9,BRL,BR,True,False,False,False,False,False,False,414.0,-99.95,-0.5,2022-01-27,False,False,7.086018518518519,True
1091500,018d937f-2997-7131-b8b9-7c8af4825fa8,BR,2022-02-15 18:12:11,99.95,199.9,50.0,BRL,61,2020-12-09,199.9,BRL,BR,True,False,False,False,False,False,False,433.0,-99.95,-0.5,2022-02-15,False,False,14.013946759259259,True
1091500,018d937f-2997-7131-b8b9-7c8af4825fa8,BR,2022-04-18 17:13:10,99.95,199.9,50.0,BRL,61,2020-12-09,199.9,BRL,BR,True,False,False,False,False,False,False,495.0,-99.95,-0.5,2022-04-18,False,False,14.002430555555556,True
1091500,018d937f-2997-7131-b8b9-7c8af4825fa8,BR,2022-06-10 17:19:06,99.95,199.9,50.0,BRL,61,2020-12-09,199.9,BRL,BR,True,False,False,False,False,False,False,548.0,-99.95,-0.5,2022-06-10,False,False,2.9996064814814813,True
1091500,018d937f-2997-7131-b8b9-7c8af4825fa8,BR,2022-06-24 00:33:10,99.95,199.9,50.0,BRL,61,2020-12-09,199.9,BRL,BR,True,False,False,False,False,False,False,562.0,-99.95,-0.5,2022-06-24,False,False,13.793125,True
1091500,018d937f-2997-7131-b8b9-7c8af4825fa8,BR,2022-08-08 17:20:51,99.95,199.9,50.0,BRL,61,2020-12-09,199.9,BRL,BR,True,False,False,False,False,False,False,607.0,-99.95,-0.5,2022-08-08,False,False,3.9922222222222223,True
1091500,018d937f-2997-7131-b8b9-7c8af4825fa8,BR,2022-09-12 17:33:40,99.95,199.9,50.0,BRL,61,2020-12-09,199.9,BRL,BR,True,False,False,False,False,False,False,642.0,-99.95,-0.5,2022-09-12,False,False,49.995752314814816,True
1091500,018d937f-2997-7131-b8b9-7c8af4825fa8,BR,2022-11-22 22:37:47,99.95,199.9,50.0,BRL,61,2020-12-09,199.9,BRL,BR,True,False,False,False,False,False,False,713.0,-99.95,-0.5,2022-11-22,False,False,6.897534722222222,True
1091500,018d937f-2997-7131-b8b9-7c8af4825fa8,BR,2022-12-08 18:30:14,99.95,199.9,50.0,BRL,61,2020-12-09,199.9,BRL,BR,True,False,False,False,False,False,False,729.0,-99.95,-0.5,2022-12-08,False,False,4.021851851851852,True
1091500,018d937f-2997-7131-b8b9-7c8af4825fa8,BR,2022-12-22 23:21:04,99.95,199.9,50.0,BRL,61,2020-12-09,199.9,BRL,BR,True,False,False,False,False,False,False,743.0,-99.95,-0.5,2022-12-22,False,False,13.848842592592593,True
1091500,018d937f-2997-7131-b8b9-7c8af4825fa8,BR,2023-01-16 18:28:33,99.95,199.9,50.0,BRL,61,2020-12-09,199.9,BRL,BR,True,False,False,False,False,False,False,768.0,-99.95,-0.5,2023-01-16,False,False,7.015127314814815,True
1091500,018d937f-2997-7131-b8b9-7c8af4825fa8,BR,2023-03-16 18:36:40,99.95,199.9,50.0,BRL,61,2020-12-09,199.9,BRL,BR,True,False,False,False,False,False,False,827.0,-99.95,-0.5,2023-03-16,False,False,7.047453703703703,True
1091500,018d937f-2997-7131-b8b9-7c8af4825fa8,BR,2023-04-12 17:29:06,99.95,199.9,50.0,BRL,61,2020-12-09,199.9,BRL,BR,True,False,False,False,False,False,False,854.0,-99.95,-0.5,2023-04-12,False,False,10.992523148148148,True
1091500,018d937f-2997-7131-b8b9-7c8af4825fa8,BR,2023-06-11 17:18:58,99.95,199.9,50.0,BRL,61,2020-12-09,199.9,BRL,BR,True,False,False,False,False,False,False,914.0,-99.95,-0.5,2023-06-11,False,False,6.991203703703704,True
1091500,018d937f-2997-7131-b8b9-7c8af4825fa8,BR,2023-06-29 19:34:43,99.95,199.9,50.0,BRL,61,2020-12-09,199.9,BRL,BR,True,False,False,False,False,False,False,932.0,-99.95,-0.5,2023-06-29,False,False,13.987881944444444,True
1091500,018d937f-2997-7131-b8b9-7c8af4825fa8,BR,2023-08-14 17:03:40,99.95,199.9,50.0,BRL,61,2020-12-09,199.9,BRL,BR,True,False,False,False,False,False,False,978.0,-99.95,-0.5,2023-08-14,False,False,7.038217592592592,True
1091500,018d937f-2997-7131-b8b9-7c8af4825fa8,BR,2023-09-20 17:09:28,119.94,199.9,40.0,BRL,61,2020-12-09,199.9,BRL,BR,True,False,False,False,False,False,False,1015.0,-79.96000000000001,-0.4,2023-09-20,False,False,11.00662037037037,True
1091500,018d937f-2997-7131-b8b9-7c8af4825fa8,BR,2023-10-31 17:19:45,119.94,199.9,40.0,BRL,61,2020-12-09,199.9,BRL,BR,True,False,False,False,False,False,False,1056.0,-79.96000000000001,-0.4,2023-10-31,False,False,4.999131944444445,True
1091500,018d937f-2997-7131-b8b9-7c8af4825fa8,BR,2023-11-21 20:03:59,99.95,199.9,50.0,BRL,61,2020-12-09,199.9,BRL,BR,True,False,False,False,False,False,False,1077.0,-99.95,-0.5,2023-11-21,False,False,7.003009259259259,True
1091500,018d937f-2997-7131-b8b9-7c8af4825fa8,BR,2023-12-05 18:19:22,99.95,199.9,50.0,BRL,61,2020-12-09,199.9,BRL,BR,True,False,False,False,False,False,False,1091.0,-99.95,-0.5,2023-12-05,False,False,7.001018518518518,True
1091500,018d937f-2997-7131-b8b9-7c8af4825fa8,BR,2023-12-21 20:22:29,99.95,199.9,50.0,BRL,61,2020-12-09,199.9,BRL,BR,True,False,False,False,False,False,False,1107.0,-99.95,-0.5,2023-12-21,False,False,13.978993055555556,True
1091500,018d937f-2997-7131-b8b9-7c8af4825fa8,BR,2024-02-08 18:18:30,99.95,199.9,50.0,BRL,61,2020-12-09,199.9,BRL,BR,True,False,False,False,False,False,False,1156.0,-99.95,-0.5,2024-02-08,False,False,9.999918981481482,True
1091500,018d937f-2997-7131-b8b9-7c8af4825fa8,BR,2024-03-14 17:43:51,99.95,199.9,50.0,BRL,61,2020-12-09,199.9,BRL,BR,True,False,False,False,False,False,False,1191.0,-99.95,-0.5,2024-03-14,False,False,7.00150462962963,True
1091500,018d937f-2997-7131-b8b9-7c8af4825fa8,BR,2024-03-28 17:18:10,99.95,199.9,50.0,BRL,61,2020-12-09,199.9,BRL,BR,True,False,False,False,False,False,False,1205.0,-99.95,-0.5,2024-03-28,False,False,10.000196759259259,True
1091500,018d937f-2997-7131-b8b9-7c8af4825fa8,BR,2024-05-16 17:18:34,99.95,199.9,50.0,BRL,61,2020-12-09,199.9,BRL,BR,True,False,False,False,False,False,False,1254.0,-99.95,-0.5,2024-05-16,False,False,9.99994212962963,True
1091500,018d937f-2997-7131-b8b9-7c8af4825fa8,BR,2024-06-27 17:59:56,99.95,199.9,50.0,BRL,61,2020-12-09,199.9,BRL,BR,True,False,False,False,False,False,False,1296.0,-99.95,-0.5,2024-06-27,False,False,16.933622685185185,True
1091500,018d937f-2997-7131-b8b9-7c8af4825fa8,BR,2024-08-12 17:19:51,99.95,199.9,50.0,BRL,61,2020-12-09,199.9,BRL,BR,True,False,False,False,False,False,False,1342.0,-99.95,-0.5,2024-08-12,False,False,6.9998611111111115,True
1091500,018d937f-2997-7131-b8b9-7c8af4825fa8,BR,2024-09-19 17:18:32,99.95,199.9,50.0,BRL,61,2020-12-09,199.9,BRL,BR,True,False,False,False,False,False,False,1380.0,-99.95,-0.5,2024-09-19,False,False,10.00025462962963,True
1091500,018d937f-2997-7131-b8b9-7c8af4825fa8,BR,2024-10-29 18:15:29,99.95,199.9,50.0,BRL,61,2020-12-09,199.9,BRL,BR,True,False,False,False,False,False,False,1420.0,-99.95,-0.5,2024-10-29,False,False,12.001886574074074,True
1091500,018d937f-2997-7131-b8b9-7c8af4825fa8,BR,2024-11-27 21:19:33,89.95,199.9,55.0,BRL,61,2020-12-09,199.9,BRL,BR,True,False,False,False,False,False,False,1449.0,-109.95,-0.5500250125062531,2024-11-27,False,False,6.894803240740741,True
1091500,018d937f-2997-7131-b8b9-7c8af4825fa8,BR,2024-12-10 18:15:43,89.95,199.9,55.0,BRL,61,2020-12-09,199.9,BRL,BR,True,False,False,False,False,False,False,1462.0,-109.95,-0.5500250125062531,2024-12-10,False,False,8.002881944444445,True
1091500,018d937f-2997-7131-b8b9-7c8af4825fa8,BR,2024-12-19 20:31:27,89.95,199.9,55.0,BRL,61,2020-12-09,199.9,BRL,BR,True,False,False,False,False,False,False,1471.0,-109.95,-0.5500250125062531,2024-12-19,False,False,13.93173611111111,True
1091500,018d937f-2997-7131-b8b9-7c8af4825fa8,BR,2025-01-24 18:15:47,89.95,199.9,55.0,BRL,61,2020-12-09,199.9,BRL,BR,True,False,False,False,False,False,False,1507.0,-109.95,-0.5500250125062531,2025-01-24,False,False,9.002025462962964,True
1091500,018d937f-2997-7131-b8b9-7c8af4825fa8,BR,2025-03-13 19:03:51,79.96,199.9,60.0,BRL,61,2020-12-09,199.9,BRL,BR,True,False,False,False,False,False,False,1555.0,-119.94000000000001,-0.6000000000000001,2025-03-13,False,False,13.925891203703705,True
1091500,018d937f-2997-7131-b8b9-7c8af4825fa8,BR,2025-05-15 17:15:49,79.96,199.9,60.0,BRL,61,2020-12-09,199.9,BRL,BR,True,False,False,False,False,False,False,1618.0,-119.94000000000001,-0.6000000000000001,2025-05-15,False,False,10.00011574074074,True
1091500,018d937f-2997-7131-b8b9-7c8af4825fa8,BR,2025-06-26 21:48:29,69.96,199.9,65.0,BRL,61,2020-12-09,199.9,BRL,BR,True,False,False,False,False,False,False,1660.0,-129.94,-0.6500250125062532,2025-06-26,False,False,13.83318287037037,True
1091500,018d937f-2997-7131-b8b9-7c8af4825fa8,BR,2025-08-04 17:20:48,69.96,199.9,65.0,BRL,61,2020-12-09,199.9,BRL,BR,True,False,False,False,False,False,False,1699.0,-129.94,-0.6500250125062532,2025-08-04,False,False,12.99829861111111,True
1091500,018d937f-2997-7131-b8b9-7c8af4825fa8,BR,2025-09-18 17:20:26,69.96,199.9,65.0,BRL,61,2020-12-09,199.9,BRL,BR,True,False,False,False,False,False,False,1744.0,-129.94,-0.6500250125062532,2025-09-18,False,False,9.998842592592593,True
1091500,018d937f-2997-7131-b8b9-7c8af4825fa8,BR,2025-09-29 21:05:16,69.96,199.9,65.0,BRL,61,2020-12-09,199.9,BRL,BR,True,False,False,False,False,False,False,1755.0,-129.94,-0.6500250125062532,2025-09-29,False,False,6.858530092592592,True
1091500,018d937f-2997-7131-b8b9-7c8af4825fa8,CA,2021-02-11 19:02:03,71.99,79.99,10.0,CAD,61,2020-12-09,79.99,CAD,CA,True,False,False,False,False,False,False,64.0,-8.0,-0.10001250156269537,2021-02-11,False,False,3.9752430555555556,True
1091500,018d937f-2997-7131-b8b9-7c8af4825fa8,CA,2021-03-22 17:20:40,63.99,79.99,20.0,CAD,61,2020-12-09,79.99,CAD,CA,True,False,False,False,False,False,False,103.0,-15.999999999999993,-0.20002500312539062,2021-03-22,False,False,14.00017361111111,True
1091500,018d937f-2997-7131-b8b9-7c8af4825fa8,CA,2021-05-18 17:18:12,63.99,79.99,20.0,CAD,61,2020-12-09,79.99,CAD,CA,True,False,False,False,False,False,False,160.0,-15.999999999999993,-0.20002500312539062,2021-05-18,False,False,13.007210648148147,True
1091500,018d937f-2997-7131-b8b9-7c8af4825fa8,CA,2021-06-26 12:23:37,53.59,79.99,33.0,CAD,61,2020-12-09,79.99,CAD,CA,True,False,False,False,False,False,False,199.0,-26.39999999999999,-0.33004125515689453,2021-06-26,False,False,12.298703703703703,True
1091500,018d937f-2997-7131-b8b9-7c8af4825fa8,CA,2021-08-23 17:03:25,53.59,79.99,33.0,CAD,61,2020-12-09,79.99,CAD,CA,True,False,False,False,False,False,False,257.0,-26.39999999999999,-0.33004125515689453,2021-08-23,False,False,14.004699074074074,True
1091500,018d937f-2997-7131-b8b9-7c8af4825fa8,CA,2021-10-22 17:12:21,53.59,79.99,33.0,CAD,61,2020-12-09,79.99,CAD,CA,True,False,False,False,False,False,False,317.0,-26.39999999999999,-0.33004125515689453,2021-10-22,False,False,1.9956944444444444,True
1091500,018d937f-2997-7131-b8b9-7c8af4825fa8,CA,2021-10-28 18:55:14,53.59,79.99,33.0,CAD,61,2020-12-09,79.99,CAD,CA,True,False,False,False,False,False,False,323.0,-26.39999999999999,-0.33004125515689453,2021-10-28,False,False,4.101180555555556,True
1091500,018d937f-2997-7131-b8b9-7c8af4825fa8,CA,2021-11-24 21:33:21,39.99,79.99,50.0,CAD,61,2020-12-09,79.99,CAD,CA,True,False,False,False,False,False,False,350.0,-39.99999999999999,-0.5000625078134766,2021-11-24,False,False,6.936643518518519,True
1091500,018d937f-2997-7131-b8b9-7c8af4825fa8,CA,2021-12-08 18:36:40,39.99,79.99,50.0,CAD,61,2020-12-09,79.99,CAD,CA,True,False,False,False,False,False,False,364.0,-39.99999999999999,-0.5000625078134766,2021-12-08,False,False,4.988171296296296,True
1091500,018d937f-2997-7131-b8b9-7c8af4825fa8,CA,2021-12-22 20:20:16,39.99,79.99,50.0,CAD,61,2020-12-09,79.99,CAD,CA,True,False,False,False,False,False,False,378.0,-39.99999999999999,-0.5000625078134766,2021-12-22,False,False,14.076979166666666,True
1091500,018d937f-2997-7131-b8b9-7c8af4825fa8,CA,2022-01-27 19:59:47,39.99,79.99,50.0,CAD,61,2020-12-09,79.99,CAD,CA,True,False,False,False,False,False,False,414.0,-39.99999999999999,-0.5000625078134766,2022-01-27,False,False,7.002581018518518,True
1091500,018d937f-2997-7131-b8b9-7c8af4825fa8,CA,2022-02-15 18:38:01,39.99,79.99,50.0,CAD,61,2020-12-09,79.99,CAD,CA,True,False,False,False,False,False,False,433.0,-39.99999999999999,-0.5000625078134766,2022-02-15,False,False,13.9946875,True
1091500,018d937f-2997-7131-b8b9-7c8af4825fa8,CA,2022-04-18 17:29:37,39.99,79.99,50.0,CAD,61,2020-12-09,79.99,CAD,CA,True,False,False,False,False,False,False,495.0,-39.99999999999999,-0.5000625078134766,2022-04-18,False,False,13.997337962962963,True
1091500,018d937f-2997-7131-b8b9-7c8af4825fa8,CA,2022-06-10 17:18:37,39.99,79.99,50.0,CAD,61,2020-12-09,79.99,CAD,CA,True,False,False,False,False,False,False,548.0,-39.99999999999999,-0.5000625078134766,2022-06-10,False,False,3.0311689814814815,True
1091500,018d937f-2997-7131-b8b9-7c8af4825fa8,CA,2022-06-23 22:34:51,39.99,79.99,50.0,CAD,61,2020-12-09,79.99,CAD,CA,True,False,False,False,False,False,False,561.0,-39.99999999999999,-0.5000625078134766,2022-06-23,False,False,13.87488425925926,True
1091500,018d937f-2997-7131-b8b9-7c8af4825fa8,CA,2022-08-08 17:21:06,39.99,79.99,50.0,CAD,61,2020-12-09,79.99,CAD,CA,True,False,False,False,False,False,False,607.0,-39.99999999999999,-0.5000625078134766,2022-08-08,False,False,3.987650462962963,True
1091500,018d937f-2997-7131-b8b9-7c8af4825fa8,CA,2022-09-12 17:40:33,39.99,79.99,50.0,CAD,61,2020-12-09,79.99,CAD,CA,True,False,False,False,False,False,False,642.0,-39.99999999999999,-0.5000625078134766,2022-09-12,False,False,12.97412037037037,True
1091500,018d937f-2997-7131-b8b9-7c8af4825fa8,CA,2022-10-28 17:18:51,39.99,79.99,50.0,CAD,61,2020-12-09,79.99,CAD,CA,True,False,False,False,False,False,False,688.0,-39.99999999999999,-0.5000625078134766,2022-10-28,False,False,4.005983796296296,True
1091500,018d937f-2997-7131-b8b9-7c8af4825fa8,CA,2022-11-22 22:57:15,39.99,79.99,50.0,CAD,61,2020-12-09,79.99,CAD,CA,True,False,False,False,False,False,False,713.0,-39.99999999999999,-0.5000625078134766,2022-11-22,False,False,6.8855208333333335,True
1091500,018d937f-2997-7131-b8b9-7c8af4825fa8,CA,2022-12-08 18:29:44,39.99,79.99,50.0,CAD,61,2020-12-09,79.99,CAD,CA,True,False,False,False,False,False,False,729.0,-39.99999999999999,-0.5000625078134766,2022-12-08,False,False,4.075046296296296,True
1091500,018d937f-2997-7131-b8b9-7c8af4825fa8,CA,2022-12-23 01:57:58,39.99,79.99,50.0,CAD,61,2020-12-09,79.99,CAD,CA,True,False,False,False,False,False,False,744.0,-39.99999999999999,-0.5000625078134766,2022-12-23,False,False,13.740462962962964,True
1091500,018d937f-2997-7131-b8b9-7c8af4825fa8,CA,2023-01-16 18:34:50,39.99,79.99,50.0,CAD,61,2020-12-09,79.99,CAD,CA,True,False,False,False,False,False,False,768.0,-39.99999999999999,-0.5000625078134766,2023-01-16,False,False,6.985752314814815,True
1091500,018d937f-2997-7131-b8b9-7c8af4825fa8,CA,2023-03-16 18:36:43,39.99,79.99,50.0,CAD,61,2020-12-09,79.99,CAD,CA,True,False,False,False,False,False,False,827.0,-39.99999999999999,-0.5000625078134766,2023-03-16,False,False,7.048634259259259,True
1091500,018d937f-2997-7131-b8b9-7c8af4825fa8,CA,2023-04-12 17:06:37,39.99,79.99,50.0,CAD,61,2020-12-09,79.99,CAD,CA,True,False,False,False,False,False,False,854.0,-39.99999999999999,-0.5000625078134766,2023-04-12,False,False,11.008761574074073,True
1091500,018d937f-2997-7131-b8b9-7c8af4825fa8,CA,2023-06-11 17:19:05,39.99,79.99,50.0,CAD,61,2020-12-09,79.99,CAD,CA,True,False,False,False,False,False,False,914.0,-39.99999999999999,-0.5000625078134766,2023-06-11,False,False,6.999733796296296,True
1091500,018d937f-2997-7131-b8b9-7c8af4825fa8,CA,2023-06-29 19:44:50,39.99,79.99,50.0,CAD,61,2020-12-09,79.99,CAD,CA,True,False,False,False,False,False,False,932.0,-39.99999999999999,-0.5000625078134766,2023-06-29,False,False,13.980474537037036,True
1091500,018d937f-2997-7131-b8b9-7c8af4825fa8,CA,2023-08-14 17:27:38,39.99,79.99,50.0,CAD,61,2020-12-09,79.99,CAD,CA,True,False,False,False,False,False,False,978.0,-39.99999999999999,-0.5000625078134766,2023-08-14,False,False,7.003055555555555,True
1091500,018d937f-2997-7131-b8b9-7c8af4825fa8,CA,2023-09-20 17:19:16,47.99,79.99,40.0,CAD,61,2020-12-09,79.99,CAD,CA,True,False,False,False,False,False,False,1015.0,-31.999999999999993,-0.40005000625078124,2023-09-20,False,False,10.999872685185185,True
1091500,018d937f-2997-7131-b8b9-7c8af4825fa8,CA,2023-10-31 17:19:36,47.99,79.99,40.0,CAD,61,2020-12-09,79.99,CAD,CA,True,False,False,False,False,False,False,1056.0,-31.999999999999993,-0.40005000625078124,2023-10-31,False,False,4.999236111111111,True
1091500,018d937f-2997-7131-b8b9-7c8af4825fa8,CA,2023-11-21 20:05:33,39.99,79.99,50.0,CAD,61,2020-12-09,79.99,CAD,CA,True,False,False,False,False,False,False,1077.0,-39.99999999999999,-0.5000625078134766,2023-11-21,False,False,7.001886574074074,True
1091500,018d937f-2997-7131-b8b9-7c8af4825fa8,CA,2023-12-05 18:19:27,39.99,79.99,50.0,CAD,61,2020-12-09,79.99,CAD,CA,True,False,False,False,False,False,False,1091.0,-39.99999999999999,-0.5000625078134766,2023-12-05,False,False,6.9993287037037035,True
1091500,018d937f-2997-7131-b8b9-7c8af4825fa8,CA,2023-12-21 20:20:01,39.99,79.99,50.0,CAD,61,2020-12-09,79.99,CAD,CA,True,False,False,False,False,False,False,1107.0,-39.99999999999999,-0.5000625078134766,2023-12-21,False,False,13.982893518518518,True
1091500,018d937f-2997-7131-b8b9-7c8af4825fa8,CA,2024-02-08 18:07:21,39.99,79.99,50.0,CAD,61,2020-12-09,79.99,CAD,CA,True,False,False,False,False,False,False,1156.0,-39.99999999999999,-0.5000625078134766,2024-02-08,False,False,10.00548611111111,True
1091500,018d937f-2997-7131-b8b9-7c8af4825fa8,CA,2024-03-14 17:43:50,39.99,79.99,50.0,CAD,61,2020-12-09,79.99,CAD,CA,True,False,False,False,False,False,False,1191.0,-39.99999999999999,-0.5000625078134766,2024-03-14,False,False,7.001377314814815,True
1091500,018d937f-2997-7131-b8b9-7c8af4825fa8,CA,2024-03-28 17:15:42,39.99,79.99,50.0,CAD,61,2020-12-09,79.99,CAD,CA,True,False,False,False,False,False,False,1205.0,-39.99999999999999,-0.5000625078134766,2024-03-28,False,False,9.99982638888889,True
1091500,018d937f-2997-7131-b8b9-7c8af4825fa8,CA,2024-05-16 17:15:26,39.99,79.99,50.0,CAD,61,2020-12-09,79.99,CAD,CA,True,False,False,False,False,False,False,1254.0,-39.99999999999999,-0.5000625078134766,2024-05-16,False,False,10.0021875,True
1091500,018d937f-2997-7131-b8b9-7c8af4825fa8,CA,2024-06-27 18:02:22,39.99,79.99,50.0,CAD,61,2020-12-09,79.99,CAD,CA,True,False,False,False,False,False,False,1296.0,-39.99999999999999,-0.5000625078134766,2024-06-27,False,False,16.931979166666668,True
1091500,018d937f-2997-7131-b8b9-7c8af4825fa8,CA,2024-08-12 17:17:33,39.99,79.99,50.0,CAD,61,2020-12-09,79.99,CAD,CA,True,False,False,False,False,False,False,1342.0,-39.99999999999999,-0.5000625078134766,2024-08-12,False,False,7.002060185185186,True
1091500,018d937f-2997-7131-b8b9-7c8af4825fa8,CA,2024-09-19 17:19:04,39.99,79.99,50.0,CAD,61,2020-12-09,79.99,CAD,CA,True,False,False,False,False,False,False,1380.0,-39.99999999999999,-0.5000625078134766,2024-09-19,False,False,9.997835648148149,True
1091500,018d937f-2997-7131-b8b9-7c8af4825fa8,CA,2024-10-29 18:15:29,39.99,79.99,50.0,CAD,61,2020-12-09,79.99,CAD,CA,True,False,False,False,False,False,False,1420.0,-39.99999999999999,-0.5000625078134766,2024-10-29,False,False,11.99994212962963,True
1091500,018d937f-2997-7131-b8b9-7c8af4825fa8,CA,2024-11-27 21:02:57,35.99,79.99,55.0,CAD,61,2020-12-09,79.99,CAD,CA,True,False,False,False,False,False,False,1449.0,-43.99999999999999,-0.5500687585948243,2024-11-27,False,False,6.906342592592592,True
1091500,018d937f-2997-7131-b8b9-7c8af4825fa8,CA,2024-12-10 18:18:21,35.99,79.99,55.0,CAD,61,2020-12-09,79.99,CAD,CA,True,False,False,False,False,False,False,1462.0,-43.99999999999999,-0.5500687585948243,2024-12-10,False,False,7.998854166666667,True
1091500,018d937f-2997-7131-b8b9-7c8af4825fa8,CA,2024-12-19 21:58:02,35.99,79.99,55.0,CAD,61,2020-12-09,79.99,CAD,CA,True,False,False,False,False,False,False,1471.0,-43.99999999999999,-0.5500687585948243,2024-12-19,False,False,13.871736111111112,True
1091500,018d937f-2997-7131-b8b9-7c8af4825fa8,CA,2025-01-24 18:15:51,35.99,79.99,55.0,CAD,61,2020-12-09,79.99,CAD,CA,True,False,False,False,False,False,False,1507.0,-43.99999999999999,-0.5500687585948243,2025-01-24,False,False,9.00162037037037,True
1091500,018d937f-2997-7131-b8b9-7c8af4825fa8,CA,2025-03-13 19:04:05,31.99,79.99,60.0,CAD,61,2020-12-09,79.99,CAD,CA,True,False,False,False,False,False,False,1555.0,-48.0,-0.600075009376172,2025-03-13,False,False,13.927280092592593,True
1091500,018d937f-2997-7131-b8b9-7c8af4825fa8,CA,2025-05-15 17:18:48,31.99,79.99,60.0,CAD,61,2020-12-09,79.99,CAD,CA,True,False,False,False,False,False,False,1618.0,-48.0,-0.600075009376172,2025-05-15,False,False,10.000034722222223,True
1091500,018d937f-2997-7131-b8b9-7c8af4825fa8,CA,2025-06-26 21:41:37,27.99,79.99,65.0,CAD,61,2020-12-09,79.99,CAD,CA,True,False,False,False,False,False,False,1660.0,-52.0,-0.6500812601575197,2025-06-26,False,False,13.837928240740741,True
1091500,018d937f-2997-7131-b8b9-7c8af4825fa8,CA,2025-08-04 17:19:23,27.99,79.99,65.0,CAD,61,2020-12-09,79.99,CAD,CA,True,False,False,False,False,False,False,1699.0,-52.0,-0.6500812601575197,2025-08-04,False,False,12.997291666666667,True
1091500,018d937f-2997-7131-b8b9-7c8af4825fa8,CA,2025-09-18 17:23:55,27.99,79.99,65.0,CAD,61,2020-12-09,79.99,CAD,CA,True,False,False,False,False,False,False,1744.0,-52.0,-0.6500812601575197,2025-09-18,False,False,9.994189814814815,True
1091500,018d937f-2997-7131-b8b9-7c8af4825fa8,CA,2025-09-29 21:08:07,27.99,79.99,65.0,CAD,61,2020-12-09,79.99,CAD,CA,True,False,False,False,False,False,False,1755.0,-52.0,-0.6500812601575197,2025-09-29,False,False,6.856412037037037,True
1091500,018d937f-2997-7131-b8b9-7c8af4825fa8,CN,2021-02-11 18:58:08,268.0,298.0,10.0,CNY,61,2020-12-09,298.0,CNY,CN,True,False,False,False,False,False,False,64.0,-30.0,-0.10067114093959728,2021-02-11,False,False,3.9769444444444444,True
1091500,018d937f-2997-7131-b8b9-7c8af4825fa8,CN,2021-03-22 17:21:00,238.0,298.0,20.0,CNY,61,2020-12-09,298.0,CNY,CN,True,False,False,False,False,False,False,103.0,-60.0,-0.20134228187919467,2021-03-22,False,False,14.000011574074074,True
1091500,018d937f-2997-7131-b8b9-7c8af4825fa8,CN,2021-05-18 17:18:12,238.0,298.0,20.0,CNY,61,2020-12-09,298.0,CNY,CN,True,False,False,False,False,False,False,160.0,-60.0,-0.20134228187919467,2021-05-18,False,False,13.006886574074073,True
1091500,018d937f-2997-7131-b8b9-7c8af4825fa8,CN,2021-06-26 12:23:35,199.0,298.0,33.0,CNY,61,2020-12-09,298.0,CNY,CN,True,False,False,False,False,False,False,199.0,-99.0,-0.33221476510067116,2021-06-26,False,False,12.296030092592593,True
1091500,018d937f-2997-7131-b8b9-7c8af4825fa8,CN,2021-08-23 17:16:43,199.0,298.0,33.0,CNY,61,2020-12-09,298.0,CNY,CN,True,False,False,False,False,False,False,257.0,-99.0,-0.33221476510067116,2021-08-23,False,False,14.006377314814815,True
1091500,018d937f-2997-7131-b8b9-7c8af4825fa8,CN,2021-10-22 17:24:37,199.66,298.0,33.0,CNY,61,2020-12-09,298.0,CNY,CN,True,False,False,False,False,False,False,317.0,-98.34,-0.32999999999999996,2021-10-22,False,False,1.999224537037037,True
1091500,018d937f-2997-7131-b8b9-7c8af4825fa8,CN,2021-10-28 18:55:36,199.66,298.0,33.0,CNY,61,2020-12-09,298.0,CNY,CN,True,False,False,False,False,False,False,323.0,-98.34,-0.32999999999999996,2021-10-28,False,False,4.048425925925926,True
1091500,018d937f-2997-7131-b8b9-7c8af4825fa8,CN,2021-11-24 21:33:00,149.0,298.0,50.0,CNY,61,2020-12-09,298.0,CNY,CN,True,False,False,False,False,False,False,350.0,-149.0,-0.5,2021-11-24,False,False,6.988576388888889,True
1091500,018d937f-2997-7131-b8b9-7c8af4825fa8,CN,2021-12-08 18:24:27,149.0,298.0,50.0,CNY,61,2020-12-09,298.0,CNY,CN,True,False,False,False,False,False,False,364.0,-149.0,-0.5,2021-12-08,False,False,5.006585648148148,True
1091500,018d937f-2997-7131-b8b9-7c8af4825fa8,CN,2021-12-22 20:06:58,149.0,298.0,50.0,CNY,61,2020-12-09,298.0,CNY,CN,True,False,False,False,False,False,False,378.0,-149.0,-0.5,2021-12-22,False,False,14.024641203703704,True
1091500,018d937f-2997-7131-b8b9-7c8af4825fa8,CN,2022-01-27 19:55:57,149.0,298.0,50.0,CNY,61,2020-12-09,298.0,CNY,CN,True,False,False,False,False,False,False,414.0,-149.0,-0.5,2022-01-27,False,False,7.005601851851852,True
1091500,018d937f-2997-7131-b8b9-7c8af4825fa8,CN,2022-02-15 18:37:39,149.0,298.0,50.0,CNY,61,2020-12-09,298.0,CNY,CN,True,False,False,False,False,False,False,433.0,-149.0,-0.5,2022-02-15,False,False,13.9840625,True
1091500,018d937f-2997-7131-b8b9-7c8af4825fa8,CN,2022-04-18 17:07:29,149.0,298.0,50.0,CNY,61,2020-12-09,298.0,CNY,CN,True,False,False,False,False,False,False,495.0,-149.0,-0.5,2022-04-18,False,False,14.016747685185186,True
1091500,018d937f-2997-7131-b8b9-7c8af4825fa8,CN,2022-06-10 17:18:50,149.0,298.0,50.0,CNY,61,2020-12-09,298.0,CNY,CN,True,False,False,False,False,False,False,548.0,-149.0,-0.5,2022-06-10,False,False,3.025185185185185,True
1091500,018d937f-2997-7131-b8b9-7c8af4825fa8,CN,2022-06-23 19:37:00,149.0,298.0,50.0,CNY,61,2020-12-09,298.0,CNY,CN,True,False,False,False,False,False,False,561.0,-149.0,-0.5,2022-06-23,False,False,13.996608796296297,True
1091500,018d937f-2997-7131-b8b9-7c8af4825fa8,CN,2022-08-08 17:21:04,149.0,298.0,50.0,CNY,61,2020-12-09,298.0,CNY,CN,True,False,False,False,False,False,False,607.0,-149.0,-0.5,2022-08-08,False,False,3.998449074074074,True
1091500,018d937f-2997-7131-b8b9-7c8af4825fa8,CN,2022-09-12 17:10:09,149.0,298.0,50.0,CNY,61,2020-12-09,298.0,CNY,CN,True,False,False,False,False,False,False,642.0,-149.0,-0.5,2022-09-12,False,False,13.005775462962964,True
1091500,018d937f-2997-7131-b8b9-7c8af4825fa8,CN,2022-10-28 17:12:30,149.0,298.0,50.0,CNY,61,2020-12-09,298.0,CNY,CN,True,False,False,False,False,False,False,688.0,-149.0,-0.5,2022-10-28,False,False,4.01244212962963,True
1091500,018d937f-2997-7131-b8b9-7c8af4825fa8,CN,2022-11-22 22:46:45,149.0,298.0,50.0,CNY,61,2020-12-09,298.0,CNY,CN,True,False,False,False,False,False,False,713.0,-149.0,-0.5,2022-11-22,False,False,6.892280092592593,True
1091500,018d937f-2997-7131-b8b9-7c8af4825fa8,CN,2022-12-08 18:30:04,149.0,298.0,50.0,CNY,61,2020-12-09,298.0,CNY,CN,True,False,False,False,False,False,False,729.0,-149.0,-0.5,2022-12-08,False,False,4.09244212962963,True
1091500,018d937f-2997-7131-b8b9-7c8af4825fa8,CN,2022-12-22 19:45:31,149.0,298.0,50.0,CNY,61,2020-12-09,298.0,CNY,CN,True,False,False,False,False,False,False,743.0,-149.0,-0.5,2022-12-22,False,False,14.100833333333334,True
1091500,018d937f-2997-7131-b8b9-7c8af4825fa8,CN,2023-01-16 18:28:04,149.0,298.0,50.0,CNY,61,2020-12-09,298.0,CNY,CN,True,False,False,False,False,False,False,768.0,-149.0,-0.5,2023-01-16,False,False,6.9942824074074075,True
1091500,018d937f-2997-7131-b8b9-7c8af4825fa8,CN,2023-03-16 18:42:25,149.0,298.0,50.0,CNY,61,2020-12-09,298.0,CNY,CN,True,False,False,False,False,False,False,827.0,-149.0,-0.5,2023-03-16,False,False,7.040520833333333,True
1091500,018d937f-2997-7131-b8b9-7c8af4825fa8,CN,2023-04-12 17:28:45,149.0,298.0,50.0,CNY,61,2020-12-09,298.0,CNY,CN,True,False,False,False,False,False,False,854.0,-149.0,-0.5,2023-04-12,False,False,10.990694444444445,True
1091500,018d937f-2997-7131-b8b9-7c8af4825fa8,CN,2023-06-11 17:18:55,149.0,298.0,50.0,CNY,61,2020-12-09,298.0,CNY,CN,True,False,False,False,False,False,False,914.0,-149.0,-0.5,2023-06-11,False,False,6.999884259259259,True
1091500,018d937f-2997-7131-b8b9-7c8af4825fa8,CN,2023-06-29 19:36:56,149.0,298.0,50.0,CNY,61,2020-12-09,298.0,CNY,CN,True,False,False,False,False,False,False,932.0,-149.0,-0.5,2023-06-29,False,False,13.985011574074074,True
1091500,018d937f-2997-7131-b8b9-7c8af4825fa8,CN,2023-08-14 17:16:39,149.0,298.0,50.0,CNY,61,2020-12-09,298.0,CNY,CN,True,False,False,False,False,False,False,978.0,-149.0,-0.5,2023-08-14,False,False,7.027233796296296,True
1091500,018d937f-2997-7131-b8b9-7c8af4825fa8,CN,2023-09-20 17:19:11,178.8,298.0,40.0,CNY,61,2020-12-09,298.0,CNY,CN,True,False,False,False,False,False,False,1015.0,-119.19999999999999,-0.3999999999999999,2023-09-20,False,False,10.99982638888889,True
1091500,018d937f-2997-7131-b8b9-7c8af4825fa8,CN,2023-10-31 17:19:38,178.8,298.0,40.0,CNY,61,2020-12-09,298.0,CNY,CN,True,False,False,False,False,False,False,1056.0,-119.19999999999999,-0.3999999999999999,2023-10-31,False,False,4.999224537037037,True
1091500,018d937f-2997-7131-b8b9-7c8af4825fa8,CN,2023-11-21 18:12:50,149.0,298.0,50.0,CNY,61,2020-12-09,298.0,CNY,CN,True,False,False,False,False,False,False,1077.0,-149.0,-0.5,2023-11-21,False,False,7.079456018518519,True
1091500,018d937f-2997-7131-b8b9-7c8af4825fa8,CN,2023-12-05 18:19:22,149.0,298.0,50.0,CNY,61,2020-12-09,298.0,CNY,CN,True,False,False,False,False,False,False,1091.0,-149.0,-0.5,2023-12-05,False,False,6.988981481481481,True
1091500,018d937f-2997-7131-b8b9-7c8af4825fa8,CN,2023-12-21 20:12:27,149.0,298.0,50.0,CNY,61,2020-12-09,298.0,CNY,CN,True,False,False,False,False,False,False,1107.0,-149.0,-0.5,2023-12-21,False,False,13.985949074074075,True
1091500,018d937f-2997-7131-b8b9-7c8af4825fa8,CN,2024-02-08 18:42:34,149.0,298.0,50.0,CNY,61,2020-12-09,298.0,CNY,CN,True,False,False,False,False,False,False,1156.0,-149.0,-0.5,2024-02-08,False,False,9.98105324074074,True
1091500,018d937f-2997-7131-b8b9-7c8af4825fa8,CN,2024-03-14 17:43:48,149.0,298.0,50.0,CNY,61,2020-12-09,298.0,CNY,CN,True,False,False,False,False,False,False,1191.0,-149.0,-0.5,2024-03-14,False,False,7.001574074074074,True
1091500,018d937f-2997-7131-b8b9-7c8af4825fa8,CN,2024-03-28 17:18:16,149.0,298.0,50.0,CNY,61,2020-12-09,298.0,CNY,CN,True,False,False,False,False,False,False,1205.0,-149.0,-0.5,2024-03-28,False,False,9.998009259259259,True
1091500,018d937f-2997-7131-b8b9-7c8af4825fa8,CN,2024-05-16 17:15:27,149.0,298.0,50.0,CNY,61,2020-12-09,298.0,CNY,CN,True,False,False,False,False,False,False,1254.0,-149.0,-0.5,2024-05-16,False,False,10.001979166666667,True
1091500,018d937f-2997-7131-b8b9-7c8af4825fa8,CN,2024-06-27 17:59:59,149.0,298.0,50.0,CNY,61,2020-12-09,298.0,CNY,CN,True,False,False,False,False,False,False,1296.0,-149.0,-0.5,2024-06-27,False,False,16.933425925925928,True
1091500,018d937f-2997-7131-b8b9-7c8af4825fa8,CN,2024-08-12 17:20:13,149.0,298.0,50.0,CNY,61,2020-12-09,298.0,CNY,CN,True,False,False,False,False,False,False,1342.0,-149.0,-0.5,2024-08-12,False,False,6.997604166666667,True
1091500,018d937f-2997-7131-b8b9-7c8af4825fa8,CN,2024-09-19 17:18:48,149.0,298.0,50.0,CNY,61,2020-12-09,298.0,CNY,CN,True,False,False,False,False,False,False,1380.0,-149.0,-0.5,2024-09-19,False,False,9.999756944444444,True
1091500,018d937f-2997-7131-b8b9-7c8af4825fa8,CN,2024-10-29 18:18:15,149.0,298.0,50.0,CNY,61,2020-12-09,298.0,CNY,CN,True,False,False,False,False,False,False,1420.0,-149.0,-0.5,2024-10-29,False,False,12.000011574074074,True
1091500,018d937f-2997-7131-b8b9-7c8af4825fa8,CN,2024-11-27 21:01:38,134.1,298.0,55.0,CNY,61,2020-12-09,298.0,CNY,CN,True,False,False,False,False,False,False,1449.0,-163.9,-0.55,2024-11-27,False,False,6.907222222222222,True
1091500,018d937f-2997-7131-b8b9-7c8af4825fa8,CN,2024-12-10 18:18:19,134.1,298.0,55.0,CNY,61,2020-12-09,298.0,CNY,CN,True,False,False,False,False,False,False,1462.0,-163.9,-0.55,2024-12-10,False,False,8.000810185185186,True
1091500,018d937f-2997-7131-b8b9-7c8af4825fa8,CN,2024-12-19 21:54:07,134.1,298.0,55.0,CNY,61,2020-12-09,298.0,CNY,CN,True,False,False,False,False,False,False,1471.0,-163.9,-0.55,2024-12-19,False,False,13.872453703703703,True
1091500,018d937f-2997-7131-b8b9-7c8af4825fa8,CN,2025-01-24 18:15:46,134.1,298.0,55.0,CNY,61,2020-12-09,298.0,CNY,CN,True,False,False,False,False,False,False,1507.0,-163.9,-0.55,2025-01-24,False,False,9.00201388888889,True
1091500,018d937f-2997-7131-b8b9-7c8af4825fa8,CN,2025-03-13 19:20:59,119.2,298.0,60.0,CNY,61,2020-12-09,298.0,CNY,CN,True,False,False,False,False,False,False,1555.0,-178.8,-0.6,2025-03-13,False,False,13.91523148148148,True
1091500,018d937f-2997-7131-b8b9-7c8af4825fa8,CN,2025-05-15 17:18:46,119.2,298.0,60.0,CNY,61,2020-12-09,298.0,CNY,CN,True,False,False,False,False,False,False,1618.0,-178.8,-0.6,2025-05-15,False,False,9.997731481481482,True
1091500,018d937f-2997-7131-b8b9-7c8af4825fa8,CN,2025-06-26 21:44:01,104.3,298.0,65.0,CNY,61,2020-12-09,298.0,CNY,CN,True,False,False,False,False,False,False,1660.0,-193.7,-0.65,2025-06-26,False,False,13.83974537037037,True
1091500,018d937f-2997-7131-b8b9-7c8af4825fa8,CN,2025-08-04 17:21:04,104.3,298.0,65.0,CNY,61,2020-12-09,298.0,CNY,CN,True,False,False,False,False,False,False,1699.0,-193.7,-0.65,2025-08-04,False,False,12.998043981481482,True
1091500,018d937f-2997-7131-b8b9-7c8af4825fa8,CN,2025-09-18 17:20:26,104.3,298.0,65.0,CNY,61,2020-12-09,298.0,CNY,CN,True,False,False,False,False,False,False,1744.0,-193.7,-0.65,2025-09-18,False,False,9.9965625,True
1091500,018d937f-2997-7131-b8b9-7c8af4825fa8,CN,2025-09-29 20:56:55,104.3,298.0,65.0,CNY,61,2020-12-09,298.0,CNY,CN,True,False,False,False,False,False,False,1755.0,-193.7,-0.65,2025-09-29,False,False,6.864236111111111,True
1091500,018d937f-2997-7131-b8b9-7c8af4825fa8,DE,2021-02-11 19:01:07,53.99,59.99,10.0,EUR,61,2020-12-09,59.99,EUR,DE,True,False,False,False,False,False,False,64.0,-6.0,-0.1000166694449075,2021-02-11,False,False,3.972349537037037,True
1091500,018d937f-2997-7131-b8b9-7c8af4825fa8,DE,2021-03-22 17:21:18,47.99,59.99,20.0,EUR,61,2020-12-09,59.99,EUR,DE,True,False,False,False,False,False,False,103.0,-12.0,-0.200033338889815,2021-03-22,False,False,13.999768518518518,True
1091500,018d937f-2997-7131-b8b9-7c8af4825fa8,DE,2021-05-18 17:18:11,47.99,59.99,20.0,EUR,61,2020-12-09,59.99,EUR,DE,True,False,False,False,False,False,False,160.0,-12.0,-0.200033338889815,2021-05-18,False,False,13.006805555555555,True
1091500,018d937f-2997-7131-b8b9-7c8af4825fa8,DE,2021-06-26 12:23:34,40.19,59.99,33.0,EUR,61,2020-12-09,59.99,EUR,DE,True,False,False,False,False,False,False,199.0,-19.800000000000004,-0.33005500916819475,2021-06-26,False,False,12.298252314814814,True
1091500,018d937f-2997-7131-b8b9-7c8af4825fa8,DE,2021-08-23 17:19:59,40.19,59.99,33.0,EUR,61,2020-12-09,59.99,EUR,DE,True,False,False,False,False,False,False,257.0,-19.800000000000004,-0.33005500916819475,2021-08-23,False,False,14.004548611111112,True
1091500,018d937f-2997-7131-b8b9-7c8af4825fa8,DE,2021-10-22 17:24:43,40.19,59.99,33.0,EUR,61,2020-12-09,59.99,EUR,DE,True,False,False,False,False,False,False,317.0,-19.800000000000004,-0.33005500916819475,2021-10-22,False,False,1.9992013888888889,True
1091500,018d937f-2997-7131-b8b9-7c8af4825fa8,DE,2021-10-28 18:56:52,40.19,59.99,33.0,EUR,61,2020-12-09,59.99,EUR,DE,True,False,False,False,False,False,False,323.0,-19.800000000000004,-0.33005500916819475,2021-10-28,False,False,4.045243055555556,True
1091500,018d937f-2997-7131-b8b9-7c8af4825fa8,DE,2021-11-24 21:41:20,29.99,59.99,50.0,EUR,61,2020-12-09,59.99,EUR,DE,True,False,False,False,False,False,False,350.0,-30.000000000000004,-0.5000833472245374,2021-11-24,False,False,6.9304398148148145,True
1091500,018d937f-2997-7131-b8b9-7c8af4825fa8,DE,2021-12-08 23:27:10,29.99,59.99,50.0,EUR,61,2020-12-09,59.99,EUR,DE,True,False,False,False,False,False,False,364.0,-30.000000000000004,-0.5000833472245374,2021-12-08,False,False,4.7796875,True
1091500,018d937f-2997-7131-b8b9-7c8af4825fa8,DE,2021-12-22 23:15:40,29.99,59.99,50.0,EUR,61,2020-12-09,59.99,EUR,DE,True,False,False,False,False,False,False,378.0,-30.000000000000004,-0.5000833472245374,2021-12-22,False,False,13.89630787037037,True
1091500,018d937f-2997-7131-b8b9-7c8af4825fa8,DE,2022-01-27 19:59:24,29.99,59.99,50.0,EUR,61,2020-12-09,59.99,EUR,DE,True,False,False,False,False,False,False,414.0,-30.000000000000004,-0.5000833472245374,2022-01-27,False,False,7.004386574074074,True
1091500,018d937f-2997-7131-b8b9-7c8af4825fa8,DE,2022-02-15 18:06:12,29.99,59.99,50.0,EUR,61,2020-12-09,59.99,EUR,DE,True,False,False,False,False,False,False,433.0,-30.000000000000004,-0.5000833472245374,2022-02-15,False,False,14.013159722222222,True
1091500,018d937f-2997-7131-b8b9-7c8af4825fa8,DE,2022-04-18 18:03:14,29.99,59.99,50.0,EUR,61,2020-12-09,59.99,EUR,DE,True,False,False,False,False,False,False,495.0,-30.000000000000004,-0.5000833472245374,2022-04-18,False,False,13.980081018518518,True
1091500,018d937f-2997-7131-b8b9-7c8af4825fa8,DE,2022-06-10 17:06:19,29.99,59.99,50.0,EUR,61,2020-12-09,59.99,EUR,DE,True,False,False,False,False,False,False,548.0,-30.000000000000004,-0.5000833472245374,2022-06-10,False,False,3.0007291666666664,True
1091500,018d937f-2997-7131-b8b9-7c8af4825fa8,DE,2022-06-23 19:36:22,29.99,59.99,50.0,EUR,61,2020-12-09,59.99,EUR,DE,True,False,False,False,False,False,False,561.0,-30.000000000000004,-0.5000833472245374,2022-06-23,False,False,14.000787037037037,True
1091500,018d937f-2997-7131-b8b9-7c8af4825fa8,DE,2022-08-08 17:21:07,29.99,59.99,50.0,EUR,61,2020-12-09,59.99,EUR,DE,True,False,False,False,False,False,False,607.0,-30.000000000000004,-0.5000833472245374,2022-08-08,False,False,3.9960185185185186,True
1091500,018d937f-2997-7131-b8b9-7c8af4825fa8,DE,2022-09-12 17:13:04,29.99,59.99,50.0,EUR,61,2020-12-09,59.99,EUR,DE,True,False,False,False,False,False,False,642.0,-30.000000000000004,-0.5000833472245374,2022-09-12,False,False,12.999502314814816,True
1091500,018d937f-2997-7131-b8b9-7c8af4825fa8,DE,2022-10-28 17:04:12,29.99,59.99,50.0,EUR,61,2020-12-09,59.99,EUR,DE,True,False,False,False,False,False,False,688.0,-30.000000000000004,-0.5000833472245374,2022-10-28,False,False,4.016284722222222,True
1091500,018d937f-2997-7131-b8b9-7c8af4825fa8,DE,2022-11-22 19:48:02,29.99,59.99,50.0,EUR,61,2020-12-09,59.99,EUR,DE,True,False,False,False,False,False,False,713.0,-30.000000000000004,-0.5000833472245374,2022-11-22,False,False,7.016030092592593,True
1091500,018d937f-2997-7131-b8b9-7c8af4825fa8,DE,2022-12-08 18:29:34,29.99,59.99,50.0,EUR,61,2020-12-09,59.99,EUR,DE,True,False,False,False,False,False,False,729.0,-30.000000000000004,-0.5000833472245374,2022-12-08,False,False,4.092175925925926,True
1091500,018d937f-2997-7131-b8b9-7c8af4825fa8,DE,2022-12-22 19:52:34,29.99,59.99,50.0,EUR,61,2020-12-09,59.99,EUR,DE,True,False,False,False,False,False,False,743.0,-30.000000000000004,-0.5000833472245374,2022-12-22,False,False,13.993310185185186,True
1091500,018d937f-2997-7131-b8b9-7c8af4825fa8,DE,2023-01-16 18:34:54,29.99,59.99,50.0,EUR,61,2020-12-09,59.99,EUR,DE,True,False,False,False,False,False,False,768.0,-30.000000000000004,-0.5000833472245374,2023-01-16,False,False,6.998275462962963,True
1091500,018d937f-2997-7131-b8b9-7c8af4825fa8,DE,2023-03-16 18:39:33,29.99,59.99,50.0,EUR,61,2020-12-09,59.99,EUR,DE,True,False,False,False,False,False,False,827.0,-30.000000000000004,-0.5000833472245374,2023-03-16,False,False,7.14494212962963,True
1091500,018d937f-2997-7131-b8b9-7c8af4825fa8,DE,2023-04-12 17:19:40,29.99,59.99,50.0,EUR,61,2020-12-09,59.99,EUR,DE,True,False,False,False,False,False,False,854.0,-30.000000000000004,-0.5000833472245374,2023-04-12,False,False,10.99957175925926,True
1091500,018d937f-2997-7131-b8b9-7c8af4825fa8,DE,2023-06-11 17:19:09,29.99,59.99,50.0,EUR,61,2020-12-09,59.99,EUR,DE,True,False,False,False,False,False,False,914.0,-30.000000000000004,-0.5000833472245374,2023-06-11,False,False,6.993206018518518,True
1091500,018d937f-2997-7131-b8b9-7c8af4825fa8,DE,2023-06-29 19:45:07,29.99,29.99,0.0,EUR,61,2020-12-09,59.99,EUR,DE,False,False,False,True,False,False,False,932.0,-30.000000000000004,-0.5000833472245374,2023-06-29,False,False,,False
1091500,018d937f-2997-7131-b8b9-7c8af4825fa8,DE,2023-07-13 19:24:25,59.99,59.99,0.0,EUR,61,2020-12-09,59.99,EUR,DE,False,False,False,True,False,False,False,946.0,0.0,0.0,2023-07-13,False,False,,False
1091500,018d937f-2997-7131-b8b9-7c8af4825fa8,DE,2023-08-14 17:25:52,29.99,59.99,50.0,EUR,61,2020-12-09,59.99,EUR,DE,True,False,False,False,False,False,False,978.0,-30.000000000000004,-0.5000833472245374,2023-08-14,False,False,7.0065740740740745,True
1091500,018d937f-2997-7131-b8b9-7c8af4825fa8,DE,2023-09-20 17:19:08,35.99,59.99,40.0,EUR,61,2020-12-09,59.99,EUR,DE,True,False,False,False,False,False,False,1015.0,-24.0,-0.4000666777796299,2023-09-20,False,False,10.999976851851851,True
1091500,018d937f-2997-7131-b8b9-7c8af4825fa8,DE,2023-10-31 17:19:37,35.99,59.99,40.0,EUR,61,2020-12-09,59.99,EUR,DE,True,False,False,False,False,False,False,1056.0,-24.0,-0.4000666777796299,2023-10-31,False,False,4.9992476851851855,True
1091500,018d937f-2997-7131-b8b9-7c8af4825fa8,DE,2023-11-21 23:41:58,29.99,59.99,50.0,EUR,61,2020-12-09,59.99,EUR,DE,True,False,False,False,False,False,False,1077.0,-30.000000000000004,-0.5000833472245374,2023-11-21,False,False,6.8554050925925925,True
1091500,018d937f-2997-7131-b8b9-7c8af4825fa8,DE,2023-12-05 18:19:21,29.99,59.99,50.0,EUR,61,2020-12-09,59.99,EUR,DE,True,False,False,False,False,False,False,1091.0,-30.000000000000004,-0.5000833472245374,2023-12-05,False,False,7.000902777777778,True
1091500,018d937f-2997-7131-b8b9-7c8af4825fa8,DE,2023-12-21 20:27:17,29.99,59.99,50.0,EUR,61,2020-12-09,59.99,EUR,DE,True,False,False,False,False,False,False,1107.0,-30.000000000000004,-0.5000833472245374,2023-12-21,False,False,13.977974537037037,True
1091500,018d937f-2997-7131-b8b9-7c8af4825fa8,DE,2024-02-08 18:03:22,29.99,59.99,50.0,EUR,61,2020-12-09,59.99,EUR,DE,True,False,False,False,False,False,False,1156.0,-30.000000000000004,-0.5000833472245374,2024-02-08,False,False,10.010185185185184,True
1091500,018d937f-2997-7131-b8b9-7c8af4825fa8,DE,2024-03-14 17:43:48,29.99,59.99,50.0,EUR,61,2020-12-09,59.99,EUR,DE,True,False,False,False,False,False,False,1191.0,-30.000000000000004,-0.5000833472245374,2024-03-14,False,False,7.003483796296297,True
1091500,018d937f-2997-7131-b8b9-7c8af4825fa8,DE,2024-03-28 17:15:40,29.99,59.99,50.0,EUR,61,2020-12-09,59.99,EUR,DE,True,False,False,False,False,False,False,1205.0,-30.000000000000004,-0.5000833472245374,2024-03-28,False,False,10.00175925925926,True
1091500,018d937f-2997-7131-b8b9-7c8af4825fa8,DE,2024-05-16 17:15:30,29.99,59.99,50.0,EUR,61,2020-12-09,59.99,EUR,DE,True,False,False,False,False,False,False,1254.0,-30.000000000000004,-0.5000833472245374,2024-05-16,False,False,9.999895833333333,True
1091500,018d937f-2997-7131-b8b9-7c8af4825fa8,DE,2024-06-27 18:00:02,29.99,59.99,50.0,EUR,61,2020-12-09,59.99,EUR,DE,True,False,False,False,False,False,False,1296.0,-30.000000000000004,-0.5000833472245374,2024-06-27,False,False,16.933622685185185,True
1091500,018d937f-2997-7131-b8b9-7c8af4825fa8,DE,2024-08-12 17:17:33,29.99,59.99,50.0,EUR,61,2020-12-09,59.99,EUR,DE,True,False,False,False,False,False,False,1342.0,-30.000000000000004,-0.5000833472245374,2024-08-12,False,False,7.001944444444445,True
1091500,018d937f-2997-7131-b8b9-7c8af4825fa8,DE,2024-09-19 17:16:16,29.99,59.99,50.0,EUR,61,2020-12-09,59.99,EUR,DE,True,False,False,False,False,False,False,1380.0,-30.000000000000004,-0.5000833472245374,2024-09-19,False,False,9.999537037037037,True
1091500,018d937f-2997-7131-b8b9-7c8af4825fa8,DE,2024-10-29 18:15:24,29.99,59.99,50.0,EUR,61,2020-12-09,59.99,EUR,DE,True,False,False,False,False,False,False,1420.0,-30.000000000000004,-0.5000833472245374,2024-10-29,False,False,12.000011574074074,True
1091500,018d937f-2997-7131-b8b9-7c8af4825fa8,DE,2024-11-27 21:02:41,26.99,59.99,55.0,EUR,61,2020-12-09,59.99,EUR,DE,True,False,False,False,False,False,False,1449.0,-33.0,-0.5500916819469912,2024-11-27,False,False,6.906527777777778,True
1091500,018d937f-2997-7131-b8b9-7c8af4825fa8,DE,2024-12-10 18:15:30,26.99,59.99,55.0,EUR,61,2020-12-09,59.99,EUR,DE,True,False,False,False,False,False,False,1462.0,-33.0,-0.5500916819469912,2024-12-10,False,False,8.00300925925926,True
1091500,018d937f-2997-7131-b8b9-7c8af4825fa8,DE,2024-12-19 21:58:06,26.99,59.99,55.0,EUR,61,2020-12-09,59.99,EUR,DE,True,False,False,False,False,False,False,1471.0,-33.0,-0.5500916819469912,2024-12-19,False,False,13.871875,True
1091500,018d937f-2997-7131-b8b9-7c8af4825fa8,DE,2025-01-24 18:15:23,26.99,59.99,55.0,EUR,61,2020-12-09,59.99,EUR,DE,True,False,False,False,False,False,False,1507.0,-33.0,-0.5500916819469912,2025-01-24,False,False,9.002025462962964,True
1091500,018d937f-2997-7131-b8b9-7c8af4825fa8,DE,2025-03-13 18:53:01,23.99,59.99,60.0,EUR,61,2020-12-09,59.99,EUR,DE,True,False,False,False,False,False,False,1555.0,-36.0,-0.600100016669445,2025-03-13,False,False,13.933402777777777,True
1091500,018d937f-2997-7131-b8b9-7c8af4825fa8,DE,2025-05-15 17:16:00,23.99,59.99,60.0,EUR,61,2020-12-09,59.99,EUR,DE,True,False,False,False,False,False,False,1618.0,-36.0,-0.600100016669445,2025-05-15,False,False,10.0,True
1091500,018d937f-2997-7131-b8b9-7c8af4825fa8,DE,2025-06-26 21:45:33,20.99,59.99,65.0,EUR,61,2020-12-09,59.99,EUR,DE,True,False,False,False,False,False,False,1660.0,-39.0,-0.6501083513918987,2025-06-26,False,False,13.835208333333334,True
1091500,018d937f-2997-7131-b8b9-7c8af4825fa8,DE,2025-08-04 17:19:20,20.99,59.99,65.0,EUR,61,2020-12-09,59.99,EUR,DE,True,False,False,False,False,False,False,1699.0,-39.0,-0.6501083513918987,2025-08-04,False,False,12.997337962962963,True
1091500,018d937f-2997-7131-b8b9-7c8af4825fa8,DE,2025-09-18 17:29:58,20.99,59.99,65.0,EUR,61,2020-12-09,59.99,EUR,DE,True,False,False,False,False,False,False,1744.0,-39.0,-0.6501083513918987,2025-09-18,False,False,9.990081018518518,True
1091500,018d937f-2997-7131-b8b9-7c8af4825fa8,DE,2025-09-29 20:51:54,20.99,59.99,65.0,EUR,61,2020-12-09,59.99,EUR,DE,True,False,False,False,False,False,False,1755.0,-39.0,-0.6501083513918987,2025-09-29,False,False,6.867685185185185,True
1091500,018d937f-2997-7131-b8b9-7c8af4825fa8,FR,2021-02-11 19:01:07,53.99,59.99,10.0,EUR,61,2020-12-09,59.99,EUR,FR,True,False,False,False,False,False,False,64.0,-6.0,-0.1000166694449075,2021-02-11,False,False,3.972349537037037,True
1091500,018d937f-2997-7131-b8b9-7c8af4825fa8,FR,2021-03-22 17:21:18,47.99,59.99,20.0,EUR,61,2020-12-09,59.99,EUR,FR,True,False,False,False,False,False,False,103.0,-12.0,-0.200033338889815,2021-03-22,False,False,13.999768518518518,True
1091500,018d937f-2997-7131-b8b9-7c8af4825fa8,FR,2021-05-18 17:18:11,47.99,59.99,20.0,EUR,61,2020-12-09,59.99,EUR,FR,True,False,False,False,False,False,False,160.0,-12.0,-0.200033338889815,2021-05-18,False,False,13.006805555555555,True
1091500,018d937f-2997-7131-b8b9-7c8af4825fa8,FR,2021-06-26 12:23:34,40.19,59.99,33.0,EUR,61,2020-12-09,59.99,EUR,FR,True,False,False,False,False,False,False,199.0,-19.800000000000004,-0.33005500916819475,2021-06-26,False,False,12.298252314814814,True
1091500,018d937f-2997-7131-b8b9-7c8af4825fa8,FR,2021-08-23 17:19:59,40.19,59.99,33.0,EUR,61,2020-12-09,59.99,EUR,FR,True,False,False,False,False,False,False,257.0,-19.800000000000004,-0.33005500916819475,2021-08-23,False,False,14.004548611111112,True
1091500,018d937f-2997-7131-b8b9-7c8af4825fa8,FR,2021-10-22 17:24:43,40.19,59.99,33.0,EUR,61,2020-12-09,59.99,EUR,FR,True,False,False,False,False,False,False,317.0,-19.800000000000004,-0.33005500916819475,2021-10-22,False,False,1.9992013888888889,True
1091500,018d937f-2997-7131-b8b9-7c8af4825fa8,FR,2021-10-28 18:56:52,40.19,59.99,33.0,EUR,61,2020-12-09,59.99,EUR,FR,True,False,False,False,False,False,False,323.0,-19.800000000000004,-0.33005500916819475,2021-10-28,False,False,4.045243055555556,True
1091500,018d937f-2997-7131-b8b9-7c8af4825fa8,FR,2021-11-24 21:41:20,29.99,59.99,50.0,EUR,61,2020-12-09,59.99,EUR,FR,True,False,False,False,False,False,False,350.0,-30.000000000000004,-0.5000833472245374,2021-11-24,False,False,6.9304398148148145,True
1091500,018d937f-2997-7131-b8b9-7c8af4825fa8,FR,2021-12-08 23:27:10,29.99,59.99,50.0,EUR,61,2020-12-09,59.99,EUR,FR,True,False,False,False,False,False,False,364.0,-30.000000000000004,-0.5000833472245374,2021-12-08,False,False,4.7796875,True
1091500,018d937f-2997-7131-b8b9-7c8af4825fa8,FR,2021-12-22 23:15:40,29.99,59.99,50.0,EUR,61,2020-12-09,59.99,EUR,FR,True,False,False,False,False,False,False,378.0,-30.000000000000004,-0.5000833472245374,2021-12-22,False,False,13.89630787037037,True
1091500,018d937f-2997-7131-b8b9-7c8af4825fa8,FR,2022-01-27 19:59:24,29.99,59.99,50.0,EUR,61,2020-12-09,59.99,EUR,FR,True,False,False,False,False,False,False,414.0,-30.000000000000004,-0.5000833472245374,2022-01-27,False,False,7.004386574074074,True
1091500,018d937f-2997-7131-b8b9-7c8af4825fa8,FR,2022-02-15 18:06:12,29.99,59.99,50.0,EUR,61,2020-12-09,59.99,EUR,FR,True,False,False,False,False,False,False,433.0,-30.000000000000004,-0.5000833472245374,2022-02-15,False,False,14.013159722222222,True
1091500,018d937f-2997-7131-b8b9-7c8af4825fa8,FR,2022-04-18 18:03:14,29.99,59.99,50.0,EUR,61,2020-12-09,59.99,EUR,FR,True,False,False,False,False,False,False,495.0,-30.000000000000004,-0.5000833472245374,2022-04-18,False,False,13.980081018518518,True
1091500,018d937f-2997-7131-b8b9-7c8af4825fa8,FR,2022-06-10 17:06:19,29.99,59.99,50.0,EUR,61,2020-12-09,59.99,EUR,FR,True,False,False,False,False,False,False,548.0,-30.000000000000004,-0.5000833472245374,2022-06-10,False,False,3.0007291666666664,True
1091500,018d937f-2997-7131-b8b9-7c8af4825fa8,FR,2022-06-23 19:36:22,29.99,59.99,50.0,EUR,61,2020-12-09,59.99,EUR,FR,True,False,False,False,False,False,False,561.0,-30.000000000000004,-0.5000833472245374,2022-06-23,False,False,14.000787037037037,True
1091500,018d937f-2997-7131-b8b9-7c8af4825fa8,FR,2022-08-08 17:21:07,29.99,59.99,50.0,EUR,61,2020-12-09,59.99,EUR,FR,True,False,False,False,False,False,False,607.0,-30.000000000000004,-0.5000833472245374,2022-08-08,False,False,3.9960185185185186,True
1091500,018d937f-2997-7131-b8b9-7c8af4825fa8,FR,2022-09-12 17:13:04,29.99,59.99,50.0,EUR,61,2020-12-09,59.99,EUR,FR,True,False,False,False,False,False,False,642.0,-30.000000000000004,-0.5000833472245374,2022-09-12,False,False,12.999502314814816,True
1091500,018d937f-2997-7131-b8b9-7c8af4825fa8,FR,2022-10-28 17:04:12,29.99,59.99,50.0,EUR,61,2020-12-09,59.99,EUR,FR,True,False,False,False,False,False,False,688.0,-30.000000000000004,-0.5000833472245374,2022-10-28,False,False,4.016284722222222,True
1091500,018d937f-2997-7131-b8b9-7c8af4825fa8,FR,2022-11-22 19:48:02,29.99,59.99,50.0,EUR,61,2020-12-09,59.99,EUR,FR,True,False,False,False,False,False,False,713.0,-30.000000000000004,-0.5000833472245374,2022-11-22,False,False,7.016030092592593,True
1091500,018d937f-2997-7131-b8b9-7c8af4825fa8,FR,2022-12-08 18:29:34,29.99,59.99,50.0,EUR,61,2020-12-09,59.99,EUR,FR,True,False,False,False,False,False,False,729.0,-30.000000000000004,-0.5000833472245374,2022-12-08,False,False,4.092175925925926,True
1091500,018d937f-2997-7131-b8b9-7c8af4825fa8,FR,2022-12-22 19:52:34,29.99,59.99,50.0,EUR,61,2020-12-09,59.99,EUR,FR,True,False,False,False,False,False,False,743.0,-30.000000000000004,-0.5000833472245374,2022-12-22,False,False,13.993310185185186,True
1091500,018d937f-2997-7131-b8b9-7c8af4825fa8,FR,2023-01-16 18:34:54,29.99,59.99,50.0,EUR,61,2020-12-09,59.99,EUR,FR,True,False,False,False,False,False,False,768.0,-30.000000000000004,-0.5000833472245374,2023-01-16,False,False,6.998275462962963,True
1091500,018d937f-2997-7131-b8b9-7c8af4825fa8,FR,2023-03-16 18:39:33,29.99,59.99,50.0,EUR,61,2020-12-09,59.99,EUR,FR,True,False,False,False,False,False,False,827.0,-30.000000000000004,-0.5000833472245374,2023-03-16,False,False,7.14494212962963,True
1091500,018d937f-2997-7131-b8b9-7c8af4825fa8,FR,2023-04-12 17:19:40,29.99,59.99,50.0,EUR,61,2020-12-09,59.99,EUR,FR,True,False,False,False,False,False,False,854.0,-30.000000000000004,-0.5000833472245374,2023-04-12,False,False,10.99957175925926,True
1091500,018d937f-2997-7131-b8b9-7c8af4825fa8,FR,2023-06-11 17:19:09,29.99,59.99,50.0,EUR,61,2020-12-09,59.99,EUR,FR,True,False,False,False,False,False,False,914.0,-30.000000000000004,-0.5000833472245374,2023-06-11,False,False,6.993206018518518,True
1091500,018d937f-2997-7131-b8b9-7c8af4825fa8,FR,2023-06-29 19:45:07,29.99,29.99,0.0,EUR,61,2020-12-09,59.99,EUR,FR,False,False,False,True,False,False,False,932.0,-30.000000000000004,-0.5000833472245374,2023-06-29,False,False,,False
1091500,018d937f-2997-7131-b8b9-7c8af4825fa8,FR,2023-07-13 19:24:25,59.99,59.99,0.0,EUR,61,2020-12-09,59.99,EUR,FR,False,False,False,True,False,False,False,946.0,0.0,0.0,2023-07-13,False,False,,False
1091500,018d937f-2997-7131-b8b9-7c8af4825fa8,FR,2023-08-14 17:25:52,29.99,59.99,50.0,EUR,61,2020-12-09,59.99,EUR,FR,True,False,False,False,False,False,False,978.0,-30.000000000000004,-0.5000833472245374,2023-08-14,False,False,7.0065740740740745,True
1091500,018d937f-2997-7131-b8b9-7c8af4825fa8,FR,2023-09-20 17:19:08,35.99,59.99,40.0,EUR,61,2020-12-09,59.99,EUR,FR,True,False,False,False,False,False,False,1015.0,-24.0,-0.4000666777796299,2023-09-20,False,False,10.999976851851851,True
1091500,018d937f-2997-7131-b8b9-7c8af4825fa8,FR,2023-10-31 17:19:37,35.99,59.99,40.0,EUR,61,2020-12-09,59.99,EUR,FR,True,False,False,False,False,False,False,1056.0,-24.0,-0.4000666777796299,2023-10-31,False,False,4.9992476851851855,True
1091500,018d937f-2997-7131-b8b9-7c8af4825fa8,FR,2023-11-21 23:41:58,29.99,59.99,50.0,EUR,61,2020-12-09,59.99,EUR,FR,True,False,False,False,False,False,False,1077.0,-30.000000000000004,-0.5000833472245374,2023-11-21,False,False,6.8554050925925925,True
1091500,018d937f-2997-7131-b8b9-7c8af4825fa8,FR,2023-12-05 18:19:21,29.99,59.99,50.0,EUR,61,2020-12-09,59.99,EUR,FR,True,False,False,False,False,False,False,1091.0,-30.000000000000004,-0.5000833472245374,2023-12-05,False,False,7.000902777777778,True
1091500,018d937f-2997-7131-b8b9-7c8af4825fa8,FR,2023-12-21 20:27:17,29.99,59.99,50.0,EUR,61,2020-12-09,59.99,EUR,FR,True,False,False,False,False,False,False,1107.0,-30.000000000000004,-0.5000833472245374,2023-12-21,False,False,13.977974537037037,True
1091500,018d937f-2997-7131-b8b9-7c8af4825fa8,FR,2024-02-08 18:03:22,29.99,59.99,50.0,EUR,61,2020-12-09,59.99,EUR,FR,True,False,False,False,False,False,False,1156.0,-30.000000000000004,-0.5000833472245374,2024-02-08,False,False,10.010185185185184,True
1091500,018d937f-2997-7131-b8b9-7c8af4825fa8,FR,2024-03-14 17:43:48,29.99,59.99,50.0,EUR,61,2020-12-09,59.99,EUR,FR,True,False,False,False,False,False,False,1191.0,-30.000000000000004,-0.5000833472245374,2024-03-14,False,False,7.003483796296297,True
1091500,018d937f-2997-7131-b8b9-7c8af4825fa8,FR,2024-03-28 17:15:40,29.99,59.99,50.0,EUR,61,2020-12-09,59.99,EUR,FR,True,False,False,False,False,False,False,1205.0,-30.000000000000004,-0.5000833472245374,2024-03-28,False,False,10.00175925925926,True
1091500,018d937f-2997-7131-b8b9-7c8af4825fa8,FR,2024-05-16 17:15:30,29.99,59.99,50.0,EUR,61,2020-12-09,59.99,EUR,FR,True,False,False,False,False,False,False,1254.0,-30.000000000000004,-0.5000833472245374,2024-05-16,False,False,9.999895833333333,True
1091500,018d937f-2997-7131-b8b9-7c8af4825fa8,FR,2024-06-27 18:00:02,29.99,59.99,50.0,EUR,61,2020-12-09,59.99,EUR,FR,True,False,False,False,False,False,False,1296.0,-30.000000000000004,-0.5000833472245374,2024-06-27,False,False,16.933622685185185,True
1091500,018d937f-2997-7131-b8b9-7c8af4825fa8,FR,2024-08-12 17:17:33,29.99,59.99,50.0,EUR,61,2020-12-09,59.99,EUR,FR,True,False,False,False,False,False,False,1342.0,-30.000000000000004,-0.5000833472245374,2024-08-12,False,False,7.001944444444445,True
1091500,018d937f-2997-7131-b8b9-7c8af4825fa8,FR,2024-09-19 17:16:16,29.99,59.99,50.0,EUR,61,2020-12-09,59.99,EUR,FR,True,False,False,False,False,False,False,1380.0,-30.000000000000004,-0.5000833472245374,2024-09-19,False,False,9.999537037037037,True
1091500,018d937f-2997-7131-b8b9-7c8af4825fa8,FR,2024-10-29 18:15:24,29.99,59.99,50.0,EUR,61,2020-12-09,59.99,EUR,FR,True,False,False,False,False,False,False,1420.0,-30.000000000000004,-0.5000833472245374,2024-10-29,False,False,12.000011574074074,True
1091500,018d937f-2997-7131-b8b9-7c8af4825fa8,FR,2024-11-27 21:02:41,26.99,59.99,55.0,EUR,61,2020-12-09,59.99,EUR,FR,True,False,False,False,False,False,False,1449.0,-33.0,-0.5500916819469912,2024-11-27,False,False,6.906527777777778,True
1091500,018d937f-2997-7131-b8b9-7c8af4825fa8,FR,2024-12-10 18:15:30,26.99,59.99,55.0,EUR,61,2020-12-09,59.99,EUR,FR,True,False,False,False,False,False,False,1462.0,-33.0,-0.5500916819469912,2024-12-10,False,False,8.00300925925926,True
1091500,018d937f-2997-7131-b8b9-7c8af4825fa8,FR,2024-12-19 21:58:06,26.99,59.99,55.0,EUR,61,2020-12-09,59.99,EUR,FR,True,False,False,False,False,False,False,1471.0,-33.0,-0.5500916819469912,2024-12-19,False,False,13.871875,True
1091500,018d937f-2997-7131-b8b9-7c8af4825fa8,FR,2025-01-24 18:15:23,26.99,59.99,55.0,EUR,61,2020-12-09,59.99,EUR,FR,True,False,False,False,False,False,False,1507.0,-33.0,-0.5500916819469912,2025-01-24,False,False,9.002025462962964,True
1091500,018d937f-2997-7131-b8b9-7c8af4825fa8,FR,2025-03-13 18:53:01,23.99,59.99,60.0,EUR,61,2020-12-09,59.99,EUR,FR,True,False,False,False,False,False,False,1555.0,-36.0,-0.600100016669445,2025-03-13,False,False,13.933402777777777,True
1091500,018d937f-2997-7131-b8b9-7c8af4825fa8,FR,2025-05-15 17:16:00,23.99,59.99,60.0,EUR,61,2020-12-09,59.99,EUR,FR,True,False,False,False,False,False,False,1618.0,-36.0,-0.600100016669445,2025-05-15,False,False,10.0,True
1091500,018d937f-2997-7131-b8b9-7c8af4825fa8,FR,2025-06-26 21:45:33,20.99,59.99,65.0,EUR,61,2020-12-09,59.99,EUR,FR,True,False,False,False,False,False,False,1660.0,-39.0,-0.6501083513918987,2025-06-26,False,False,13.835208333333334,True
1091500,018d937f-2997-7131-b8b9-7c8af4825fa8,FR,2025-08-04 17:19:20,20.99,59.99,65.0,EUR,61,2020-12-09,59.99,EUR,FR,True,False,False,False,False,False,False,1699.0,-39.0,-0.6501083513918987,2025-08-04,False,False,12.997337962962963,True
1091500,018d937f-2997-7131-b8b9-7c8af4825fa8,FR,2025-09-18 17:29:58,20.99,59.99,65.0,EUR,61,2020-12-09,59.99,EUR,FR,True,False,False,False,False,False,False,1744.0,-39.0,-0.6501083513918987,2025-09-18,False,False,9.990081018518518,True
1091500,018d937f-2997-7131-b8b9-7c8af4825fa8,FR,2025-09-29 20:51:54,20.99,59.99,65.0,EUR,61,2020-12-09,59.99,EUR,FR,True,False,False,False,False,False,False,1755.0,-39.0,-0.6501083513918987,2025-09-29,False,False,6.867685185185185,True
1091500,018d937f-2997-7131-b8b9-7c8af4825fa8,GB,2021-02-11 18:28:07,44.99,49.99,10.0,GBP,61,2020-12-09,49.99,GBP,GB,True,False,False,False,False,False,False,64.0,-5.0,-0.10002000400080013,2021-02-11,False,False,3.999675925925926,True
1091500,018d937f-2997-7131-b8b9-7c8af4825fa8,GB,2021-03-22 17:20:39,39.99,49.99,20.0,GBP,61,2020-12-09,49.99,GBP,GB,True,False,False,False,False,False,False,103.0,-10.0,-0.20004000800160027,2021-03-22,False,False,14.000243055555556,True
1091500,018d937f-2997-7131-b8b9-7c8af4825fa8,GB,2021-05-18 17:18:12,39.99,49.99,20.0,GBP,61,2020-12-09,49.99,GBP,GB,True,False,False,False,False,False,False,160.0,-10.0,-0.20004000800160027,2021-05-18,False,False,13.006782407407407,True
1091500,018d937f-2997-7131-b8b9-7c8af4825fa8,GB,2021-06-26 12:23:36,33.49,49.99,33.0,GBP,61,2020-12-09,49.99,GBP,GB,True,False,False,False,False,False,False,199.0,-16.5,-0.3300660132026405,2021-06-26,False,False,12.297627314814815,True
1091500,018d937f-2997-7131-b8b9-7c8af4825fa8,GB,2021-08-23 17:19:28,33.49,49.99,33.0,GBP,61,2020-12-09,49.99,GBP,GB,True,False,False,False,False,False,False,257.0,-16.5,-0.3300660132026405,2021-08-23,False,False,14.004826388888889,True
1091500,018d937f-2997-7131-b8b9-7c8af4825fa8,GB,2021-10-22 17:24:34,33.49,49.99,33.0,GBP,61,2020-12-09,49.99,GBP,GB,True,False,False,False,False,False,False,317.0,-16.5,-0.3300660132026405,2021-10-22,False,False,1.9993518518518518,True
1091500,018d937f-2997-7131-b8b9-7c8af4825fa8,GB,2021-10-28 18:56:30,33.49,49.99,33.0,GBP,61,2020-12-09,49.99,GBP,GB,True,False,False,False,False,False,False,323.0,-16.5,-0.3300660132026405,2021-10-28,False,False,4.053032407407407,True
1091500,018d937f-2997-7131-b8b9-7c8af4825fa8,GB,2021-11-24 19:56:47,24.99,49.99,50.0,GBP,61,2020-12-09,49.99,GBP,GB,True,False,False,False,False,False,False,350.0,-25.000000000000004,-0.5001000200040009,2021-11-24,False,False,7.000543981481481,True
1091500,018d937f-2997-7131-b8b9-7c8af4825fa8,GB,2021-12-08 18:24:29,24.99,49.99,50.0,GBP,61,2020-12-09,49.99,GBP,GB,True,False,False,False,False,False,False,364.0,-25.000000000000004,-0.5001000200040009,2021-12-08,False,False,4.98787037037037,True
1091500,018d937f-2997-7131-b8b9-7c8af4825fa8,GB,2021-12-22 20:19:04,24.99,49.99,50.0,GBP,61,2020-12-09,49.99,GBP,GB,True,False,False,False,False,False,False,378.0,-25.000000000000004,-0.5001000200040009,2021-12-22,False,False,14.011064814814814,True
1091500,018d937f-2997-7131-b8b9-7c8af4825fa8,GB,2022-01-27 20:02:33,24.99,49.99,50.0,GBP,61,2020-12-09,49.99,GBP,GB,True,False,False,False,False,False,False,414.0,-25.000000000000004,-0.5001000200040009,2022-01-27,False,False,7.003090277777778,True
1091500,018d937f-2997-7131-b8b9-7c8af4825fa8,GB,2022-02-15 18:06:11,24.99,49.99,50.0,GBP,61,2020-12-09,49.99,GBP,GB,True,False,False,False,False,False,False,433.0,-25.000000000000004,-0.5001000200040009,2022-02-15,False,False,14.005960648148148,True
1091500,018d937f-2997-7131-b8b9-7c8af4825fa8,GB,2022-04-18 17:13:07,24.99,49.99,50.0,GBP,61,2020-12-09,49.99,GBP,GB,True,False,False,False,False,False,False,495.0,-25.000000000000004,-0.5001000200040009,2022-04-18,False,False,13.993402777777778,True
1091500,018d937f-2997-7131-b8b9-7c8af4825fa8,GB,2022-06-10 17:18:49,24.99,49.99,50.0,GBP,61,2020-12-09,49.99,GBP,GB,True,False,False,False,False,False,False,548.0,-25.000000000000004,-0.5001000200040009,2022-06-10,False,False,2.992337962962963,True
1091500,018d937f-2997-7131-b8b9-7c8af4825fa8,GB,2022-06-24 00:36:26,24.99,49.99,50.0,GBP,61,2020-12-09,49.99,GBP,GB,True,False,False,False,False,False,False,562.0,-25.000000000000004,-0.5001000200040009,2022-06-24,False,False,13.790497685185185,True
1091500,018d937f-2997-7131-b8b9-7c8af4825fa8,GB,2022-08-08 17:23:01,24.99,49.99,50.0,GBP,61,2020-12-09,49.99,GBP,GB,True,False,False,False,False,False,False,607.0,-25.000000000000004,-0.5001000200040009,2022-08-08,False,False,3.994710648148148,True
1091500,018d937f-2997-7131-b8b9-7c8af4825fa8,GB,2022-09-12 17:18:51,24.99,49.99,50.0,GBP,61,2020-12-09,49.99,GBP,GB,True,False,False,False,False,False,False,642.0,-25.000000000000004,-0.5001000200040009,2022-09-12,False,False,12.99125,True
1091500,018d937f-2997-7131-b8b9-7c8af4825fa8,GB,2022-10-28 17:09:23,24.99,49.99,50.0,GBP,61,2020-12-09,49.99,GBP,GB,True,False,False,False,False,False,False,688.0,-25.000000000000004,-0.5001000200040009,2022-10-28,False,False,4.0125925925925925,True
1091500,018d937f-2997-7131-b8b9-7c8af4825fa8,GB,2022-11-22 19:43:45,24.99,49.99,50.0,GBP,61,2020-12-09,49.99,GBP,GB,True,False,False,False,False,False,False,713.0,-25.000000000000004,-0.5001000200040009,2022-11-22,False,False,7.020717592592592,True
1091500,018d937f-2997-7131-b8b9-7c8af4825fa8,GB,2022-12-08 18:29:39,24.99,49.99,50.0,GBP,61,2020-12-09,49.99,GBP,GB,True,False,False,False,False,False,False,729.0,-25.000000000000004,-0.5001000200040009,2022-12-08,False,False,4.100578703703704,True
1091500,018d937f-2997-7131-b8b9-7c8af4825fa8,GB,2022-12-22 23:21:17,24.99,49.99,50.0,GBP,61,2020-12-09,49.99,GBP,GB,True,False,False,False,False,False,False,743.0,-25.000000000000004,-0.5001000200040009,2022-12-22,False,False,13.847013888888888,True
1091500,018d937f-2997-7131-b8b9-7c8af4825fa8,GB,2023-01-16 18:32:09,24.99,49.99,50.0,GBP,61,2020-12-09,49.99,GBP,GB,True,False,False,False,False,False,False,768.0,-25.000000000000004,-0.5001000200040009,2023-01-16,False,False,6.989560185185185,True
1091500,018d937f-2997-7131-b8b9-7c8af4825fa8,GB,2023-03-16 18:39:32,24.99,49.99,50.0,GBP,61,2020-12-09,49.99,GBP,GB,True,False,False,False,False,False,False,827.0,-25.000000000000004,-0.5001000200040009,2023-03-16,False,False,6.967025462962963,True
1091500,018d937f-2997-7131-b8b9-7c8af4825fa8,GB,2023-04-12 17:29:06,24.99,49.99,50.0,GBP,61,2020-12-09,49.99,GBP,GB,True,False,False,False,False,False,False,854.0,-25.000000000000004,-0.5001000200040009,2023-04-12,False,False,10.99318287037037,True
1091500,018d937f-2997-7131-b8b9-7c8af4825fa8,GB,2023-06-11 17:18:59,24.99,49.99,50.0,GBP,61,2020-12-09,49.99,GBP,GB,True,False,False,False,False,False,False,914.0,-25.000000000000004,-0.5001000200040009,2023-06-11,False,False,6.99761574074074,True
1091500,018d937f-2997-7131-b8b9-7c8af4825fa8,GB,2023-06-30 00:34:52,24.99,49.99,50.0,GBP,61,2020-12-09,49.99,GBP,GB,True,False,False,False,False,False,False,933.0,-25.000000000000004,-0.5001000200040009,2023-06-30,False,False,13.779398148148148,True
1091500,018d937f-2997-7131-b8b9-7c8af4825fa8,GB,2023-08-14 17:03:40,24.99,49.99,50.0,GBP,61,2020-12-09,49.99,GBP,GB,True,False,False,False,False,False,False,978.0,-25.000000000000004,-0.5001000200040009,2023-08-14,False,False,7.019710648148148,True
1091500,018d937f-2997-7131-b8b9-7c8af4825fa8,GB,2023-09-20 17:19:08,29.99,49.99,40.0,GBP,61,2020-12-09,49.99,GBP,GB,True,False,False,False,False,False,False,1015.0,-20.000000000000004,-0.40008001600320064,2023-09-20,False,False,11.000023148148149,True
1091500,018d937f-2997-7131-b8b9-7c8af4825fa8,GB,2023-10-31 17:19:37,29.99,49.99,40.0,GBP,61,2020-12-09,49.99,GBP,GB,True,False,False,False,False,False,False,1056.0,-20.000000000000004,-0.40008001600320064,2023-10-31,False,False,4.999224537037037,True
1091500,018d937f-2997-7131-b8b9-7c8af4825fa8,GB,2023-11-21 20:01:20,24.99,49.99,50.0,GBP,61,2020-12-09,49.99,GBP,GB,True,False,False,False,False,False,False,1077.0,-25.000000000000004,-0.5001000200040009,2023-11-21,False,False,7.002951388888889,True
1091500,018d937f-2997-7131-b8b9-7c8af4825fa8,GB,2023-12-05 18:19:20,24.99,49.99,50.0,GBP,61,2020-12-09,49.99,GBP,GB,True,False,False,False,False,False,False,1091.0,-25.000000000000004,-0.5001000200040009,2023-12-05,False,False,7.001655092592593,True
1091500,018d937f-2997-7131-b8b9-7c8af4825fa8,GB,2023-12-21 20:22:28,24.99,49.99,50.0,GBP,61,2020-12-09,49.99,GBP,GB,True,False,False,False,False,False,False,1107.0,-25.000000000000004,-0.5001000200040009,2023-12-21,False,False,13.981180555555556,True
1091500,018d937f-2997-7131-b8b9-7c8af4825fa8,GB,2024-02-08 18:36:35,24.99,49.99,50.0,GBP,61,2020-12-09,49.99,GBP,GB,True,False,False,False,False,False,False,1156.0,-25.000000000000004,-0.5001000200040009,2024-02-08,False,False,9.985289351851852,True
1091500,018d937f-2997-7131-b8b9-7c8af4825fa8,GB,2024-03-14 17:38:21,24.99,49.99,50.0,GBP,61,2020-12-09,49.99,GBP,GB,True,False,False,False,False,False,False,1191.0,-25.000000000000004,-0.5001000200040009,2024-03-14,False,False,7.005347222222222,True
1091500,018d937f-2997-7131-b8b9-7c8af4825fa8,GB,2024-03-28 17:15:35,24.99,49.99,50.0,GBP,61,2020-12-09,49.99,GBP,GB,True,False,False,False,False,False,False,1205.0,-25.000000000000004,-0.5001000200040009,2024-03-28,False,False,10.00170138888889,True
1091500,018d937f-2997-7131-b8b9-7c8af4825fa8,GB,2024-05-16 17:15:28,24.99,49.99,50.0,GBP,61,2020-12-09,49.99,GBP,GB,True,False,False,False,False,False,False,1254.0,-25.000000000000004,-0.5001000200040009,2024-05-16,False,False,10.000023148148149,True
1091500,018d937f-2997-7131-b8b9-7c8af4825fa8,GB,2024-06-27 18:02:24,24.99,49.99,50.0,GBP,61,2020-12-09,49.99,GBP,GB,True,False,False,False,False,False,False,1296.0,-25.000000000000004,-0.5001000200040009,2024-06-27,False,False,16.931898148148147,True
1091500,018d937f-2997-7131-b8b9-7c8af4825fa8,GB,2024-08-12 17:17:32,24.99,49.99,50.0,GBP,61,2020-12-09,49.99,GBP,GB,True,False,False,False,False,False,False,1342.0,-25.000000000000004,-0.5001000200040009,2024-08-12,False,False,6.999467592592593,True
1091500,018d937f-2997-7131-b8b9-7c8af4825fa8,GB,2024-09-19 17:16:16,24.99,49.99,50.0,GBP,61,2020-12-09,49.99,GBP,GB,True,False,False,False,False,False,False,1380.0,-25.000000000000004,-0.5001000200040009,2024-09-19,False,False,10.001493055555555,True
1091500,018d937f-2997-7131-b8b9-7c8af4825fa8,GB,2024-10-29 18:18:06,24.99,49.99,50.0,GBP,61,2020-12-09,49.99,GBP,GB,True,False,False,False,False,False,False,1420.0,-25.000000000000004,-0.5001000200040009,2024-10-29,False,False,11.998206018518518,True
1091500,018d937f-2997-7131-b8b9-7c8af4825fa8,GB,2024-11-27 21:02:57,22.49,49.99,55.0,GBP,61,2020-12-09,49.99,GBP,GB,True,False,False,False,False,False,False,1449.0,-27.500000000000004,-0.550110022004401,2024-11-27,False,False,6.906331018518519,True
1091500,018d937f-2997-7131-b8b9-7c8af4825fa8,GB,2024-12-10 18:15:46,22.49,49.99,55.0,GBP,61,2020-12-09,49.99,GBP,GB,True,False,False,False,False,False,False,1462.0,-27.500000000000004,-0.550110022004401,2024-12-10,False,False,8.000636574074074,True
1091500,018d937f-2997-7131-b8b9-7c8af4825fa8,GB,2024-12-19 21:52:37,22.49,49.99,55.0,GBP,61,2020-12-09,49.99,GBP,GB,True,False,False,False,False,False,False,1471.0,-27.500000000000004,-0.550110022004401,2024-12-19,False,False,13.875648148148148,True
1091500,018d937f-2997-7131-b8b9-7c8af4825fa8,GB,2025-01-24 18:15:44,22.49,49.99,55.0,GBP,61,2020-12-09,49.99,GBP,GB,True,False,False,False,False,False,False,1507.0,-27.500000000000004,-0.550110022004401,2025-01-24,False,False,9.001921296296297,True
1091500,018d937f-2997-7131-b8b9-7c8af4825fa8,GB,2025-03-13 18:52:59,19.99,49.99,60.0,GBP,61,2020-12-09,49.99,GBP,GB,True,False,False,False,False,False,False,1555.0,-30.000000000000004,-0.600120024004801,2025-03-13,False,False,13.934849537037037,True
1091500,018d937f-2997-7131-b8b9-7c8af4825fa8,GB,2025-05-15 17:18:46,19.99,49.99,60.0,GBP,61,2020-12-09,49.99,GBP,GB,True,False,False,False,False,False,False,1618.0,-30.000000000000004,-0.600120024004801,2025-05-15,False,False,10.000266203703704,True
1091500,018d937f-2997-7131-b8b9-7c8af4825fa8,GB,2025-06-26 21:45:11,17.49,49.99,65.0,GBP,61,2020-12-09,49.99,GBP,GB,True,False,False,False,False,False,False,1660.0,-32.5,-0.6501300260052011,2025-06-26,False,False,13.835474537037037,True
1091500,018d937f-2997-7131-b8b9-7c8af4825fa8,GB,2025-08-04 17:19:22,17.49,49.99,65.0,GBP,61,2020-12-09,49.99,GBP,GB,True,False,False,False,False,False,False,1699.0,-32.5,-0.6501300260052011,2025-08-04,False,False,12.999305555555555,True
1091500,018d937f-2997-7131-b8b9-7c8af4825fa8,GB,2025-09-18 17:26:44,17.49,49.99,65.0,GBP,61,2020-12-09,49.99,GBP,GB,True,False,False,False,False,False,False,1744.0,-32.5,-0.6501300260052011,2025-09-18,False,False,9.994444444444444,True
1091500,018d937f-2997-7131-b8b9-7c8af4825fa8,GB,2025-09-29 21:02:13,17.49,49.99,65.0,GBP,61,2020-12-09,49.99,GBP,GB,True,False,False,False,False,False,False,1755.0,-32.5,-0.6501300260052011,2025-09-29,False,False,6.860532407407407,True
1091500,018d937f-2997-7131-b8b9-7c8af4825fa8,JP,2024-12-07 16:12:28,8778.0,8778.0,0.0,JPY,61,2020-12-09,8778.0,JPY,JP,False,False,False,False,False,False,False,1459.0,0.0,0.0,2024-12-07,False,False,,False
1091500,018d937f-2997-7131-b8b9-7c8af4825fa8,JP,2024-12-10 18:15:57,3950.0,8778.0,55.0,JPY,61,2020-12-09,8778.0,JPY,JP,True,False,False,False,False,False,False,1462.0,-4828.0,-0.5500113921166553,2024-12-10,False,False,8.003368055555555,True
1091500,018d937f-2997-7131-b8b9-7c8af4825fa8,JP,2024-12-19 20:41:20,3950.0,8778.0,55.0,JPY,61,2020-12-09,8778.0,JPY,JP,True,False,False,False,False,False,False,1471.0,-4828.0,-0.5500113921166553,2024-12-19,False,False,13.922800925925927,True
1091500,018d937f-2997-7131-b8b9-7c8af4825fa8,JP,2025-01-24 18:19:15,3950.0,8778.0,55.0,JPY,61,2020-12-09,8778.0,JPY,JP,True,False,False,False,False,False,False,1507.0,-4828.0,-0.5500113921166553,2025-01-24,False,False,8.997511574074075,True
1091500,018d937f-2997-7131-b8b9-7c8af4825fa8,JP,2025-03-13 19:44:03,3511.0,8778.0,60.0,JPY,61,2020-12-09,8778.0,JPY,JP,True,False,False,False,False,False,False,1555.0,-5267.0,-0.6000227842333106,2025-03-13,False,False,13.899837962962962,True
1091500,018d937f-2997-7131-b8b9-7c8af4825fa8,JP,2025-05-15 17:20:02,3511.0,8778.0,60.0,JPY,61,2020-12-09,8778.0,JPY,JP,True,False,False,False,False,False,False,1618.0,-5267.0,-0.6000227842333106,2025-05-15,False,False,9.997013888888889,True
1091500,018d937f-2997-7131-b8b9-7c8af4825fa8,JP,2025-06-26 22:08:56,3072.0,8778.0,65.0,JPY,61,2020-12-09,8778.0,JPY,JP,True,False,False,False,False,False,False,1660.0,-5706.0,-0.6500341763499657,2025-06-26,False,False,13.820219907407408,True
1091500,018d937f-2997-7131-b8b9-7c8af4825fa8,JP,2025-08-04 17:25:31,3072.0,8778.0,65.0,JPY,61,2020-12-09,8778.0,JPY,JP,True,False,False,False,False,False,False,1699.0,-5706.0,-0.6500341763499657,2025-08-04,False,False,12.992951388888889,True
1091500,018d937f-2997-7131-b8b9-7c8af4825fa8,JP,2025-09-18 17:32:12,3072.0,8778.0,65.0,JPY,61,2020-12-09,8778.0,JPY,JP,True,False,False,False,False,False,False,1744.0,-5706.0,-0.6500341763499657,2025-09-18,False,False,9.988483796296297,True
1091500,018d937f-2997-7131-b8b9-7c8af4825fa8,JP,2025-09-29 21:33:47,3072.0,8778.0,65.0,JPY,61,2020-12-09,8778.0,JPY,JP,True,False,False,False,False,False,False,1755.0,-5706.0,-0.6500341763499657,2025-09-29,False,False,6.846157407407407,True
1091500,018d937f-2997-7131-b8b9-7c8af4825fa8,PL,2021-02-11 19:01:07,237.55600000000004,263.956,10.0,PLN,61,2020-12-09,199.0,PLN,PL,True,True,True,False,False,False,False,64.0,38.55600000000004,0.19374874371859319,2021-02-11,True,True,3.972349537037037,True
1091500,018d937f-2997-7131-b8b9-7c8af4825fa8,PL,2021-03-22 17:21:18,211.15600000000003,263.956,20.0,PLN,61,2020-12-09,199.0,PLN,PL,True,False,False,False,False,False,False,103.0,12.156000000000034,0.06108542713567866,2021-03-22,True,True,13.999768518518518,True
1091500,018d937f-2997-7131-b8b9-7c8af4825fa8,PL,2021-05-18 17:18:11,211.15600000000003,263.956,20.0,PLN,61,2020-12-09,199.0,PLN,PL,True,False,False,False,False,False,False,160.0,12.156000000000034,0.06108542713567866,2021-05-18,True,True,13.006805555555555,True
1091500,018d937f-2997-7131-b8b9-7c8af4825fa8,PL,2021-06-26 12:23:34,176.836,263.956,33.0,PLN,61,2020-12-09,199.0,PLN,PL,True,False,False,False,False,False,False,199.0,-22.163999999999987,-0.11137688442211047,2021-06-26,True,True,12.298252314814814,True
1091500,018d937f-2997-7131-b8b9-7c8af4825fa8,PL,2021-08-23 17:19:59,176.836,263.956,33.0,PLN,61,2020-12-09,199.0,PLN,PL,True,False,False,False,False,False,False,257.0,-22.163999999999987,-0.11137688442211047,2021-08-23,True,True,14.004548611111112,True
1091500,018d937f-2997-7131-b8b9-7c8af4825fa8,PL,2021-10-22 17:24:43,176.836,263.956,33.0,PLN,61,2020-12-09,199.0,PLN,PL,True,False,False,False,False,False,False,317.0,-22.163999999999987,-0.11137688442211047,2021-10-22,True,True,1.9992013888888889,True
1091500,018d937f-2997-7131-b8b9-7c8af4825fa8,PL,2021-10-28 18:56:52,176.836,263.956,33.0,PLN,61,2020-12-09,199.0,PLN,PL,True,False,False,False,False,False,False,323.0,-22.163999999999987,-0.11137688442211047,2021-10-28,True,True,4.045243055555556,True
1091500,018d937f-2997-7131-b8b9-7c8af4825fa8,PL,2021-11-24 21:41:20,131.95600000000002,263.956,50.0,PLN,61,2020-12-09,199.0,PLN,PL,True,False,False,False,False,False,False,350.0,-67.04399999999998,-0.33690452261306525,2021-11-24,True,True,6.9304398148148145,True
1091500,018d937f-2997-7131-b8b9-7c8af4825fa8,PL,2021-12-08 23:27:10,131.95600000000002,263.956,50.0,PLN,61,2020-12-09,199.0,PLN,PL,True,False,False,False,False,False,False,364.0,-67.04399999999998,-0.33690452261306525,2021-12-08,True,True,4.7796875,True
1091500,018d937f-2997-7131-b8b9-7c8af4825fa8,PL,2021-12-22 23:15:40,131.95600000000002,263.956,50.0,PLN,61,2020-12-09,199.0,PLN,PL,True,False,False,False,False,False,False,378.0,-67.04399999999998,-0.33690452261306525,2021-12-22,True,True,13.89630787037037,True
1091500,018d937f-2997-7131-b8b9-7c8af4825fa8,PL,2022-01-27 19:59:24,131.95600000000002,263.956,50.0,PLN,61,2020-12-09,199.0,PLN,PL,True,False,False,False,False,False,False,414.0,-67.04399999999998,-0.33690452261306525,2022-01-27,True,True,7.004386574074074,True
1091500,018d937f-2997-7131-b8b9-7c8af4825fa8,PL,2022-02-15 18:06:12,131.95600000000002,263.956,50.0,PLN,61,2020-12-09,199.0,PLN,PL,True,False,False,False,False,False,False,433.0,-67.04399999999998,-0.33690452261306525,2022-02-15,True,True,14.013159722222222,True
1091500,018d937f-2997-7131-b8b9-7c8af4825fa8,PL,2022-04-18 18:03:14,131.95600000000002,263.956,50.0,PLN,61,2020-12-09,199.0,PLN,PL,True,False,False,False,False,False,False,495.0,-67.04399999999998,-0.33690452261306525,2022-04-18,True,True,13.980081018518518,True
1091500,018d937f-2997-7131-b8b9-7c8af4825fa8,PL,2022-06-10 17:06:19,131.95600000000002,263.956,50.0,PLN,61,2020-12-09,199.0,PLN,PL,True,False,False,False,False,False,False,548.0,-67.04399999999998,-0.33690452261306525,2022-06-10,True,True,3.0007291666666664,True
1091500,018d937f-2997-7131-b8b9-7c8af4825fa8,PL,2022-06-23 19:36:22,131.95600000000002,263.956,50.0,PLN,61,2020-12-09,199.0,PLN,PL,True,False,False,False,False,False,False,561.0,-67.04399999999998,-0.33690452261306525,2022-06-23,True,True,14.000787037037037,True
1091500,018d937f-2997-7131-b8b9-7c8af4825fa8,PL,2022-08-08 17:21:07,131.95600000000002,263.956,50.0,PLN,61,2020-12-09,199.0,PLN,PL,True,False,False,False,False,False,False,607.0,-67.04399999999998,-0.33690452261306525,2022-08-08,True,True,3.9960185185185186,True
1091500,018d937f-2997-7131-b8b9-7c8af4825fa8,PL,2022-09-12 17:13:04,131.95600000000002,263.956,50.0,PLN,61,2020-12-09,199.0,PLN,PL,True,False,False,False,False,False,False,642.0,-67.04399999999998,-0.33690452261306525,2022-09-12,True,True,12.999502314814816,True
1091500,018d937f-2997-7131-b8b9-7c8af4825fa8,PL,2022-10-28 17:04:12,131.95600000000002,263.956,50.0,PLN,61,2020-12-09,199.0,PLN,PL,True,False,False,False,False,False,False,688.0,-67.04399999999998,-0.33690452261306525,2022-10-28,True,True,4.016284722222222,True
1091500,018d937f-2997-7131-b8b9-7c8af4825fa8,PL,2022-11-22 19:48:02,131.95600000000002,263.956,50.0,PLN,61,2020-12-09,199.0,PLN,PL,True,False,False,False,False,False,False,713.0,-67.04399999999998,-0.33690452261306525,2022-11-22,True,True,7.016030092592593,True
1091500,018d937f-2997-7131-b8b9-7c8af4825fa8,PL,2022-12-08 18:29:34,131.95600000000002,263.956,50.0,PLN,61,2020-12-09,199.0,PLN,PL,True,False,False,False,False,False,False,729.0,-67.04399999999998,-0.33690452261306525,2022-12-08,True,True,4.092175925925926,True
1091500,018d937f-2997-7131-b8b9-7c8af4825fa8,PL,2022-12-22 19:52:34,131.95600000000002,263.956,50.0,PLN,61,2020-12-09,199.0,PLN,PL,True,False,False,False,False,False,False,743.0,-67.04399999999998,-0.33690452261306525,2022-12-22,True,True,13.993310185185186,True
1091500,018d937f-2997-7131-b8b9-7c8af4825fa8,PL,2023-01-16 18:34:54,131.95600000000002,263.956,50.0,PLN,61,2020-12-09,199.0,PLN,PL,True,False,False,False,False,False,False,768.0,-67.04399999999998,-0.33690452261306525,2023-01-16,True,True,6.998275462962963,True
1091500,018d937f-2997-7131-b8b9-7c8af4825fa8,PL,2023-03-16 18:39:33,131.95600000000002,263.956,50.0,PLN,61,2020-12-09,199.0,PLN,PL,True,False,False,False,False,False,False,827.0,-67.04399999999998,-0.33690452261306525,2023-03-16,True,True,7.14494212962963,True
1091500,018d937f-2997-7131-b8b9-7c8af4825fa8,PL,2023-04-12 17:19:40,131.95600000000002,263.956,50.0,PLN,61,2020-12-09,199.0,PLN,PL,True,False,False,False,False,False,False,854.0,-67.04399999999998,-0.33690452261306525,2023-04-12,True,True,10.99957175925926,True
1091500,018d937f-2997-7131-b8b9-7c8af4825fa8,PL,2023-06-11 17:19:09,131.95600000000002,263.956,50.0,PLN,61,2020-12-09,199.0,PLN,PL,True,False,False,False,False,False,False,914.0,-67.04399999999998,-0.33690452261306525,2023-06-11,True,True,6.993206018518518,True
1091500,018d937f-2997-7131-b8b9-7c8af4825fa8,PL,2023-06-29 19:45:07,131.95600000000002,131.95600000000002,0.0,PLN,61,2020-12-09,199.0,PLN,PL,False,False,False,True,False,False,False,932.0,-67.04399999999998,-0.33690452261306525,2023-06-29,True,True,,False
1091500,018d937f-2997-7131-b8b9-7c8af4825fa8,PL,2023-07-13 19:24:25,263.956,263.956,0.0,PLN,61,2020-12-09,199.0,PLN,PL,False,False,False,True,False,False,False,946.0,64.95600000000002,0.3264120603015077,2023-07-13,True,True,,False
1091500,018d937f-2997-7131-b8b9-7c8af4825fa8,PL,2023-08-14 17:25:52,131.95600000000002,263.956,50.0,PLN,61,2020-12-09,199.0,PLN,PL,True,False,False,False,False,False,False,978.0,-67.04399999999998,-0.33690452261306525,2023-08-14,True,True,7.0065740740740745,True
1091500,018d937f-2997-7131-b8b9-7c8af4825fa8,PL,2023-09-20 17:19:08,158.35600000000002,263.956,40.0,PLN,61,2020-12-09,199.0,PLN,PL,True,False,False,False,False,False,False,1015.0,-40.64399999999998,-0.2042412060301506,2023-09-20,True,True,10.999976851851851,True
1091500,018d937f-2997-7131-b8b9-7c8af4825fa8,PL,2023-10-31 17:19:37,158.35600000000002,263.956,40.0,PLN,61,2020-12-09,199.0,PLN,PL,True,False,False,False,False,False,False,1056.0,-40.64399999999998,-0.2042412060301506,2023-10-31,True,True,4.9992476851851855,True
1091500,018d937f-2997-7131-b8b9-7c8af4825fa8,PL,2023-11-21 23:41:58,131.95600000000002,263.956,50.0,PLN,61,2020-12-09,199.0,PLN,PL,True,False,False,False,False,False,False,1077.0,-67.04399999999998,-0.33690452261306525,2023-11-21,True,True,6.8554050925925925,True
1091500,018d937f-2997-7131-b8b9-7c8af4825fa8,PL,2023-12-05 18:19:21,131.95600000000002,263.956,50.0,PLN,61,2020-12-09,199.0,PLN,PL,True,False,False,False,False,False,False,1091.0,-67.04399999999998,-0.33690452261306525,2023-12-05,True,True,7.000902777777778,True
1091500,018d937f-2997-7131-b8b9-7c8af4825fa8,PL,2023-12-21 20:27:17,131.95600000000002,263.956,50.0,PLN,61,2020-12-09,199.0,PLN,PL,True,False,False,False,False,False,False,1107.0,-67.04399999999998,-0.33690452261306525,2023-12-21,True,True,13.977974537037037,True
1091500,018d937f-2997-7131-b8b9-7c8af4825fa8,PL,2024-02-08 18:03:22,131.95600000000002,263.956,50.0,PLN,61,2020-12-09,199.0,PLN,PL,True,False,False,False,False,False,False,1156.0,-67.04399999999998,-0.33690452261306525,2024-02-08,True,True,10.010185185185184,True
1091500,018d937f-2997-7131-b8b9-7c8af4825fa8,PL,2024-03-14 17:43:48,131.95600000000002,263.956,50.0,PLN,61,2020-12-09,199.0,PLN,PL,True,False,False,False,False,False,False,1191.0,-67.04399999999998,-0.33690452261306525,2024-03-14,True,True,7.003483796296297,True
1091500,018d937f-2997-7131-b8b9-7c8af4825fa8,PL,2024-03-28 17:15:40,131.95600000000002,263.956,50.0,PLN,61,2020-12-09,199.0,PLN,PL,True,False,False,False,False,False,False,1205.0,-67.04399999999998,-0.33690452261306525,2024-03-28,True,True,10.00175925925926,True
1091500,018d937f-2997-7131-b8b9-7c8af4825fa8,PL,2024-05-16 17:15:30,131.95600000000002,263.956,50.0,PLN,61,2020-12-09,199.0,PLN,PL,True,False,False,False,False,False,False,1254.0,-67.04399999999998,-0.33690452261306525,2024-05-16,True,True,9.999895833333333,True
1091500,018d937f-2997-7131-b8b9-7c8af4825fa8,PL,2024-06-27 18:00:02,124.57384615384616,249.1892307692308,50.0,PLN,61,2020-12-09,199.0,PLN,PL,True,False,False,False,False,False,False,1296.0,-74.42615384615384,-0.37400077309625046,2024-06-27,True,True,16.933622685185185,True
1091500,018d937f-2997-7131-b8b9-7c8af4825fa8,PL,2024-08-12 17:17:33,124.57384615384616,249.1892307692308,50.0,PLN,61,2020-12-09,199.0,PLN,PL,True,False,False,False,False,False,False,1342.0,-74.42615384615384,-0.37400077309625046,2024-08-12,True,True,7.001944444444445,True
1091500,018d937f-2997-7131-b8b9-7c8af4825fa8,PL,2024-09-19 17:16:16,124.57384615384616,249.1892307692308,50.0,PLN,61,2020-12-09,199.0,PLN,PL,True,False,False,False,False,False,False,1380.0,-74.42615384615384,-0.37400077309625046,2024-09-19,True,True,9.999537037037037,True
1091500,018d937f-2997-7131-b8b9-7c8af4825fa8,PL,2024-10-29 18:15:24,124.57384615384616,249.1892307692308,50.0,PLN,61,2020-12-09,199.0,PLN,PL,True,False,False,False,False,False,False,1420.0,-74.42615384615384,-0.37400077309625046,2024-10-29,True,True,12.000011574074074,True
1091500,018d937f-2997-7131-b8b9-7c8af4825fa8,PL,2024-11-27 21:02:41,112.1123076923077,249.1892307692308,55.0,PLN,61,2020-12-09,199.0,PLN,PL,True,False,False,False,False,False,False,1449.0,-86.8876923076923,-0.43662156938538843,2024-11-27,True,True,6.906527777777778,True
1091500,018d937f-2997-7131-b8b9-7c8af4825fa8,PL,2024-12-10 18:15:30,112.1123076923077,249.1892307692308,55.0,PLN,61,2020-12-09,199.0,PLN,PL,True,False,False,False,False,False,False,1462.0,-86.8876923076923,-0.43662156938538843,2024-12-10,True,True,8.00300925925926,True
1091500,018d937f-2997-7131-b8b9-7c8af4825fa8,PL,2024-12-19 21:58:06,112.1123076923077,249.1892307692308,55.0,PLN,61,2020-12-09,199.0,PLN,PL,True,False,False,False,False,False,False,1471.0,-86.8876923076923,-0.43662156938538843,2024-12-19,True,True,13.871875,True
1091500,018d937f-2997-7131-b8b9-7c8af4825fa8,PL,2025-01-24 18:15:23,112.1123076923077,249.1892307692308,55.0,PLN,61,2020-12-09,199.0,PLN,PL,True,False,False,False,False,False,False,1507.0,-86.8876923076923,-0.43662156938538843,2025-01-24,True,True,9.002025462962964,True
1091500,018d937f-2997-7131-b8b9-7c8af4825fa8,PL,2025-03-13 18:53:01,99.65076923076923,249.1892307692308,60.0,PLN,61,2020-12-09,199.0,PLN,PL,True,False,False,False,False,False,False,1555.0,-99.34923076923077,-0.4992423656745265,2025-03-13,True,True,13.933402777777777,True
1091500,018d937f-2997-7131-b8b9-7c8af4825fa8,PL,2025-05-15 17:16:00,99.65076923076923,249.1892307692308,60.0,PLN,61,2020-12-09,199.0,PLN,PL,True,False,False,False,False,False,False,1618.0,-99.34923076923077,-0.4992423656745265,2025-05-15,True,True,10.0,True
1091500,018d937f-2997-7131-b8b9-7c8af4825fa8,PL,2025-06-26 21:45:33,88.0756862745098,251.72274509803924,65.0,PLN,61,2020-12-09,199.0,PLN,PL,True,False,False,False,False,False,False,1660.0,-110.9243137254902,-0.5574086116858803,2025-06-26,True,True,13.835208333333334,True
1091500,018d937f-2997-7131-b8b9-7c8af4825fa8,PL,2025-08-04 17:19:20,88.0756862745098,251.72274509803924,65.0,PLN,61,2020-12-09,199.0,PLN,PL,True,False,False,False,False,False,False,1699.0,-110.9243137254902,-0.5574086116858803,2025-08-04,True,True,12.997337962962963,True
1091500,018d937f-2997-7131-b8b9-7c8af4825fa8,PL,2025-09-18 17:29:58,88.0756862745098,251.72274509803924,65.0,PLN,61,2020-12-09,199.0,PLN,PL,True,False,False,False,False,False,False,1744.0,-110.9243137254902,-0.5574086116858803,2025-09-18,True,True,9.990081018518518,True
1091500,018d937f-2997-7131-b8b9-7c8af4825fa8,PL,2025-09-29 20:51:54,88.0756862745098,251.72274509803924,65.0,PLN,61,2020-12-09,199.0,PLN,PL,True,False,False,False,False,False,False,1755.0,-110.9243137254902,-0.5574086116858803,2025-09-29,True,True,6.867685185185185,True
1091500,018d937f-2997-7131-b8b9-7c8af4825fa8,TR,2021-02-11 18:57:19,7.843500000000001,8.715000000000002,10.0,USD,61,2020-12-09,44.99,USD,TR,True,True,True,False,False,False,False,64.0,-37.1465,-0.8256612580573461,2021-02-11,True,True,3.9787962962962964,True
1091500,018d937f-2997-7131-b8b9-7c8af4825fa8,TR,2021-03-22 17:20:38,6.972,8.715000000000002,20.0,USD,61,2020-12-09,44.99,USD,TR,True,False,False,False,False,False,False,103.0,-38.018,-0.8450322293843076,2021-03-22,True,True,14.000393518518518,True
1091500,018d937f-2997-7131-b8b9-7c8af4825fa8,TR,2021-05-18 17:18:11,6.972,8.715000000000002,20.0,USD,61,2020-12-09,44.99,USD,TR,True,False,False,False,False,False,False,160.0,-38.018,-0.8450322293843076,2021-05-18,True,True,13.007175925925926,True
1091500,018d937f-2997-7131-b8b9-7c8af4825fa8,TR,2021-06-26 12:23:35,5.839050000000001,8.715000000000002,33.0,USD,61,2020-12-09,44.99,USD,TR,True,False,False,False,False,False,False,199.0,-39.15095,-0.8702144921093576,2021-06-26,True,True,12.298032407407407,True
1091500,018d937f-2997-7131-b8b9-7c8af4825fa8,TR,2021-08-23 17:20:00,5.839050000000001,8.715000000000002,33.0,USD,61,2020-12-09,44.99,USD,TR,True,False,False,False,False,False,False,257.0,-39.15095,-0.8702144921093576,2021-08-23,True,True,13.990787037037038,True
1091500,018d937f-2997-7131-b8b9-7c8af4825fa8,TR,2021-10-22 17:06:06,5.839050000000001,8.715000000000002,33.0,USD,61,2020-12-09,44.99,USD,TR,True,False,False,False,False,False,False,317.0,-39.15095,-0.8702144921093576,2021-10-22,True,True,2.003622685185185,True
1091500,018d937f-2997-7131-b8b9-7c8af4825fa8,TR,2021-10-28 18:56:27,5.839050000000001,8.715000000000002,33.0,USD,61,2020-12-09,44.99,USD,TR,True,False,False,False,False,False,False,323.0,-39.15095,-0.8702144921093576,2021-10-28,True,True,4.044143518518519,True
1091500,018d937f-2997-7131-b8b9-7c8af4825fa8,TR,2021-11-24 21:31:17,4.357500000000001,8.715000000000002,50.0,USD,61,2020-12-09,44.99,USD,TR,True,False,False,False,False,False,False,350.0,-40.6325,-0.9031451433651922,2021-11-24,True,True,6.939247685185185,True
1091500,018d937f-2997-7131-b8b9-7c8af4825fa8,TR,2021-12-08 19:15:43,4.357500000000001,8.715000000000002,50.0,USD,61,2020-12-09,44.99,USD,TR,True,False,False,False,False,False,False,364.0,-40.6325,-0.9031451433651922,2021-12-08,True,True,4.965046296296296,True
1091500,018d937f-2997-7131-b8b9-7c8af4825fa8,TR,2021-12-22 20:10:32,4.357500000000001,8.715000000000002,50.0,USD,61,2020-12-09,44.99,USD,TR,True,False,False,False,False,False,False,378.0,-40.6325,-0.9031451433651922,2021-12-22,True,True,14.025300925925926,True
1091500,018d937f-2997-7131-b8b9-7c8af4825fa8,TR,2022-01-27 20:01:24,4.357500000000001,8.715000000000002,50.0,USD,61,2020-12-09,44.99,USD,TR,True,False,False,False,False,False,False,414.0,-40.6325,-0.9031451433651922,2022-01-27,True,True,7.001458333333333,True
1091500,018d937f-2997-7131-b8b9-7c8af4825fa8,TR,2022-02-15 18:37:47,4.357500000000001,8.715000000000002,50.0,USD,61,2020-12-09,44.99,USD,TR,True,False,False,False,False,False,False,433.0,-40.6325,-0.9031451433651922,2022-02-15,True,True,13.988495370370371,True
1091500,018d937f-2997-7131-b8b9-7c8af4825fa8,TR,2022-04-18 17:20:11,4.357500000000001,8.715000000000002,50.0,USD,61,2020-12-09,44.99,USD,TR,True,False,False,False,False,False,False,495.0,-40.6325,-0.9031451433651922,2022-04-18,True,True,13.988495370370371,True
1091500,018d937f-2997-7131-b8b9-7c8af4825fa8,TR,2022-06-10 17:18:51,4.357500000000001,8.715000000000002,50.0,USD,61,2020-12-09,44.99,USD,TR,True,False,False,False,False,False,False,548.0,-40.6325,-0.9031451433651922,2022-06-10,True,True,2.999953703703704,True
1091500,018d937f-2997-7131-b8b9-7c8af4825fa8,TR,2022-06-23 19:36:25,4.357500000000001,8.715000000000002,50.0,USD,61,2020-12-09,44.99,USD,TR,True,False,False,False,False,False,False,561.0,-40.6325,-0.9031451433651922,2022-06-23,True,True,13.995659722222221,True
1091500,018d937f-2997-7131-b8b9-7c8af4825fa8,TR,2022-08-08 17:21:38,4.357500000000001,8.715000000000002,50.0,USD,61,2020-12-09,44.99,USD,TR,True,False,False,False,False,False,False,607.0,-40.6325,-0.9031451433651922,2022-08-08,True,True,3.9872569444444443,True
1091500,018d937f-2997-7131-b8b9-7c8af4825fa8,TR,2022-09-12 17:39:53,4.357500000000001,8.715000000000002,50.0,USD,61,2020-12-09,44.99,USD,TR,True,False,False,False,False,False,False,642.0,-40.6325,-0.9031451433651922,2022-09-12,True,True,12.985127314814815,True
1091500,018d937f-2997-7131-b8b9-7c8af4825fa8,TR,2022-10-28 17:18:47,4.357500000000001,8.715000000000002,50.0,USD,61,2020-12-09,44.99,USD,TR,True,False,False,False,False,False,False,688.0,-40.6325,-0.9031451433651922,2022-10-28,True,True,4.006226851851852,True
1091500,018d937f-2997-7131-b8b9-7c8af4825fa8,TR,2022-11-22 18:20:13,4.357500000000001,8.715000000000002,50.0,USD,61,2020-12-09,44.99,USD,TR,True,False,False,False,False,False,False,713.0,-40.6325,-0.9031451433651922,2022-11-22,True,True,7.077314814814815,True
1091500,018d937f-2997-7131-b8b9-7c8af4825fa8,TR,2022-12-08 18:19:20,4.357500000000001,8.715000000000002,50.0,USD,61,2020-12-09,44.99,USD,TR,True,False,False,False,False,False,False,729.0,-40.6325,-0.9031451433651922,2022-12-08,True,True,4.029421296296296,True
1091500,018d937f-2997-7131-b8b9-7c8af4825fa8,TR,2022-12-22 23:19:55,4.357500000000001,8.715000000000002,50.0,USD,61,2020-12-09,44.99,USD,TR,True,False,False,False,False,False,False,743.0,-40.6325,-0.9031451433651922,2022-12-22,True,True,13.95800925925926,True
1091500,018d937f-2997-7131-b8b9-7c8af4825fa8,TR,2023-01-16 18:33:43,4.357500000000001,8.715000000000002,50.0,USD,61,2020-12-09,44.99,USD,TR,True,False,False,False,False,False,False,768.0,-40.6325,-0.9031451433651922,2023-01-16,True,True,6.990486111111111,True
1091500,018d937f-2997-7131-b8b9-7c8af4825fa8,TR,2023-01-30 16:09:38,17.465000000000003,17.465000000000003,0.0,USD,61,2020-12-09,44.99,USD,TR,False,False,False,True,False,False,False,782.0,-27.525,-0.6118026228050677,2023-01-30,True,True,,False
1091500,018d937f-2997-7131-b8b9-7c8af4825fa8,TR,2023-03-16 18:39:32,8.732500000000002,17.465000000000003,50.0,USD,61,2020-12-09,44.99,USD,TR,True,False,False,False,False,False,False,827.0,-36.2575,-0.8059013114025338,2023-03-16,True,True,7.0468518518518515,True
1091500,018d937f-2997-7131-b8b9-7c8af4825fa8,TR,2023-04-12 17:28:45,8.732500000000002,17.465000000000003,50.0,USD,61,2020-12-09,44.99,USD,TR,True,False,False,False,False,False,False,854.0,-36.2575,-0.8059013114025338,2023-04-12,True,True,10.986493055555556,True
1091500,018d937f-2997-7131-b8b9-7c8af4825fa8,TR,2023-05-02 15:33:17,27.965000000000003,27.965000000000003,0.0,USD,61,2020-12-09,44.99,USD,TR,False,False,False,True,False,False,False,874.0,-17.025,-0.37841742609468765,2023-05-02,True,True,,False
1091500,018d937f-2997-7131-b8b9-7c8af4825fa8,TR,2023-06-29 19:25:20,13.982500000000002,27.965000000000003,50.0,USD,61,2020-12-09,44.99,USD,TR,True,False,False,False,False,False,False,932.0,-31.0075,-0.6892087130473439,2023-06-29,True,True,13.99175925925926,True
1091500,018d937f-2997-7131-b8b9-7c8af4825fa8,TR,2023-08-14 17:03:43,13.982500000000002,27.965000000000003,50.0,USD,61,2020-12-09,44.99,USD,TR,True,False,False,False,False,False,False,978.0,-31.0075,-0.6892087130473439,2023-08-14,True,True,7.0170717592592595,True
1091500,018d937f-2997-7131-b8b9-7c8af4825fa8,TR,2023-09-20 17:12:24,16.779,27.965000000000003,40.0,USD,61,2020-12-09,44.99,USD,TR,True,False,False,False,False,False,False,1015.0,-28.211000000000002,-0.6270504556568126,2023-09-20,True,True,11.002118055555556,True
1091500,018d937f-2997-7131-b8b9-7c8af4825fa8,TR,2023-10-31 17:19:36,16.779,27.965000000000003,40.0,USD,61,2020-12-09,44.99,USD,TR,True,False,False,False,False,False,False,1056.0,-28.211000000000002,-0.6270504556568126,2023-10-31,True,True,4.9992476851851855,True
1091500,018d937f-2997-7131-b8b9-7c8af4825fa8,TR,2023-11-21 15:59:40,45.34355,45.34355,0.0,USD,61,2020-12-09,44.99,USD,TR,False,False,False,True,False,False,False,1077.0,0.3535499999999985,0.007858412980662255,2023-11-21,True,True,,False
1091500,018d937f-2997-7131-b8b9-7c8af4825fa8,TR,2023-11-21 20:10:42,22.638,45.286150000000006,50.0,USD,61,2020-12-09,44.99,USD,TR,True,False,False,False,False,False,False,1077.0,-22.352,-0.4968215158924205,2023-11-21,True,True,6.99818287037037,True
1091500,018d937f-2997-7131-b8b9-7c8af4825fa8,TR,2023-12-05 18:19:34,22.750000000000004,45.51015,50.0,USD,61,2020-12-09,44.99,USD,TR,True,False,False,False,False,False,False,1091.0,-22.24,-0.49433207379417643,2023-12-05,True,True,6.999456018518519,True
1091500,018d937f-2997-7131-b8b9-7c8af4825fa8,TR,2023-12-21 20:24:58,22.954400000000003,45.91895,50.0,USD,61,2020-12-09,44.99,USD,TR,True,False,False,False,False,False,False,1107.0,-22.0356,-0.48978884196488104,2023-12-21,True,True,13.975798611111111,True
1091500,018d937f-2997-7131-b8b9-7c8af4825fa8,TR,2024-02-08 18:36:36,24.091900000000003,48.194300000000005,50.0,USD,61,2020-12-09,44.99,USD,TR,True,False,False,False,False,False,False,1156.0,-20.8981,-0.46450544565458984,2024-02-08,True,True,9.987164351851852,True
1091500,018d937f-2997-7131-b8b9-7c8af4825fa8,TR,2024-02-11 06:39:32,22.49,44.99,50.0,USD,61,2020-12-09,44.99,USD,TR,True,True,False,False,False,False,False,1159.0,-22.500000000000004,-0.5001111358079574,2024-02-11,False,False,,False
1091500,018d937f-2997-7131-b8b9-7c8af4825fa8,TR,2024-03-14 17:43:49,22.49,44.99,50.0,USD,61,2020-12-09,44.99,USD,TR,True,False,False,False,False,False,False,1191.0,-22.500000000000004,-0.5001111358079574,2024-03-14,False,False,7.001516203703703,True
1091500,018d937f-2997-7131-b8b9-7c8af4825fa8,TR,2024-03-28 17:15:47,22.49,44.99,50.0,USD,61,2020-12-09,44.99,USD,TR,True,False,False,False,False,False,False,1205.0,-22.500000000000004,-0.5001111358079574,2024-03-28,False,False,9.999756944444444,True
1091500,018d937f-2997-7131-b8b9-7c8af4825fa8,TR,2024-05-16 17:18:03,22.49,44.99,50.0,USD,61,2020-12-09,44.99,USD,TR,True,False,False,False,False,False,False,1254.0,-22.500000000000004,-0.5001111358079574,2024-05-16,False,False,9.998217592592592,True
1091500,018d937f-2997-7131-b8b9-7c8af4825fa8,TR,2024-06-27 18:00:09,22.49,44.99,50.0,USD,61,2020-12-09,44.99,USD,TR,True,False,False,False,False,False,False,1296.0,-22.500000000000004,-0.5001111358079574,2024-06-27,False,False,16.93346064814815,True
1091500,018d937f-2997-7131-b8b9-7c8af4825fa8,TR,2024-08-12 17:17:33,22.49,44.99,50.0,USD,61,2020-12-09,44.99,USD,TR,True,False,False,False,False,False,False,1342.0,-22.500000000000004,-0.5001111358079574,2024-08-12,False,False,7.001585648148148,True
1091500,018d937f-2997-7131-b8b9-7c8af4825fa8,TR,2024-09-19 17:19:00,22.49,44.99,50.0,USD,61,2020-12-09,44.99,USD,TR,True,False,False,False,False,False,False,1380.0,-22.500000000000004,-0.5001111358079574,2024-09-19,False,False,9.999803240740741,True
1091500,018d937f-2997-7131-b8b9-7c8af4825fa8,TR,2024-10-29 18:15:30,22.49,44.99,50.0,USD,61,2020-12-09,44.99,USD,TR,True,False,False,False,False,False,False,1420.0,-22.500000000000004,-0.5001111358079574,2024-10-29,False,False,12.001805555555556,True
1091500,018d937f-2997-7131-b8b9-7c8af4825fa8,TR,2024-11-27 21:28:38,20.24,44.99,55.0,USD,61,2020-12-09,44.99,USD,TR,True,False,False,False,False,False,False,1449.0,-24.750000000000004,-0.5501222493887531,2024-11-27,False,False,6.888506944444444,True
1091500,018d937f-2997-7131-b8b9-7c8af4825fa8,TR,2024-12-10 18:18:12,20.24,44.99,55.0,USD,61,2020-12-09,44.99,USD,TR,True,False,False,False,False,False,False,1462.0,-24.750000000000004,-0.5501222493887531,2024-12-10,False,False,8.001099537037037,True
1091500,018d937f-2997-7131-b8b9-7c8af4825fa8,TR,2024-12-19 20:29:07,20.24,44.99,55.0,USD,61,2020-12-09,44.99,USD,TR,True,False,False,False,False,False,False,1471.0,-24.750000000000004,-0.5501222493887531,2024-12-19,False,False,13.933553240740741,True
1091500,018d937f-2997-7131-b8b9-7c8af4825fa8,TR,2025-01-24 18:15:22,20.24,44.99,55.0,USD,61,2020-12-09,44.99,USD,TR,True,False,False,False,False,False,False,1507.0,-24.750000000000004,-0.5501222493887531,2025-01-24,False,False,9.000092592592592,True
1091500,018d937f-2997-7131-b8b9-7c8af4825fa8,TR,2025-03-13 19:23:53,17.99,44.99,60.0,USD,61,2020-12-09,44.99,USD,TR,True,False,False,False,False,False,False,1555.0,-27.000000000000004,-0.6001333629695489,2025-03-13,False,False,13.913333333333334,True
1091500,018d937f-2997-7131-b8b9-7c8af4825fa8,TR,2025-05-15 17:19:11,17.99,44.99,60.0,USD,61,2020-12-09,44.99,USD,TR,True,False,False,False,False,False,False,1618.0,-27.000000000000004,-0.6001333629695489,2025-05-15,False,False,9.997777777777777,True
1091500,018d937f-2997-7131-b8b9-7c8af4825fa8,TR,2025-06-26 21:56:54,15.74,44.99,65.0,USD,61,2020-12-09,44.99,USD,TR,True,False,False,False,False,False,False,1660.0,-29.25,-0.6501444765503446,2025-06-26,False,False,13.830625,True
1091500,018d937f-2997-7131-b8b9-7c8af4825fa8,TR,2025-08-04 17:21:12,15.74,44.99,65.0,USD,61,2020-12-09,44.99,USD,TR,True,False,False,False,False,False,False,1699.0,-29.25,-0.6501444765503446,2025-08-04,False,False,12.996145833333333,True
1091500,018d937f-2997-7131-b8b9-7c8af4825fa8,TR,2025-09-18 17:20:50,15.74,44.99,65.0,USD,61,2020-12-09,44.99,USD,TR,True,False,False,False,False,False,False,1744.0,-29.25,-0.6501444765503446,2025-09-18,False,False,9.996261574074074,True
1091500,018d937f-2997-7131-b8b9-7c8af4825fa8,TR,2025-09-29 21:04:59,15.74,44.99,65.0,USD,61,2020-12-09,44.99,USD,TR,True,False,False,False,False,False,False,1755.0,-29.25,-0.6501444765503446,2025-09-29,False,False,6.858587962962963,True
1091500,018d937f-2997-7131-b8b9-7c8af4825fa8,US,2021-02-11 18:57:13,53.99,59.99,10.0,USD,61,2020-12-09,59.99,USD,US,True,False,False,False,False,False,False,64.0,-6.0,-0.1000166694449075,2021-02-11,False,False,3.9799884259259257,True
1091500,018d937f-2997-7131-b8b9-7c8af4825fa8,US,2021-03-22 17:21:03,47.99,59.99,20.0,USD,61,2020-12-09,59.99,USD,US,True,False,False,False,False,False,False,103.0,-12.0,-0.200033338889815,2021-03-22,False,False,13.999849537037036,True
1091500,018d937f-2997-7131-b8b9-7c8af4825fa8,US,2021-05-18 17:18:11,47.99,59.99,20.0,USD,61,2020-12-09,59.99,USD,US,True,False,False,False,False,False,False,160.0,-12.0,-0.200033338889815,2021-05-18,False,False,13.00675925925926,True
1091500,018d937f-2997-7131-b8b9-7c8af4825fa8,US,2021-06-26 12:23:39,40.19,59.99,33.0,USD,61,2020-12-09,59.99,USD,US,True,False,False,False,False,False,False,199.0,-19.800000000000004,-0.33005500916819475,2021-06-26,False,False,12.299212962962963,True
1091500,018d937f-2997-7131-b8b9-7c8af4825fa8,US,2021-08-23 17:13:11,40.19,59.99,33.0,USD,61,2020-12-09,59.99,USD,US,True,False,False,False,False,False,False,257.0,-19.800000000000004,-0.33005500916819475,2021-08-23,False,False,14.006956018518519,True
1091500,018d937f-2997-7131-b8b9-7c8af4825fa8,US,2021-10-22 17:24:28,40.19,59.99,33.0,USD,61,2020-12-09,59.99,USD,US,True,False,False,False,False,False,False,317.0,-19.800000000000004,-0.33005500916819475,2021-10-22,False,False,1.9968055555555555,True
1091500,018d937f-2997-7131-b8b9-7c8af4825fa8,US,2021-10-28 18:58:40,40.19,59.99,33.0,USD,61,2020-12-09,59.99,USD,US,True,False,False,False,False,False,False,323.0,-19.800000000000004,-0.33005500916819475,2021-10-28,False,False,4.050127314814815,True
1091500,018d937f-2997-7131-b8b9-7c8af4825fa8,US,2021-11-24 21:33:41,29.99,59.99,50.0,USD,61,2020-12-09,59.99,USD,US,True,False,False,False,False,False,False,350.0,-30.000000000000004,-0.5000833472245374,2021-11-24,False,False,6.935960648148148,True
1091500,018d937f-2997-7131-b8b9-7c8af4825fa8,US,2021-12-09 00:18:13,29.99,59.99,50.0,USD,61,2020-12-09,59.99,USD,US,True,False,False,False,False,False,False,365.0,-30.000000000000004,-0.5000833472245374,2021-12-09,False,False,4.744560185185185,True
1091500,018d937f-2997-7131-b8b9-7c8af4825fa8,US,2021-12-23 00:06:18,29.99,59.99,50.0,USD,61,2020-12-09,59.99,USD,US,True,False,False,False,False,False,False,379.0,-30.000000000000004,-0.5000833472245374,2021-12-23,False,False,13.852534722222222,True
1091500,018d937f-2997-7131-b8b9-7c8af4825fa8,US,2022-01-27 18:06:48,29.99,59.99,50.0,USD,61,2020-12-09,59.99,USD,US,True,False,False,False,False,False,False,414.0,-30.000000000000004,-0.5000833472245374,2022-01-27,False,False,7.0005902777777775,True
1091500,018d937f-2997-7131-b8b9-7c8af4825fa8,US,2022-02-15 18:38:12,29.99,59.99,50.0,USD,61,2020-12-09,59.99,USD,US,True,False,False,False,False,False,False,433.0,-30.000000000000004,-0.5000833472245374,2022-02-15,False,False,13.98369212962963,True
1091500,018d937f-2997-7131-b8b9-7c8af4825fa8,US,2022-04-18 17:20:22,29.99,59.99,50.0,USD,61,2020-12-09,59.99,USD,US,True,False,False,False,False,False,False,495.0,-30.000000000000004,-0.5000833472245374,2022-04-18,False,False,13.991678240740741,True
1091500,018d937f-2997-7131-b8b9-7c8af4825fa8,US,2022-06-10 17:18:53,29.99,59.99,50.0,USD,61,2020-12-09,59.99,USD,US,True,False,False,False,False,False,False,548.0,-30.000000000000004,-0.5000833472245374,2022-06-10,False,False,2.992349537037037,True
1091500,018d937f-2997-7131-b8b9-7c8af4825fa8,US,2022-06-23 22:43:53,29.99,59.99,50.0,USD,61,2020-12-09,59.99,USD,US,True,False,False,False,False,False,False,561.0,-30.000000000000004,-0.5000833472245374,2022-06-23,False,False,13.869444444444444,True
1091500,018d937f-2997-7131-b8b9-7c8af4825fa8,US,2022-08-08 17:10:56,29.99,59.99,50.0,USD,61,2020-12-09,59.99,USD,US,True,False,False,False,False,False,False,607.0,-30.000000000000004,-0.5000833472245374,2022-08-08,False,False,4.005486111111111,True
1091500,018d937f-2997-7131-b8b9-7c8af4825fa8,US,2022-09-12 17:13:35,29.99,59.99,50.0,USD,61,2020-12-09,59.99,USD,US,True,False,False,False,False,False,False,642.0,-30.000000000000004,-0.5000833472245374,2022-09-12,False,False,13.003391203703703,True
1091500,018d937f-2997-7131-b8b9-7c8af4825fa8,US,2022-10-28 17:18:44,29.99,59.99,50.0,USD,61,2020-12-09,59.99,USD,US,True,False,False,False,False,False,False,688.0,-30.000000000000004,-0.5000833472245374,2022-10-28,False,False,4.006122685185185,True
1091500,018d937f-2997-7131-b8b9-7c8af4825fa8,US,2022-11-22 22:46:10,29.99,59.99,50.0,USD,61,2020-12-09,59.99,USD,US,True,False,False,False,False,False,False,713.0,-30.000000000000004,-0.5000833472245374,2022-11-22,False,False,6.896898148148148,True
1091500,018d937f-2997-7131-b8b9-7c8af4825fa8,US,2022-12-08 18:28:48,29.99,59.99,50.0,USD,61,2020-12-09,59.99,USD,US,True,False,False,False,False,False,False,729.0,-30.000000000000004,-0.5000833472245374,2022-12-08,False,False,4.098391203703704,True
1091500,018d937f-2997-7131-b8b9-7c8af4825fa8,US,2022-12-22 23:26:44,29.99,59.99,50.0,USD,61,2020-12-09,59.99,USD,US,True,False,False,False,False,False,False,743.0,-30.000000000000004,-0.5000833472245374,2022-12-22,False,False,13.949733796296297,True
1091500,018d937f-2997-7131-b8b9-7c8af4825fa8,US,2023-01-16 18:19:20,29.99,59.99,50.0,USD,61,2020-12-09,59.99,USD,US,True,False,False,False,False,False,False,768.0,-30.000000000000004,-0.5000833472245374,2023-01-16,False,False,7.003101851851852,True
1091500,018d937f-2997-7131-b8b9-7c8af4825fa8,US,2023-03-16 18:45:36,29.99,59.99,50.0,USD,61,2020-12-09,59.99,USD,US,True,False,False,False,False,False,False,827.0,-30.000000000000004,-0.5000833472245374,2023-03-16,False,False,7.043819444444445,True
1091500,018d937f-2997-7131-b8b9-7c8af4825fa8,US,2023-04-12 17:28:33,29.99,59.99,50.0,USD,61,2020-12-09,59.99,USD,US,True,False,False,False,False,False,False,854.0,-30.000000000000004,-0.5000833472245374,2023-04-12,False,False,10.993506944444444,True
1091500,018d937f-2997-7131-b8b9-7c8af4825fa8,US,2023-06-11 17:03:22,29.99,59.99,50.0,USD,61,2020-12-09,59.99,USD,US,True,False,False,False,False,False,False,914.0,-30.000000000000004,-0.5000833472245374,2023-06-11,False,False,7.006215277777778,True
1091500,018d937f-2997-7131-b8b9-7c8af4825fa8,US,2023-06-29 19:36:29,29.99,59.99,50.0,USD,61,2020-12-09,59.99,USD,US,True,False,False,False,False,False,False,932.0,-30.000000000000004,-0.5000833472245374,2023-06-29,False,False,13.988483796296297,True
1091500,018d937f-2997-7131-b8b9-7c8af4825fa8,US,2023-08-14 17:25:53,29.99,59.99,50.0,USD,61,2020-12-09,59.99,USD,US,True,False,False,False,False,False,False,978.0,-30.000000000000004,-0.5000833472245374,2023-08-14,False,False,7.012546296296296,True
1091500,018d937f-2997-7131-b8b9-7c8af4825fa8,US,2023-09-20 17:18:59,35.99,59.99,40.0,USD,61,2020-12-09,59.99,USD,US,True,False,False,False,False,False,False,1015.0,-24.0,-0.4000666777796299,2023-09-20,False,False,10.999988425925926,True
1091500,018d937f-2997-7131-b8b9-7c8af4825fa8,US,2023-10-31 17:19:36,35.99,59.99,40.0,USD,61,2020-12-09,59.99,USD,US,True,False,False,False,False,False,False,1056.0,-24.0,-0.4000666777796299,2023-10-31,False,False,4.999236111111111,True
1091500,018d937f-2997-7131-b8b9-7c8af4825fa8,US,2023-11-21 19:59:14,29.99,59.99,50.0,USD,61,2020-12-09,59.99,USD,US,True,False,False,False,False,False,False,1077.0,-30.000000000000004,-0.5000833472245374,2023-11-21,False,False,7.005543981481481,True
1091500,018d937f-2997-7131-b8b9-7c8af4825fa8,US,2023-12-05 18:19:19,29.99,59.99,50.0,USD,61,2020-12-09,59.99,USD,US,True,False,False,False,False,False,False,1091.0,-30.000000000000004,-0.5000833472245374,2023-12-05,False,False,7.001168981481482,True
1091500,018d937f-2997-7131-b8b9-7c8af4825fa8,US,2023-12-21 20:23:10,29.99,59.99,50.0,USD,61,2020-12-09,59.99,USD,US,True,False,False,False,False,False,False,1107.0,-30.000000000000004,-0.5000833472245374,2023-12-21,False,False,13.97738425925926,True
1091500,018d937f-2997-7131-b8b9-7c8af4825fa8,US,2024-02-08 18:39:27,29.99,59.99,50.0,USD,61,2020-12-09,59.99,USD,US,True,False,False,False,False,False,False,1156.0,-30.000000000000004,-0.5000833472245374,2024-02-08,False,False,9.983298611111111,True
1091500,018d937f-2997-7131-b8b9-7c8af4825fa8,US,2024-03-14 17:38:01,29.99,59.99,50.0,USD,61,2020-12-09,59.99,USD,US,True,False,False,False,False,False,False,1191.0,-30.000000000000004,-0.5000833472245374,2024-03-14,False,False,7.0055555555555555,True
1091500,018d937f-2997-7131-b8b9-7c8af4825fa8,US,2024-03-28 17:18:31,29.99,59.99,50.0,USD,61,2020-12-09,59.99,USD,US,True,False,False,False,False,False,False,1205.0,-30.000000000000004,-0.5000833472245374,2024-03-28,False,False,9.999710648148149,True
1091500,018d937f-2997-7131-b8b9-7c8af4825fa8,US,2024-05-16 17:18:14,29.99,59.99,50.0,USD,61,2020-12-09,59.99,USD,US,True,False,False,False,False,False,False,1254.0,-30.000000000000004,-0.5000833472245374,2024-05-16,False,False,10.00025462962963,True
1091500,018d937f-2997-7131-b8b9-7c8af4825fa8,US,2024-06-27 17:59:56,29.99,59.99,50.0,USD,61,2020-12-09,59.99,USD,US,True,False,False,False,False,False,False,1296.0,-30.000000000000004,-0.5000833472245374,2024-06-27,False,False,16.933564814814815,True
1091500,018d937f-2997-7131-b8b9-7c8af4825fa8,US,2024-08-12 17:17:32,29.99,59.99,50.0,USD,61,2020-12-09,59.99,USD,US,True,False,False,False,False,False,False,1342.0,-30.000000000000004,-0.5000833472245374,2024-08-12,False,False,6.999907407407408,True
1091500,018d937f-2997-7131-b8b9-7c8af4825fa8,US,2024-09-19 17:19:04,29.99,59.99,50.0,USD,61,2020-12-09,59.99,USD,US,True,False,False,False,False,False,False,1380.0,-30.000000000000004,-0.5000833472245374,2024-09-19,False,False,9.999780092592593,True
1091500,018d937f-2997-7131-b8b9-7c8af4825fa8,US,2024-10-29 18:18:04,29.99,59.99,50.0,USD,61,2020-12-09,59.99,USD,US,True,False,False,False,False,False,False,1420.0,-30.000000000000004,-0.5000833472245374,2024-10-29,False,False,11.998275462962964,True
1091500,018d937f-2997-7131-b8b9-7c8af4825fa8,US,2024-11-27 21:02:49,26.99,59.99,55.0,USD,61,2020-12-09,59.99,USD,US,True,False,False,False,False,False,False,1449.0,-33.0,-0.5500916819469912,2024-11-27,False,False,6.9064351851851855,True
1091500,018d937f-2997-7131-b8b9-7c8af4825fa8,US,2024-12-10 18:15:29,26.99,59.99,55.0,USD,61,2020-12-09,59.99,USD,US,True,False,False,False,False,False,False,1462.0,-33.0,-0.5500916819469912,2024-12-10,False,False,8.000497685185184,True
1091500,018d937f-2997-7131-b8b9-7c8af4825fa8,US,2024-12-19 23:02:28,26.99,59.99,55.0,USD,61,2020-12-09,59.99,USD,US,True,False,False,False,False,False,False,1471.0,-33.0,-0.5500916819469912,2024-12-19,False,False,13.823032407407407,True
1091500,018d937f-2997-7131-b8b9-7c8af4825fa8,US,2025-01-24 18:18:32,26.99,59.99,55.0,USD,61,2020-12-09,59.99,USD,US,True,False,False,False,False,False,False,1507.0,-33.0,-0.5500916819469912,2025-01-24,False,False,8.999988425925926,True
1091500,018d937f-2997-7131-b8b9-7c8af4825fa8,US,2025-03-13 18:54:13,23.99,59.99,60.0,USD,61,2020-12-09,59.99,USD,US,True,False,False,False,False,False,False,1555.0,-36.0,-0.600100016669445,2025-03-13,False,False,13.932650462962963,True
1091500,018d937f-2997-7131-b8b9-7c8af4825fa8,US,2025-05-15 17:15:58,23.99,59.99,60.0,USD,61,2020-12-09,59.99,USD,US,True,False,False,False,False,False,False,1618.0,-36.0,-0.600100016669445,2025-05-15,False,False,10.002268518518518,True
1091500,018d937f-2997-7131-b8b9-7c8af4825fa8,US,2025-06-26 21:44:28,20.99,59.99,65.0,USD,61,2020-12-09,59.99,USD,US,True,False,False,False,False,False,False,1660.0,-39.0,-0.6501083513918987,2025-06-26,False,False,13.839270833333334,True
1091500,018d937f-2997-7131-b8b9-7c8af4825fa8,US,2025-08-04 17:23:09,20.99,59.99,65.0,USD,61,2020-12-09,59.99,USD,US,True,False,False,False,False,False,False,1699.0,-39.0,-0.6501083513918987,2025-08-04,False,False,12.994537037037038,True
1091500,018d937f-2997-7131-b8b9-7c8af4825fa8,US,2025-09-18 17:31:08,20.99,59.99,65.0,USD,61,2020-12-09,59.99,USD,US,True,False,False,False,False,False,False,1744.0,-39.0,-0.6501083513918987,2025-09-18,False,False,9.989340277777778,True
1091500,018d937f-2997-7131-b8b9-7c8af4825fa8,US,2025-09-29 21:07:55,20.99,59.99,65.0,USD,61,2020-12-09,59.99,USD,US,True,False,False,False,False,False,False,1755.0,-39.0,-0.6501083513918987,2025-09-29,False,False,6.856689814814815,True
1142710,018d937f-4b6c-713b-90ce-2a4a62881469,AR,2022-06-01 17:03:13,53.99,59.99,10.0,USD,61,2022-02-16,49.99,USD,AR,True,False,False,False,False,False,False,105.0,4.0,0.08001600320064006,2022-06-01,False,False,7.002280092592593,True
1142710,018d937f-4b6c-713b-90ce-2a4a62881469,AR,2022-06-23 19:40:43,53.99,59.99,10.0,USD,61,2022-02-16,49.99,USD,AR,True,False,False,False,False,False,False,127.0,4.0,0.08001600320064006,2022-06-23,False,False,13.999930555555556,True
1142710,018d937f-4b6c-713b-90ce-2a4a62881469,AR,2022-08-22 17:06:29,30.07,119.98,75.0,USD,61,2022-02-16,49.99,USD,AR,True,False,False,False,False,False,False,187.0,-19.92,-0.39847969593918786,2022-08-22,False,False,6.9980671296296295,True
1142710,018d937f-4b6c-713b-90ce-2a4a62881469,AR,2022-08-22 17:18:12,53.99,59.99,10.0,USD,61,2022-02-16,49.99,USD,AR,True,False,False,False,False,False,False,187.0,4.0,0.08001600320064006,2022-08-22,False,False,,False
1142710,018d937f-4b6c-713b-90ce-2a4a62881469,AR,2022-10-06 17:19:29,53.99,59.99,10.0,USD,61,2022-02-16,49.99,USD,AR,True,False,False,False,False,False,False,232.0,4.0,0.08001600320064006,2022-10-06,False,False,7.007685185185185,True
1142710,018d937f-4b6c-713b-90ce-2a4a62881469,AR,2022-11-22 22:23:15,47.99,59.99,20.0,USD,61,2022-02-16,49.99,USD,AR,True,False,False,False,False,False,False,279.0,-2.0,-0.04000800160032003,2022-11-22,False,False,6.9153125,True
1142710,018d937f-4b6c-713b-90ce-2a4a62881469,AR,2022-12-05 19:16:45,47.99,59.99,20.0,USD,61,2022-02-16,49.99,USD,AR,True,False,False,False,False,False,False,292.0,-2.0,-0.04000800160032003,2022-12-05,False,False,6.990243055555555,True
1142710,018d937f-4b6c-713b-90ce-2a4a62881469,AR,2022-12-22 19:51:38,44.99,59.99,25.0,USD,61,2022-02-16,49.99,USD,AR,True,False,False,False,False,False,False,309.0,-5.0,-0.10002000400080013,2022-12-22,False,False,13.92982638888889,True
1142710,018d937f-4b6c-713b-90ce-2a4a62881469,AR,2023-01-05 19:45:15,59.99,59.99,0.0,USD,61,2022-02-16,49.99,USD,AR,False,False,False,True,False,False,False,323.0,10.0,0.20004000800160027,2023-01-05,False,False,,False
1142710,018d937f-4b6c-713b-90ce-2a4a62881469,AR,2023-03-09 18:06:23,33.61,119.98,72.0,USD,61,2022-02-16,49.99,USD,AR,True,False,False,False,False,False,False,386.0,-16.380000000000003,-0.3276655331066214,2023-03-09,False,False,83.96825231481482,True
1142710,018d937f-4b6c-713b-90ce-2a4a62881469,AR,2023-05-25 16:19:05,40.19,59.99,33.0,USD,61,2022-02-16,49.99,USD,AR,True,False,False,False,False,False,False,463.0,-9.800000000000004,-0.19603920784156836,2023-05-25,False,False,,False
1142710,018d937f-4b6c-713b-90ce-2a4a62881469,AR,2023-06-29 19:38:43,35.99,59.99,40.0,USD,61,2022-02-16,49.99,USD,AR,True,False,False,False,False,False,False,498.0,-14.0,-0.28005601120224044,2023-06-29,False,False,13.990034722222223,True
1142710,018d937f-4b6c-713b-90ce-2a4a62881469,AR,2023-09-14 17:25:25,35.99,59.99,40.0,USD,61,2022-02-16,49.99,USD,AR,True,False,False,False,False,False,False,575.0,-14.0,-0.28005601120224044,2023-09-14,False,False,6.996747685185185,True
1142710,018d937f-4b6c-713b-90ce-2a4a62881469,AR,2023-11-21 20:05:06,29.99,59.99,50.0,USD,61,2022-02-16,49.99,USD,AR,True,False,False,False,False,False,False,643.0,-20.000000000000004,-0.40008001600320064,2023-11-21,False,False,7.003344907407407,True
1142710,018d937f-4b6c-713b-90ce-2a4a62881469,AR,2023-12-21 20:28:07,29.99,59.99,50.0,USD,61,2022-02-16,49.99,USD,AR,True,False,False,False,False,False,False,673.0,-20.000000000000004,-0.40008001600320064,2023-12-21,False,False,13.978252314814815,True
1142710,018d937f-4b6c-713b-90ce-2a4a62881469,AR,2024-03-14 17:31:49,29.99,59.99,50.0,USD,61,2022-02-16,49.99,USD,AR,True,False,False,False,False,False,False,757.0,-20.000000000000004,-0.40008001600320064,2024-03-14,False,False,7.009895833333333,True
1142710,018d937f-4b6c-713b-90ce-2a4a62881469,AR,2024-05-23 16:15:20,29.99,59.99,50.0,USD,61,2022-02-16,49.99,USD,AR,True,False,False,False,False,False,False,827.0,-20.000000000000004,-0.40008001600320064,2024-05-23,False,False,7.041944444444445,True
1142710,018d937f-4b6c-713b-90ce-2a4a62881469,AR,2024-06-27 18:05:10,29.99,59.99,50.0,USD,61,2022-02-16,49.99,USD,AR,True,False,False,False,False,False,False,862.0,-20.000000000000004,-0.40008001600320064,2024-06-27,False,False,13.992638888888889,True
1142710,018d937f-4b6c-713b-90ce-2a4a62881469,AR,2024-07-25 17:16:15,29.99,59.99,50.0,USD,61,2022-02-16,49.99,USD,AR,True,False,False,False,False,False,False,890.0,-20.000000000000004,-0.40008001600320064,2024-07-25,False,False,6.999930555555555,True
1142710,018d937f-4b6c-713b-90ce-2a4a62881469,AR,2024-09-19 17:19:01,23.99,59.99,60.0,USD,61,2022-02-16,49.99,USD,AR,True,False,False,False,False,False,False,946.0,-26.000000000000004,-0.520104020804161,2024-09-19,False,False,7.000115740740741,True
1142710,018d937f-4b6c-713b-90ce-2a4a62881469,AR,2024-10-28 18:19:37,23.99,59.99,60.0,USD,61,2022-02-16,49.99,USD,AR,True,False,False,False,False,False,False,985.0,-26.000000000000004,-0.520104020804161,2024-10-28,False,False,6.999351851851852,True
1142710,018d937f-4b6c-713b-90ce-2a4a62881469,AR,2024-11-27 21:11:37,23.99,59.99,60.0,USD,61,2022-02-16,49.99,USD,AR,True,False,False,False,False,False,False,1015.0,-26.000000000000004,-0.520104020804161,2024-11-27,False,False,6.900474537037037,True
1142710,018d937f-4b6c-713b-90ce-2a4a62881469,AR,2024-12-12 15:18:11,23.99,59.99,60.0,USD,61,2022-02-16,49.99,USD,AR,True,False,False,False,False,False,False,1030.0,-26.000000000000004,-0.520104020804161,2024-12-12,False,False,21.14545138888889,True
1142710,018d937f-4b6c-713b-90ce-2a4a62881469,AR,2025-02-17 18:23:27,23.99,59.99,60.0,USD,61,2022-02-16,49.99,USD,AR,True,False,False,False,False,False,False,1097.0,-26.000000000000004,-0.520104020804161,2025-02-17,False,False,9.99681712962963,True
1142710,018d937f-4b6c-713b-90ce-2a4a62881469,AR,2025-03-13 19:38:39,23.99,59.99,60.0,USD,61,2022-02-16,49.99,USD,AR,True,False,False,False,False,False,False,1121.0,-26.000000000000004,-0.520104020804161,2025-03-13,False,False,6.924548611111111,True
1142710,018d937f-4b6c-713b-90ce-2a4a62881469,AR,2025-05-22 16:33:02,20.39,59.99,66.0,USD,61,2022-02-16,49.99,USD,AR,True,False,False,False,False,False,False,1191.0,-29.6,-0.592118423684737,2025-05-22,False,False,7.032037037037037,True
1142710,018d937f-4b6c-713b-90ce-2a4a62881469,AR,2025-06-26 22:14:37,20.39,59.99,66.0,USD,61,2022-02-16,49.99,USD,AR,True,False,False,False,False,False,False,1226.0,-29.6,-0.592118423684737,2025-06-26,False,False,17.79574074074074,True
1142710,018d937f-4b6c-713b-90ce-2a4a62881469,AR,2025-08-28 17:15:50,17.99,59.99,70.0,USD,61,2022-02-16,49.99,USD,AR,True,False,False,False,False,False,False,1289.0,-32.0,-0.640128025605121,2025-08-28,False,False,7.002847222222222,True
1142710,018d937f-4b6c-713b-90ce-2a4a62881469,AR,2025-09-29 20:29:18,14.99,59.99,75.0,USD,61,2022-02-16,49.99,USD,AR,True,False,False,False,False,False,False,1321.0,-35.0,-0.7001400280056012,2025-09-29,False,False,6.887615740740741,True
1142710,018d937f-4b6c-713b-90ce-2a4a62881469,AR,2025-10-16 17:16:54,14.99,59.99,75.0,USD,61,2022-02-16,49.99,USD,AR,True,False,False,False,False,False,False,1338.0,-35.0,-0.7001400280056012,2025-10-16,False,False,12.001238425925926,True
1142710,018d937f-4b6c-713b-90ce-2a4a62881469,AU,2022-06-01 17:12:28,80.95,89.95,10.0,AUD,61,2022-02-16,99.95,AUD,AU,True,False,False,False,False,False,False,105.0,-19.0,-0.19009504752376183,2022-06-01,False,False,7.00005787037037,True
1142710,018d937f-4b6c-713b-90ce-2a4a62881469,AU,2022-06-24 00:33:46,80.95,89.95,10.0,AUD,61,2022-02-16,99.95,AUD,AU,True,False,False,False,False,False,False,128.0,-19.0,-0.19009504752376183,2022-06-24,False,False,13.7940625,True
1142710,018d937f-4b6c-713b-90ce-2a4a62881469,AU,2022-08-22 17:03:40,80.95,89.95,10.0,AUD,61,2022-02-16,99.95,AUD,AU,True,False,False,False,False,False,False,187.0,-19.0,-0.19009504752376183,2022-08-22,False,False,7.017905092592593,True
1142710,018d937f-4b6c-713b-90ce-2a4a62881469,AU,2022-08-22 17:19:57,45.12,179.98,75.0,AUD,61,2022-02-16,99.95,AUD,AU,True,False,False,False,False,False,False,187.0,-54.830000000000005,-0.5485742871435718,2022-08-22,False,False,,False
1142710,018d937f-4b6c-713b-90ce-2a4a62881469,AU,2022-10-06 17:18:57,80.95,89.95,10.0,AUD,61,2022-02-16,99.95,AUD,AU,True,False,False,False,False,False,False,232.0,-19.0,-0.19009504752376183,2022-10-06,False,False,6.997916666666667,True
1142710,018d937f-4b6c-713b-90ce-2a4a62881469,AU,2022-11-22 22:17:54,71.96,89.95,20.0,AUD,61,2022-02-16,99.95,AUD,AU,True,False,False,False,False,False,False,279.0,-27.99000000000001,-0.28004002001000505,2022-11-22,False,False,6.919675925925926,True
1142710,018d937f-4b6c-713b-90ce-2a4a62881469,AU,2022-12-05 19:45:26,71.96,89.95,20.0,AUD,61,2022-02-16,99.95,AUD,AU,True,False,False,False,False,False,False,292.0,-27.99000000000001,-0.28004002001000505,2022-12-05,False,False,7.040358796296296,True
1142710,018d937f-4b6c-713b-90ce-2a4a62881469,AU,2022-12-22 19:44:55,67.46,89.95,25.0,AUD,61,2022-02-16,99.95,AUD,AU,True,False,False,False,False,False,False,309.0,-32.49000000000001,-0.3250625312656329,2022-12-22,False,False,13.938703703703704,True
1142710,018d937f-4b6c-713b-90ce-2a4a62881469,AU,2023-01-05 21:45:41,161.98,161.98,0.0,AUD,61,2022-02-16,99.95,AUD,AU,False,False,False,True,False,False,False,323.0,62.02999999999999,0.6206103051525762,2023-01-05,False,False,,False
1142710,018d937f-4b6c-713b-90ce-2a4a62881469,AU,2023-01-05 22:19:28,89.95,89.95,0.0,AUD,61,2022-02-16,99.95,AUD,AU,False,False,False,True,False,False,False,323.0,-10.0,-0.10005002501250626,2023-01-05,False,False,,False
1142710,018d937f-4b6c-713b-90ce-2a4a62881469,AU,2023-03-09 18:12:48,50.43,179.98,72.0,AUD,61,2022-02-16,99.95,AUD,AU,True,False,False,False,False,False,False,386.0,-49.52,-0.49544772386193103,2023-03-09,False,False,14.1646875,True
1142710,018d937f-4b6c-713b-90ce-2a4a62881469,AU,2023-03-09 18:18:31,60.26,89.95,33.0,AUD,61,2022-02-16,99.95,AUD,AU,True,False,False,False,False,False,False,386.0,-39.690000000000005,-0.3970985492746374,2023-03-09,False,False,,False
1142710,018d937f-4b6c-713b-90ce-2a4a62881469,AU,2023-05-25 16:19:09,60.26,89.95,33.0,AUD,61,2022-02-16,99.95,AUD,AU,True,False,False,False,False,False,False,463.0,-39.690000000000005,-0.3970985492746374,2023-05-25,False,False,7.035451388888889,True
1142710,018d937f-4b6c-713b-90ce-2a4a62881469,AU,2023-06-29 19:38:17,53.97,89.95,40.0,AUD,61,2022-02-16,99.95,AUD,AU,True,False,False,False,False,False,False,498.0,-45.980000000000004,-0.46003001500750373,2023-06-29,False,False,13.98638888888889,True
1142710,018d937f-4b6c-713b-90ce-2a4a62881469,AU,2023-09-14 17:14:36,53.97,89.95,40.0,AUD,61,2022-02-16,99.95,AUD,AU,True,False,False,False,False,False,False,575.0,-45.980000000000004,-0.46003001500750373,2023-09-14,False,False,12.877511574074074,True
1142710,018d937f-4b6c-713b-90ce-2a4a62881469,AU,2023-11-21 20:05:31,49.97,99.95,50.0,AUD,61,2022-02-16,99.95,AUD,AU,True,False,False,False,False,False,False,643.0,-49.980000000000004,-0.5000500250125063,2023-11-21,False,False,7.007418981481481,True
1142710,018d937f-4b6c-713b-90ce-2a4a62881469,AU,2023-12-21 20:28:42,49.97,99.95,50.0,AUD,61,2022-02-16,99.95,AUD,AU,True,False,False,False,False,False,False,673.0,-49.980000000000004,-0.5000500250125063,2023-12-21,False,False,13.984826388888889,True
1142710,018d937f-4b6c-713b-90ce-2a4a62881469,AU,2024-03-14 17:34:41,49.97,99.95,50.0,AUD,61,2022-02-16,99.95,AUD,AU,True,False,False,False,False,False,False,757.0,-49.980000000000004,-0.5000500250125063,2024-03-14,False,False,7.007719907407408,True
1142710,018d937f-4b6c-713b-90ce-2a4a62881469,AU,2024-05-23 16:15:22,49.97,99.95,50.0,AUD,61,2022-02-16,99.95,AUD,AU,True,False,False,False,False,False,False,827.0,-49.980000000000004,-0.5000500250125063,2024-05-23,False,False,7.041921296296296,True
1142710,018d937f-4b6c-713b-90ce-2a4a62881469,AU,2024-06-27 18:04:53,49.97,99.95,50.0,AUD,61,2022-02-16,99.95,AUD,AU,True,False,False,False,False,False,False,862.0,-49.980000000000004,-0.5000500250125063,2024-06-27,False,False,13.989097222222222,True
1142710,018d937f-4b6c-713b-90ce-2a4a62881469,AU,2024-07-25 17:19:12,49.97,99.95,50.0,AUD,61,2022-02-16,99.95,AUD,AU,True,False,False,False,False,False,False,890.0,-49.980000000000004,-0.5000500250125063,2024-07-25,False,False,6.9996875,True
1142710,018d937f-4b6c-713b-90ce-2a4a62881469,AU,2024-09-19 17:18:50,39.98,99.95,60.0,AUD,61,2022-02-16,99.95,AUD,AU,True,False,False,False,False,False,False,946.0,-59.970000000000006,-0.6000000000000001,2024-09-19,False,False,6.997962962962963,True
1142710,018d937f-4b6c-713b-90ce-2a4a62881469,AU,2024-10-28 18:19:38,39.98,99.95,60.0,AUD,61,2022-02-16,99.95,AUD,AU,True,False,False,False,False,False,False,985.0,-59.970000000000006,-0.6000000000000001,2024-10-28,False,False,7.004143518518519,True
1142710,018d937f-4b6c-713b-90ce-2a4a62881469,AU,2024-11-27 21:44:22,39.98,99.95,60.0,AUD,61,2022-02-16,99.95,AUD,AU,True,False,False,False,False,False,False,1015.0,-59.970000000000006,-0.6000000000000001,2024-11-27,False,False,6.877719907407408,True
1142710,018d937f-4b6c-713b-90ce-2a4a62881469,AU,2024-12-12 15:18:18,39.98,99.95,60.0,AUD,61,2022-02-16,99.95,AUD,AU,True,False,False,False,False,False,False,1030.0,-59.970000000000006,-0.6000000000000001,2024-12-12,False,False,21.14537037037037,True
1142710,018d937f-4b6c-713b-90ce-2a4a62881469,AU,2025-02-17 18:18:44,39.98,99.95,60.0,AUD,61,2022-02-16,99.95,AUD,AU,True,False,False,False,False,False,False,1097.0,-59.970000000000006,-0.6000000000000001,2025-02-17,False,False,9.999791666666667,True
1142710,018d937f-4b6c-713b-90ce-2a4a62881469,AU,2025-03-13 19:53:39,39.98,99.95,60.0,AUD,61,2022-02-16,99.95,AUD,AU,True,False,False,False,False,False,False,1121.0,-59.970000000000006,-0.6000000000000001,2025-03-13,False,False,6.914317129629629,True
1142710,018d937f-4b6c-713b-90ce-2a4a62881469,AU,2025-05-22 16:33:12,33.98,99.95,66.0,AUD,61,2022-02-16,99.95,AUD,AU,True,False,False,False,False,False,False,1191.0,-65.97,-0.6600300150075038,2025-05-22,False,False,7.031550925925926,True
1142710,018d937f-4b6c-713b-90ce-2a4a62881469,AU,2025-06-26 22:15:39,33.98,99.95,66.0,AUD,61,2022-02-16,99.95,AUD,AU,True,False,False,False,False,False,False,1226.0,-65.97,-0.6600300150075038,2025-06-26,False,False,17.795324074074074,True
1142710,018d937f-4b6c-713b-90ce-2a4a62881469,AU,2025-08-28 17:18:26,29.98,99.95,70.0,AUD,61,2022-02-16,99.95,AUD,AU,True,False,False,False,False,False,False,1289.0,-69.97,-0.7000500250125062,2025-08-28,False,False,6.998402777777778,True
1142710,018d937f-4b6c-713b-90ce-2a4a62881469,AU,2025-09-29 20:23:59,24.98,99.95,75.0,AUD,61,2022-02-16,99.95,AUD,AU,True,False,False,False,False,False,False,1321.0,-74.97,-0.7500750375187594,2025-09-29,False,False,6.891319444444444,True
1142710,018d937f-4b6c-713b-90ce-2a4a62881469,AU,2025-10-16 17:16:55,24.98,99.95,75.0,AUD,61,2022-02-16,99.95,AUD,AU,True,False,False,False,False,False,False,1338.0,-74.97,-0.7500750375187594,2025-10-16,False,False,11.999027777777778,True
1142710,018d937f-4b6c-713b-90ce-2a4a62881469,BR,2022-06-01 17:18:33,226.8,252.0,10.0,BRL,61,2022-02-16,299.0,BRL,BR,True,False,False,False,False,False,False,105.0,-72.19999999999999,-0.2414715719063545,2022-06-01,False,False,7.000173611111111,True
1142710,018d937f-4b6c-713b-90ce-2a4a62881469,BR,2022-06-23 19:46:46,226.8,252.0,10.0,BRL,61,2022-02-16,299.0,BRL,BR,True,False,False,False,False,False,False,127.0,-72.19999999999999,-0.2414715719063545,2022-06-23,False,False,13.995497685185185,True
1142710,018d937f-4b6c-713b-90ce-2a4a62881469,BR,2022-08-22 17:12:44,126.38,504.0,75.0,BRL,61,2022-02-16,299.0,BRL,BR,True,False,False,False,False,False,False,187.0,-172.62,-0.577324414715719,2022-08-22,False,False,52.038726851851855,True
1142710,018d937f-4b6c-713b-90ce-2a4a62881469,BR,2022-08-22 17:29:15,226.8,252.0,10.0,BRL,61,2022-02-16,299.0,BRL,BR,True,False,False,False,False,False,False,187.0,-72.19999999999999,-0.2414715719063545,2022-08-22,False,False,,False
1142710,018d937f-4b6c-713b-90ce-2a4a62881469,BR,2022-11-22 19:48:30,201.6,252.0,20.0,BRL,61,2022-02-16,299.0,BRL,BR,True,False,False,False,False,False,False,279.0,-97.4,-0.32575250836120406,2022-11-22,False,False,7.021273148148148,True
1142710,018d937f-4b6c-713b-90ce-2a4a62881469,BR,2022-12-05 18:58:15,201.6,252.0,20.0,BRL,61,2022-02-16,299.0,BRL,BR,True,False,False,False,False,False,False,292.0,-97.4,-0.32575250836120406,2022-12-05,False,False,7.078773148148148,True
1142710,018d937f-4b6c-713b-90ce-2a4a62881469,BR,2022-12-22 23:21:12,189.0,252.0,25.0,BRL,61,2022-02-16,299.0,BRL,BR,True,False,False,False,False,False,False,309.0,-110.0,-0.36789297658862874,2022-12-22,False,False,13.784594907407408,True
1142710,018d937f-4b6c-713b-90ce-2a4a62881469,BR,2023-01-05 19:46:04,252.0,252.0,0.0,BRL,61,2022-02-16,299.0,BRL,BR,False,False,False,True,False,False,False,323.0,-47.0,-0.15719063545150502,2023-01-05,False,False,,False
1142710,018d937f-4b6c-713b-90ce-2a4a62881469,BR,2023-03-09 18:03:17,141.25,504.0,72.0,BRL,61,2022-02-16,299.0,BRL,BR,True,False,False,False,False,False,False,386.0,-157.75,-0.5275919732441472,2023-03-09,False,False,14.07420138888889,True
1142710,018d937f-4b6c-713b-90ce-2a4a62881469,BR,2023-03-09 18:18:43,168.84,252.0,33.0,BRL,61,2022-02-16,299.0,BRL,BR,True,False,False,False,False,False,False,386.0,-130.16,-0.4353177257525084,2023-03-09,False,False,,False
1142710,018d937f-4b6c-713b-90ce-2a4a62881469,BR,2023-05-25 16:19:06,168.84,252.0,33.0,BRL,61,2022-02-16,299.0,BRL,BR,True,False,False,False,False,False,False,463.0,-130.16,-0.4353177257525084,2023-05-25,False,False,7.031041666666667,True
1142710,018d937f-4b6c-713b-90ce-2a4a62881469,BR,2023-06-29 23:10:13,151.2,252.0,40.0,BRL,61,2022-02-16,299.0,BRL,BR,True,False,False,False,False,False,False,498.0,-147.8,-0.4943143812709031,2023-06-29,False,False,13.841365740740741,True
1142710,018d937f-4b6c-713b-90ce-2a4a62881469,BR,2023-09-14 17:25:30,151.2,252.0,40.0,BRL,61,2022-02-16,299.0,BRL,BR,True,False,False,False,False,False,False,575.0,-147.8,-0.4943143812709031,2023-09-14,False,False,12.869976851851852,True
1142710,018d937f-4b6c-713b-90ce-2a4a62881469,BR,2023-11-21 20:09:29,149.5,299.0,50.0,BRL,61,2022-02-16,299.0,BRL,BR,True,False,False,False,False,False,False,643.0,-149.5,-0.5,2023-11-21,False,False,7.001909722222222,True
1142710,018d937f-4b6c-713b-90ce-2a4a62881469,BR,2023-12-21 20:27:02,149.5,299.0,50.0,BRL,61,2022-02-16,299.0,BRL,BR,True,False,False,False,False,False,False,673.0,-149.5,-0.5,2023-12-21,False,False,13.979085648148148,True
1142710,018d937f-4b6c-713b-90ce-2a4a62881469,BR,2024-03-14 17:34:43,149.5,299.0,50.0,BRL,61,2022-02-16,299.0,BRL,BR,True,False,False,False,False,False,False,757.0,-149.5,-0.5,2024-03-14,False,False,7.007905092592592,True
1142710,018d937f-4b6c-713b-90ce-2a4a62881469,BR,2024-05-23 16:15:21,149.5,299.0,50.0,BRL,61,2022-02-16,299.0,BRL,BR,True,False,False,False,False,False,False,827.0,-149.5,-0.5,2024-05-23,False,False,7.0417708333333335,True
1142710,018d937f-4b6c-713b-90ce-2a4a62881469,BR,2024-06-27 18:05:00,149.5,299.0,50.0,BRL,61,2022-02-16,299.0,BRL,BR,True,False,False,False,False,False,False,862.0,-149.5,-0.5,2024-06-27,False,False,13.988981481481481,True
1142710,018d937f-4b6c-713b-90ce-2a4a62881469,BR,2024-07-25 17:18:53,149.5,299.0,50.0,BRL,61,2022-02-16,299.0,BRL,BR,True,False,False,False,False,False,False,890.0,-149.5,-0.5,2024-07-25,False,False,6.9998611111111115,True
1142710,018d937f-4b6c-713b-90ce-2a4a62881469,BR,2024-09-19 17:18:31,119.6,299.0,60.0,BRL,61,2022-02-16,299.0,BRL,BR,True,False,False,False,False,False,False,946.0,-179.4,-0.6000000000000001,2024-09-19,False,False,6.998171296296296,True
1142710,018d937f-4b6c-713b-90ce-2a4a62881469,BR,2024-10-28 18:20:48,119.6,299.0,60.0,BRL,61,2022-02-16,299.0,BRL,BR,True,False,False,False,False,False,False,985.0,-179.4,-0.6000000000000001,2024-10-28,False,False,7.0047800925925925,True
1142710,018d937f-4b6c-713b-90ce-2a4a62881469,BR,2024-11-27 21:24:52,119.6,299.0,60.0,BRL,61,2022-02-16,299.0,BRL,BR,True,False,False,False,False,False,False,1015.0,-179.4,-0.6000000000000001,2024-11-27,False,False,6.89125,True
1142710,018d937f-4b6c-713b-90ce-2a4a62881469,BR,2024-12-12 15:15:20,119.6,299.0,60.0,BRL,61,2022-02-16,299.0,BRL,BR,True,False,False,False,False,False,False,1030.0,-179.4,-0.6000000000000001,2024-12-12,False,False,21.151261574074073,True
1142710,018d937f-4b6c-713b-90ce-2a4a62881469,BR,2025-02-17 18:31:00,119.6,299.0,60.0,BRL,61,2022-02-16,299.0,BRL,BR,True,False,False,False,False,False,False,1097.0,-179.4,-0.6000000000000001,2025-02-17,False,False,9.991261574074073,True
1142710,018d937f-4b6c-713b-90ce-2a4a62881469,BR,2025-03-13 19:41:58,119.6,299.0,60.0,BRL,61,2022-02-16,299.0,BRL,BR,True,False,False,False,False,False,False,1121.0,-179.4,-0.6000000000000001,2025-03-13,False,False,6.920451388888889,True
1142710,018d937f-4b6c-713b-90ce-2a4a62881469,BR,2025-05-22 16:33:12,101.66,299.0,66.0,BRL,61,2022-02-16,299.0,BRL,BR,True,False,False,False,False,False,False,1191.0,-197.34,-0.66,2025-05-22,False,False,7.032731481481481,True
1142710,018d937f-4b6c-713b-90ce-2a4a62881469,BR,2025-06-26 22:17:00,101.66,299.0,66.0,BRL,61,2022-02-16,299.0,BRL,BR,True,False,False,False,False,False,False,1226.0,-197.34,-0.66,2025-06-26,False,False,17.79222222222222,True
1142710,018d937f-4b6c-713b-90ce-2a4a62881469,BR,2025-08-28 17:16:03,89.7,299.0,70.0,BRL,61,2022-02-16,299.0,BRL,BR,True,False,False,False,False,False,False,1289.0,-209.3,-0.7,2025-08-28,False,False,7.000046296296296,True
1142710,018d937f-4b6c-713b-90ce-2a4a62881469,BR,2025-09-29 20:29:57,74.75,299.0,75.0,BRL,61,2022-02-16,299.0,BRL,BR,True,False,False,False,False,False,False,1321.0,-224.25,-0.75,2025-09-29,False,False,6.887453703703704,True
1142710,018d937f-4b6c-713b-90ce-2a4a62881469,BR,2025-10-16 17:18:27,74.75,299.0,75.0,BRL,61,2022-02-16,299.0,BRL,BR,True,False,False,False,False,False,False,1338.0,-224.25,-0.75,2025-10-16,False,False,11.998043981481482,True
1142710,018d937f-4b6c-713b-90ce-2a4a62881469,CA,2022-06-01 17:19:10,71.99,79.99,10.0,CAD,61,2022-02-16,79.99,CAD,CA,True,False,False,False,False,False,False,105.0,-8.0,-0.10001250156269537,2022-06-01,False,False,7.000162037037037,True
1142710,018d937f-4b6c-713b-90ce-2a4a62881469,CA,2022-06-23 19:41:09,71.99,79.99,10.0,CAD,61,2022-02-16,79.99,CAD,CA,True,False,False,False,False,False,False,127.0,-8.0,-0.10001250156269537,2022-06-23,False,False,13.99912037037037,True
1142710,018d937f-4b6c-713b-90ce-2a4a62881469,CA,2022-08-22 17:06:37,36.09,143.98,75.0,CAD,61,2022-02-16,79.99,CAD,CA,True,False,False,False,False,False,False,187.0,-43.89999999999999,-0.5488186023252906,2022-08-22,False,False,7.021944444444444,True
1142710,018d937f-4b6c-713b-90ce-2a4a62881469,CA,2022-08-22 17:15:01,71.99,79.99,10.0,CAD,61,2022-02-16,79.99,CAD,CA,True,False,False,False,False,False,False,187.0,-8.0,-0.10001250156269537,2022-08-22,False,False,,False
1142710,018d937f-4b6c-713b-90ce-2a4a62881469,CA,2022-10-06 17:09:52,71.99,79.99,10.0,CAD,61,2022-02-16,79.99,CAD,CA,True,False,False,False,False,False,False,232.0,-8.0,-0.10001250156269537,2022-10-06,False,False,7.041793981481481,True
1142710,018d937f-4b6c-713b-90ce-2a4a62881469,CA,2022-11-22 18:25:21,63.99,79.99,20.0,CAD,61,2022-02-16,79.99,CAD,CA,True,False,False,False,False,False,False,279.0,-15.999999999999993,-0.20002500312539062,2022-11-22,False,False,7.080856481481481,True
1142710,018d937f-4b6c-713b-90ce-2a4a62881469,CA,2022-12-05 18:57:38,63.99,79.99,20.0,CAD,61,2022-02-16,79.99,CAD,CA,True,False,False,False,False,False,False,292.0,-15.999999999999993,-0.20002500312539062,2022-12-05,False,False,6.997037037037037,True
1142710,018d937f-4b6c-713b-90ce-2a4a62881469,CA,2022-12-22 20:17:22,59.99,79.99,25.0,CAD,61,2022-02-16,79.99,CAD,CA,True,False,False,False,False,False,False,309.0,-19.999999999999993,-0.2500312539067383,2022-12-22,False,False,13.959664351851853,True
1142710,018d937f-4b6c-713b-90ce-2a4a62881469,CA,2023-01-05 19:46:59,79.99,79.99,0.0,CAD,61,2022-02-16,79.99,CAD,CA,False,False,False,True,False,False,False,323.0,0.0,0.0,2023-01-05,False,False,,False
1142710,018d937f-4b6c-713b-90ce-2a4a62881469,CA,2023-03-09 18:06:30,40.34,143.98,72.0,CAD,61,2022-02-16,79.99,CAD,CA,True,False,False,False,False,False,False,386.0,-39.64999999999999,-0.49568696087010866,2023-03-09,False,False,14.07232638888889,True
1142710,018d937f-4b6c-713b-90ce-2a4a62881469,CA,2023-03-09 18:09:48,53.59,79.99,33.0,CAD,61,2022-02-16,79.99,CAD,CA,True,False,False,False,False,False,False,386.0,-26.39999999999999,-0.33004125515689453,2023-03-09,False,False,,False
1142710,018d937f-4b6c-713b-90ce-2a4a62881469,CA,2023-05-25 16:19:13,53.59,79.99,33.0,CAD,61,2022-02-16,79.99,CAD,CA,True,False,False,False,False,False,False,463.0,-26.39999999999999,-0.33004125515689453,2023-05-25,False,False,7.043113425925926,True
1142710,018d937f-4b6c-713b-90ce-2a4a62881469,CA,2023-06-30 00:37:13,47.99,79.99,40.0,CAD,61,2022-02-16,79.99,CAD,CA,True,False,False,False,False,False,False,499.0,-31.999999999999993,-0.40005000625078124,2023-06-30,False,False,13.780613425925926,True
1142710,018d937f-4b6c-713b-90ce-2a4a62881469,CA,2023-09-14 17:25:39,47.99,79.99,40.0,CAD,61,2022-02-16,79.99,CAD,CA,True,False,False,False,False,False,False,575.0,-31.999999999999993,-0.40005000625078124,2023-09-14,False,False,6.996423611111111,True
1142710,018d937f-4b6c-713b-90ce-2a4a62881469,CA,2023-11-21 20:10:39,39.99,79.99,50.0,CAD,61,2022-02-16,79.99,CAD,CA,True,False,False,False,False,False,False,643.0,-39.99999999999999,-0.5000625078134766,2023-11-21,False,False,7.001423611111111,True
1142710,018d937f-4b6c-713b-90ce-2a4a62881469,CA,2023-12-21 20:24:35,39.99,79.99,50.0,CAD,61,2022-02-16,79.99,CAD,CA,True,False,False,False,False,False,False,673.0,-39.99999999999999,-0.5000625078134766,2023-12-21,False,False,13.982847222222222,True
1142710,018d937f-4b6c-713b-90ce-2a4a62881469,CA,2024-03-14 17:34:06,39.99,79.99,50.0,CAD,61,2022-02-16,79.99,CAD,CA,True,False,False,False,False,False,False,757.0,-39.99999999999999,-0.5000625078134766,2024-03-14,False,False,7.0081597222222225,True
1142710,018d937f-4b6c-713b-90ce-2a4a62881469,CA,2024-05-23 16:15:15,39.99,79.99,50.0,CAD,61,2022-02-16,79.99,CAD,CA,True,False,False,False,False,False,False,827.0,-39.99999999999999,-0.5000625078134766,2024-05-23,False,False,7.041944444444445,True
1142710,018d937f-4b6c-713b-90ce-2a4a62881469,CA,2024-06-27 18:08:06,39.99,79.99,50.0,CAD,61,2022-02-16,79.99,CAD,CA,True,False,False,False,False,False,False,862.0,-39.99999999999999,-0.5000625078134766,2024-06-27,False,False,13.990462962962964,True
1142710,018d937f-4b6c-713b-90ce-2a4a62881469,CA,2024-07-25 17:16:39,39.99,79.99,50.0,CAD,61,2022-02-16,79.99,CAD,CA,True,False,False,False,False,False,False,890.0,-39.99999999999999,-0.5000625078134766,2024-07-25,False,False,6.999456018518519,True
1142710,018d937f-4b6c-713b-90ce-2a4a62881469,CA,2024-09-19 17:18:58,31.99,79.99,60.0,CAD,61,2022-02-16,79.99,CAD,CA,True,False,False,False,False,False,False,946.0,-48.0,-0.600075009376172,2024-09-19,False,False,6.999918981481481,True
1142710,018d937f-4b6c-713b-90ce-2a4a62881469,CA,2024-10-28 18:20:01,31.99,79.99,60.0,CAD,61,2022-02-16,79.99,CAD,CA,True,False,False,False,False,False,False,985.0,-48.0,-0.600075009376172,2024-10-28,False,False,6.9990856481481485,True
1142710,018d937f-4b6c-713b-90ce-2a4a62881469,CA,2024-11-27 21:11:39,31.99,79.99,60.0,CAD,61,2022-02-16,79.99,CAD,CA,True,False,False,False,False,False,False,1015.0,-48.0,-0.600075009376172,2024-11-27,False,False,6.900439814814815,True
1142710,018d937f-4b6c-713b-90ce-2a4a62881469,CA,2024-12-12 15:18:05,31.99,79.99,60.0,CAD,61,2022-02-16,79.99,CAD,CA,True,False,False,False,False,False,False,1030.0,-48.0,-0.600075009376172,2024-12-12,False,False,21.149479166666666,True
1142710,018d937f-4b6c-713b-90ce-2a4a62881469,CA,2025-02-17 18:31:04,31.99,79.99,60.0,CAD,61,2022-02-16,79.99,CAD,CA,True,False,False,False,False,False,False,1097.0,-48.0,-0.600075009376172,2025-02-17,False,False,9.991261574074073,True
1142710,018d937f-4b6c-713b-90ce-2a4a62881469,CA,2025-03-13 19:41:30,31.99,79.99,60.0,CAD,61,2022-02-16,79.99,CAD,CA,True,False,False,False,False,False,False,1121.0,-48.0,-0.600075009376172,2025-03-13,False,False,6.9225462962962965,True
1142710,018d937f-4b6c-713b-90ce-2a4a62881469,CA,2025-05-22 16:30:23,27.19,79.99,66.0,CAD,61,2022-02-16,79.99,CAD,CA,True,False,False,False,False,False,False,1191.0,-52.8,-0.6600825103137892,2025-05-22,False,False,7.033842592592593,True
1142710,018d937f-4b6c-713b-90ce-2a4a62881469,CA,2025-06-26 22:13:17,27.19,79.99,66.0,CAD,61,2022-02-16,79.99,CAD,CA,True,False,False,False,False,False,False,1226.0,-52.8,-0.6600825103137892,2025-06-26,False,False,17.79667824074074,True
1142710,018d937f-4b6c-713b-90ce-2a4a62881469,CA,2025-08-28 17:15:54,23.99,79.99,70.0,CAD,61,2022-02-16,79.99,CAD,CA,True,False,False,False,False,False,False,1289.0,-56.0,-0.7000875109388673,2025-08-28,False,False,7.002916666666667,True
1142710,018d937f-4b6c-713b-90ce-2a4a62881469,CA,2025-09-29 20:29:30,19.99,79.99,75.0,CAD,61,2022-02-16,79.99,CAD,CA,True,False,False,False,False,False,False,1321.0,-60.0,-0.750093761720215,2025-09-29,False,False,6.887696759259259,True
1142710,018d937f-4b6c-713b-90ce-2a4a62881469,CA,2025-10-16 17:16:30,19.99,79.99,75.0,CAD,61,2022-02-16,79.99,CAD,CA,True,False,False,False,False,False,False,1338.0,-60.0,-0.750093761720215,2025-10-16,False,False,11.999212962962963,True
1142710,018d937f-4b6c-713b-90ce-2a4a62881469,CN,2022-06-01 17:19:07,268.2,298.0,10.0,CNY,61,2022-02-16,298.0,CNY,CN,True,False,False,False,False,False,False,105.0,-29.80000000000001,-0.10000000000000009,2022-06-01,False,False,7.000127314814815,True
1142710,018d937f-4b6c-713b-90ce-2a4a62881469,CN,2022-06-23 19:39:43,268.2,298.0,10.0,CNY,61,2022-02-16,298.0,CNY,CN,True,False,False,False,False,False,False,127.0,-29.80000000000001,-0.10000000000000009,2022-06-23,False,False,13.998171296296297,True
1142710,018d937f-4b6c-713b-90ce-2a4a62881469,CN,2022-08-22 17:13:32,134.4,536.0,75.0,CNY,61,2022-02-16,298.0,CNY,CN,True,False,False,False,False,False,False,187.0,-163.6,-0.548993288590604,2022-08-22,False,False,7.035057870370371,True
1142710,018d937f-4b6c-713b-90ce-2a4a62881469,CN,2022-08-22 17:41:33,268.2,298.0,10.0,CNY,61,2022-02-16,298.0,CNY,CN,True,False,False,False,False,False,False,187.0,-29.80000000000001,-0.10000000000000009,2022-08-22,False,False,,False
1142710,018d937f-4b6c-713b-90ce-2a4a62881469,CN,2022-11-22 19:12:52,238.4,298.0,20.0,CNY,61,2022-02-16,298.0,CNY,CN,True,False,False,False,False,False,False,279.0,-59.599999999999994,-0.19999999999999996,2022-11-22,False,False,7.044907407407408,True
1142710,018d937f-4b6c-713b-90ce-2a4a62881469,CN,2022-12-05 18:57:55,238.4,298.0,20.0,CNY,61,2022-02-16,298.0,CNY,CN,True,False,False,False,False,False,False,292.0,-59.599999999999994,-0.19999999999999996,2022-12-05,False,False,7.002662037037037,True
1142710,018d937f-4b6c-713b-90ce-2a4a62881469,CN,2022-12-22 23:06:13,223.5,298.0,25.0,CNY,61,2022-02-16,298.0,CNY,CN,True,False,False,False,False,False,False,309.0,-74.5,-0.25,2022-12-22,False,False,13.861273148148149,True
1142710,018d937f-4b6c-713b-90ce-2a4a62881469,CN,2023-01-05 21:24:43,482.4,482.4,0.0,CNY,61,2022-02-16,298.0,CNY,CN,False,False,False,True,False,False,False,323.0,184.39999999999998,0.6187919463087248,2023-01-05,False,False,,False
1142710,018d937f-4b6c-713b-90ce-2a4a62881469,CN,2023-03-09 18:03:17,150.21,536.0,72.0,CNY,61,2022-02-16,298.0,CNY,CN,True,False,False,False,False,False,False,386.0,-147.79,-0.49593959731543624,2023-03-09,False,False,14.070578703703704,True
1142710,018d937f-4b6c-713b-90ce-2a4a62881469,CN,2023-03-09 18:18:37,199.66,298.0,33.0,CNY,61,2022-02-16,298.0,CNY,CN,True,False,False,False,False,False,False,386.0,-98.34,-0.32999999999999996,2023-03-09,False,False,,False
1142710,018d937f-4b6c-713b-90ce-2a4a62881469,CN,2023-05-25 16:19:08,199.66,298.0,33.0,CNY,61,2022-02-16,298.0,CNY,CN,True,False,False,False,False,False,False,463.0,-98.34,-0.32999999999999996,2023-05-25,False,False,7.031076388888889,True
1142710,018d937f-4b6c-713b-90ce-2a4a62881469,CN,2023-06-29 19:38:39,178.8,298.0,40.0,CNY,61,2022-02-16,298.0,CNY,CN,True,False,False,False,False,False,False,498.0,-119.19999999999999,-0.3999999999999999,2023-06-29,False,False,13.985752314814814,True
1142710,018d937f-4b6c-713b-90ce-2a4a62881469,CN,2023-09-14 17:25:24,178.8,298.0,40.0,CNY,61,2022-02-16,298.0,CNY,CN,True,False,False,False,False,False,False,575.0,-119.19999999999999,-0.3999999999999999,2023-09-14,False,False,6.996342592592592,True
1142710,018d937f-4b6c-713b-90ce-2a4a62881469,CN,2023-11-21 20:04:01,149.0,298.0,50.0,CNY,61,2022-02-16,298.0,CNY,CN,True,False,False,False,False,False,False,643.0,-149.0,-0.5,2023-11-21,False,False,7.004930555555555,True
1142710,018d937f-4b6c-713b-90ce-2a4a62881469,CN,2023-12-21 18:04:51,149.0,298.0,50.0,CNY,61,2022-02-16,298.0,CNY,CN,True,False,False,False,False,False,False,673.0,-149.0,-0.5,2023-12-21,False,False,14.077673611111111,True
1142710,018d937f-4b6c-713b-90ce-2a4a62881469,CN,2024-03-14 17:34:40,149.0,298.0,50.0,CNY,61,2022-02-16,298.0,CNY,CN,True,False,False,False,False,False,False,757.0,-149.0,-0.5,2024-03-14,False,False,7.007939814814815,True
1142710,018d937f-4b6c-713b-90ce-2a4a62881469,CN,2024-05-23 16:18:23,149.0,298.0,50.0,CNY,61,2022-02-16,298.0,CNY,CN,True,False,False,False,False,False,False,827.0,-149.0,-0.5,2024-05-23,False,False,7.041550925925926,True
1142710,018d937f-4b6c-713b-90ce-2a4a62881469,CN,2024-06-27 18:05:14,149.0,298.0,50.0,CNY,61,2022-02-16,298.0,CNY,CN,True,False,False,False,False,False,False,862.0,-149.0,-0.5,2024-06-27,False,False,13.988784722222222,True
1142710,018d937f-4b6c-713b-90ce-2a4a62881469,CN,2024-07-25 17:16:37,149.0,298.0,50.0,CNY,61,2022-02-16,298.0,CNY,CN,True,False,False,False,False,False,False,890.0,-149.0,-0.5,2024-07-25,False,False,7.001701388888889,True
1142710,018d937f-4b6c-713b-90ce-2a4a62881469,CN,2024-09-19 17:18:47,119.2,298.0,60.0,CNY,61,2022-02-16,298.0,CNY,CN,True,False,False,False,False,False,False,946.0,-178.8,-0.6,2024-09-19,False,False,7.000277777777778,True
1142710,018d937f-4b6c-713b-90ce-2a4a62881469,CN,2024-10-28 18:19:42,119.2,298.0,60.0,CNY,61,2022-02-16,298.0,CNY,CN,True,False,False,False,False,False,False,985.0,-178.8,-0.6,2024-10-28,False,False,7.0038425925925925,True
1142710,018d937f-4b6c-713b-90ce-2a4a62881469,CN,2024-11-27 21:11:33,119.2,298.0,60.0,CNY,61,2022-02-16,298.0,CNY,CN,True,False,False,False,False,False,False,1015.0,-178.8,-0.6,2024-11-27,False,False,6.900474537037037,True
1142710,018d937f-4b6c-713b-90ce-2a4a62881469,CN,2024-12-12 15:18:07,119.2,298.0,60.0,CNY,61,2022-02-16,298.0,CNY,CN,True,False,False,False,False,False,False,1030.0,-178.8,-0.6,2024-12-12,False,False,21.147453703703704,True
1142710,018d937f-4b6c-713b-90ce-2a4a62881469,CN,2025-02-17 18:23:20,119.2,298.0,60.0,CNY,61,2022-02-16,298.0,CNY,CN,True,False,False,False,False,False,False,1097.0,-178.8,-0.6,2025-02-17,False,False,9.996805555555556,True
1142710,018d937f-4b6c-713b-90ce-2a4a62881469,CN,2025-03-13 19:56:23,119.2,298.0,60.0,CNY,61,2022-02-16,298.0,CNY,CN,True,False,False,False,False,False,False,1121.0,-178.8,-0.6,2025-03-13,False,False,6.914224537037037,True
1142710,018d937f-4b6c-713b-90ce-2a4a62881469,CN,2025-05-22 16:33:28,101.32,298.0,66.0,CNY,61,2022-02-16,298.0,CNY,CN,True,False,False,False,False,False,False,1191.0,-196.68,-0.66,2025-05-22,False,False,7.029409722222222,True
1142710,018d937f-4b6c-713b-90ce-2a4a62881469,CN,2025-06-26 22:11:33,101.32,298.0,66.0,CNY,61,2022-02-16,298.0,CNY,CN,True,False,False,False,False,False,False,1226.0,-196.68,-0.66,2025-06-26,False,False,17.799699074074073,True
1142710,018d937f-4b6c-713b-90ce-2a4a62881469,CN,2025-08-28 17:15:49,89.4,298.0,70.0,CNY,61,2022-02-16,298.0,CNY,CN,True,False,False,False,False,False,False,1289.0,-208.6,-0.7,2025-08-28,False,False,7.0024189814814815,True
1142710,018d937f-4b6c-713b-90ce-2a4a62881469,CN,2025-09-29 20:22:48,74.5,298.0,75.0,CNY,61,2022-02-16,298.0,CNY,CN,True,False,False,False,False,False,False,1321.0,-223.5,-0.75,2025-09-29,False,False,6.892083333333333,True
1142710,018d937f-4b6c-713b-90ce-2a4a62881469,CN,2025-10-16 17:18:39,74.5,298.0,75.0,CNY,61,2022-02-16,298.0,CNY,CN,True,False,False,False,False,False,False,1338.0,-223.5,-0.75,2025-10-16,False,False,11.997731481481482,True
1142710,018d937f-4b6c-713b-90ce-2a4a62881469,DE,2022-06-01 17:15:32,53.99,59.99,10.0,EUR,61,2022-02-16,59.99,EUR,DE,True,False,False,False,False,False,False,105.0,-6.0,-0.1000166694449075,2022-06-01,False,False,7.002800925925926,True
1142710,018d937f-4b6c-713b-90ce-2a4a62881469,DE,2022-06-23 19:40:49,53.99,59.99,10.0,EUR,61,2022-02-16,59.99,EUR,DE,True,False,False,False,False,False,False,127.0,-6.0,-0.1000166694449075,2022-06-23,False,False,14.001203703703704,True
1142710,018d937f-4b6c-713b-90ce-2a4a62881469,DE,2022-08-22 17:03:17,30.07,119.98,75.0,EUR,61,2022-02-16,59.99,EUR,DE,True,False,False,False,False,False,False,187.0,-29.92,-0.49874979163193867,2022-08-22,False,False,7.003101851851852,True
1142710,018d937f-4b6c-713b-90ce-2a4a62881469,DE,2022-08-22 17:47:39,53.99,59.99,10.0,EUR,61,2022-02-16,59.99,EUR,DE,True,False,False,False,False,False,False,187.0,-6.0,-0.1000166694449075,2022-08-22,False,False,,False
1142710,018d937f-4b6c-713b-90ce-2a4a62881469,DE,2022-10-06 17:10:02,53.99,59.99,10.0,EUR,61,2022-02-16,59.99,EUR,DE,True,False,False,False,False,False,False,232.0,-6.0,-0.1000166694449075,2022-10-06,False,False,7.013622685185185,True
1142710,018d937f-4b6c-713b-90ce-2a4a62881469,DE,2022-11-22 19:50:11,47.99,59.99,20.0,EUR,61,2022-02-16,59.99,EUR,DE,True,False,False,False,False,False,False,279.0,-12.0,-0.200033338889815,2022-11-22,False,False,7.018784722222223,True
1142710,018d937f-4b6c-713b-90ce-2a4a62881469,DE,2022-12-05 19:37:30,47.99,59.99,20.0,EUR,61,2022-02-16,59.99,EUR,DE,True,False,False,False,False,False,False,292.0,-12.0,-0.200033338889815,2022-12-05,False,False,7.035648148148148,True
1142710,018d937f-4b6c-713b-90ce-2a4a62881469,DE,2022-12-22 23:14:12,44.99,59.99,25.0,EUR,61,2022-02-16,59.99,EUR,DE,True,False,False,False,False,False,False,309.0,-15.0,-0.2500416736122687,2022-12-22,False,False,13.789560185185184,True
1142710,018d937f-4b6c-713b-90ce-2a4a62881469,DE,2023-01-05 19:46:05,59.99,59.99,0.0,EUR,61,2022-02-16,59.99,EUR,DE,False,False,False,True,False,False,False,323.0,0.0,0.0,2023-01-05,False,False,,False
1142710,018d937f-4b6c-713b-90ce-2a4a62881469,DE,2023-01-05 21:42:26,107.98,107.98,0.0,EUR,61,2022-02-16,59.99,EUR,DE,False,False,False,True,False,False,False,323.0,47.99,0.799966661110185,2023-01-05,False,False,,False
1142710,018d937f-4b6c-713b-90ce-2a4a62881469,DE,2023-03-09 18:09:40,40.19,59.99,33.0,EUR,61,2022-02-16,59.99,EUR,DE,True,False,False,False,False,False,False,386.0,-19.800000000000004,-0.33005500916819475,2023-03-09,False,False,14.072222222222223,True
1142710,018d937f-4b6c-713b-90ce-2a4a62881469,DE,2023-03-09 18:19:03,33.61,119.98,72.0,EUR,61,2022-02-16,59.99,EUR,DE,True,False,False,False,False,False,False,386.0,-26.380000000000003,-0.4397399566594433,2023-03-09,False,False,,False
1142710,018d937f-4b6c-713b-90ce-2a4a62881469,DE,2023-05-25 16:19:12,40.19,59.99,33.0,EUR,61,2022-02-16,59.99,EUR,DE,True,False,False,False,False,False,False,463.0,-19.800000000000004,-0.33005500916819475,2023-05-25,False,False,35.144641203703706,True
1142710,018d937f-4b6c-713b-90ce-2a4a62881469,DE,2023-07-13 19:27:29,59.99,59.99,0.0,EUR,61,2022-02-16,59.99,EUR,DE,False,False,False,True,False,False,False,512.0,0.0,0.0,2023-07-13,False,False,,False
1142710,018d937f-4b6c-713b-90ce-2a4a62881469,DE,2023-09-14 17:14:35,35.99,59.99,40.0,EUR,61,2022-02-16,59.99,EUR,DE,True,False,False,False,False,False,False,575.0,-24.0,-0.4000666777796299,2023-09-14,False,False,7.003877314814815,True
1142710,018d937f-4b6c-713b-90ce-2a4a62881469,DE,2023-12-21 20:31:40,29.99,59.99,50.0,EUR,61,2022-02-16,59.99,EUR,DE,True,False,False,False,False,False,False,673.0,-30.000000000000004,-0.5000833472245374,2023-12-21,False,False,13.97773148148148,True
1142710,018d937f-4b6c-713b-90ce-2a4a62881469,DE,2024-03-14 17:34:54,29.99,59.99,50.0,EUR,61,2022-02-16,59.99,EUR,DE,True,False,False,False,False,False,False,757.0,-30.000000000000004,-0.5000833472245374,2024-03-14,False,False,7.0096875,True
1142710,018d937f-4b6c-713b-90ce-2a4a62881469,DE,2024-05-23 16:18:17,29.99,59.99,50.0,EUR,61,2022-02-16,59.99,EUR,DE,True,False,False,False,False,False,False,827.0,-30.000000000000004,-0.5000833472245374,2024-05-23,False,False,7.03962962962963,True
1142710,018d937f-4b6c-713b-90ce-2a4a62881469,DE,2024-06-27 18:05:13,29.99,59.99,50.0,EUR,61,2022-02-16,59.99,EUR,DE,True,False,False,False,False,False,False,862.0,-30.000000000000004,-0.5000833472245374,2024-06-27,False,False,13.992731481481481,True
1142710,018d937f-4b6c-713b-90ce-2a4a62881469,DE,2024-07-25 17:15:56,29.99,59.99,50.0,EUR,61,2022-02-16,59.99,EUR,DE,True,False,False,False,False,False,False,890.0,-30.000000000000004,-0.5000833472245374,2024-07-25,False,False,7.002118055555556,True
1142710,018d937f-4b6c-713b-90ce-2a4a62881469,DE,2024-09-19 17:16:11,23.99,59.99,60.0,EUR,61,2022-02-16,59.99,EUR,DE,True,False,False,False,False,False,False,946.0,-36.0,-0.600100016669445,2024-09-19,False,False,7.000011574074074,True
1142710,018d937f-4b6c-713b-90ce-2a4a62881469,DE,2024-10-28 18:20:40,23.99,59.99,60.0,EUR,61,2022-02-16,59.99,EUR,DE,True,False,False,False,False,False,False,985.0,-36.0,-0.600100016669445,2024-10-28,False,False,7.004756944444445,True
1142710,018d937f-4b6c-713b-90ce-2a4a62881469,DE,2024-11-27 21:11:38,23.99,59.99,60.0,EUR,61,2022-02-16,59.99,EUR,DE,True,False,False,False,False,False,False,1015.0,-36.0,-0.600100016669445,2024-11-27,False,False,6.9004513888888885,True
1142710,018d937f-4b6c-713b-90ce-2a4a62881469,DE,2024-12-12 15:15:36,23.99,59.99,60.0,EUR,61,2022-02-16,59.99,EUR,DE,True,False,False,False,False,False,False,1030.0,-36.0,-0.600100016669445,2024-12-12,False,False,21.15138888888889,True
1142710,018d937f-4b6c-713b-90ce-2a4a62881469,DE,2025-02-17 18:29:54,23.99,59.99,60.0,EUR,61,2022-02-16,59.99,EUR,DE,True,False,False,False,False,False,False,1097.0,-36.0,-0.600100016669445,2025-02-17,False,False,9.990370370370371,True
1142710,018d937f-4b6c-713b-90ce-2a4a62881469,DE,2025-03-13 19:36:09,23.99,59.99,60.0,EUR,61,2022-02-16,59.99,EUR,DE,True,False,False,False,False,False,False,1121.0,-36.0,-0.600100016669445,2025-03-13,False,False,6.928414351851852,True
1142710,018d937f-4b6c-713b-90ce-2a4a62881469,DE,2025-05-22 16:33:04,20.39,59.99,66.0,EUR,61,2022-02-16,59.99,EUR,DE,True,False,False,False,False,False,False,1191.0,-39.6,-0.6601100183363894,2025-05-22,False,False,7.031898148148148,True
1142710,018d937f-4b6c-713b-90ce-2a4a62881469,DE,2025-06-26 22:15:10,20.39,59.99,66.0,EUR,61,2022-02-16,59.99,EUR,DE,True,False,False,False,False,False,False,1226.0,-39.6,-0.6601100183363894,2025-06-26,False,False,17.79568287037037,True
1142710,018d937f-4b6c-713b-90ce-2a4a62881469,DE,2025-08-28 17:18:49,17.99,59.99,70.0,EUR,61,2022-02-16,59.99,EUR,DE,True,False,False,False,False,False,False,1289.0,-42.0,-0.7001166861143524,2025-08-28,False,False,7.001180555555556,True
1142710,018d937f-4b6c-713b-90ce-2a4a62881469,DE,2025-09-29 20:11:32,14.99,59.99,75.0,EUR,61,2022-02-16,59.99,EUR,DE,True,False,False,False,False,False,False,1321.0,-45.0,-0.7501250208368061,2025-09-29,False,False,6.900231481481481,True
1142710,018d937f-4b6c-713b-90ce-2a4a62881469,DE,2025-10-16 17:16:09,14.99,59.99,75.0,EUR,61,2022-02-16,59.99,EUR,DE,True,False,False,False,False,False,False,1338.0,-45.0,-0.7501250208368061,2025-10-16,False,False,11.999537037037037,True
1142710,018d937f-4b6c-713b-90ce-2a4a62881469,FR,2022-06-01 17:15:32,53.99,59.99,10.0,EUR,61,2022-02-16,59.99,EUR,FR,True,False,False,False,False,False,False,105.0,-6.0,-0.1000166694449075,2022-06-01,False,False,7.002800925925926,True
1142710,018d937f-4b6c-713b-90ce-2a4a62881469,FR,2022-06-23 19:40:49,53.99,59.99,10.0,EUR,61,2022-02-16,59.99,EUR,FR,True,False,False,False,False,False,False,127.0,-6.0,-0.1000166694449075,2022-06-23,False,False,14.001203703703704,True
1142710,018d937f-4b6c-713b-90ce-2a4a62881469,FR,2022-08-22 17:03:17,30.07,119.98,75.0,EUR,61,2022-02-16,59.99,EUR,FR,True,False,False,False,False,False,False,187.0,-29.92,-0.49874979163193867,2022-08-22,False,False,7.003101851851852,True
1142710,018d937f-4b6c-713b-90ce-2a4a62881469,FR,2022-08-22 17:47:39,53.99,59.99,10.0,EUR,61,2022-02-16,59.99,EUR,FR,True,False,False,False,False,False,False,187.0,-6.0,-0.1000166694449075,2022-08-22,False,False,,False
1142710,018d937f-4b6c-713b-90ce-2a4a62881469,FR,2022-10-06 17:10:02,53.99,59.99,10.0,EUR,61,2022-02-16,59.99,EUR,FR,True,False,False,False,False,False,False,232.0,-6.0,-0.1000166694449075,2022-10-06,False,False,7.013622685185185,True
1142710,018d937f-4b6c-713b-90ce-2a4a62881469,FR,2022-11-22 19:50:11,47.99,59.99,20.0,EUR,61,2022-02-16,59.99,EUR,FR,True,False,False,False,False,False,False,279.0,-12.0,-0.200033338889815,2022-11-22,False,False,7.018784722222223,True
1142710,018d937f-4b6c-713b-90ce-2a4a62881469,FR,2022-12-05 19:37:30,47.99,59.99,20.0,EUR,61,2022-02-16,59.99,EUR,FR,True,False,False,False,False,False,False,292.0,-12.0,-0.200033338889815,2022-12-05,False,False,7.035648148148148,True
1142710,018d937f-4b6c-713b-90ce-2a4a62881469,FR,2022-12-22 23:14:12,44.99,59.99,25.0,EUR,61,2022-02-16,59.99,EUR,FR,True,False,False,False,False,False,False,309.0,-15.0,-0.2500416736122687,2022-12-22,False,False,13.789560185185184,True
1142710,018d937f-4b6c-713b-90ce-2a4a62881469,FR,2023-01-05 19:46:05,59.99,59.99,0.0,EUR,61,2022-02-16,59.99,EUR,FR,False,False,False,True,False,False,False,323.0,0.0,0.0,2023-01-05,False,False,,False
1142710,018d937f-4b6c-713b-90ce-2a4a62881469,FR,2023-01-05 21:42:26,107.98,107.98,0.0,EUR,61,2022-02-16,59.99,EUR,FR,False,False,False,True,False,False,False,323.0,47.99,0.799966661110185,2023-01-05,False,False,,False
1142710,018d937f-4b6c-713b-90ce-2a4a62881469,FR,2023-03-09 18:09:40,40.19,59.99,33.0,EUR,61,2022-02-16,59.99,EUR,FR,True,False,False,False,False,False,False,386.0,-19.800000000000004,-0.33005500916819475,2023-03-09,False,False,14.072222222222223,True
1142710,018d937f-4b6c-713b-90ce-2a4a62881469,FR,2023-03-09 18:19:03,33.61,119.98,72.0,EUR,61,2022-02-16,59.99,EUR,FR,True,False,False,False,False,False,False,386.0,-26.380000000000003,-0.4397399566594433,2023-03-09,False,False,,False
1142710,018d937f-4b6c-713b-90ce-2a4a62881469,FR,2023-05-25 16:19:12,40.19,59.99,33.0,EUR,61,2022-02-16,59.99,EUR,FR,True,False,False,False,False,False,False,463.0,-19.800000000000004,-0.33005500916819475,2023-05-25,False,False,35.144641203703706,True
1142710,018d937f-4b6c-713b-90ce-2a4a62881469,FR,2023-07-13 19:27:29,59.99,59.99,0.0,EUR,61,2022-02-16,59.99,EUR,FR,False,False,False,True,False,False,False,512.0,0.0,0.0,2023-07-13,False,False,,False
1142710,018d937f-4b6c-713b-90ce-2a4a62881469,FR,2023-09-14 17:14:35,35.99,59.99,40.0,EUR,61,2022-02-16,59.99,EUR,FR,True,False,False,False,False,False,False,575.0,-24.0,-0.4000666777796299,2023-09-14,False,False,7.003877314814815,True
1142710,018d937f-4b6c-713b-90ce-2a4a62881469,FR,2023-12-21 20:31:40,29.99,59.99,50.0,EUR,61,2022-02-16,59.99,EUR,FR,True,False,False,False,False,False,False,673.0,-30.000000000000004,-0.5000833472245374,2023-12-21,False,False,13.97773148148148,True
1142710,018d937f-4b6c-713b-90ce-2a4a62881469,FR,2024-03-14 17:34:54,29.99,59.99,50.0,EUR,61,2022-02-16,59.99,EUR,FR,True,False,False,False,False,False,False,757.0,-30.000000000000004,-0.5000833472245374,2024-03-14,False,False,7.0096875,True
1142710,018d937f-4b6c-713b-90ce-2a4a62881469,FR,2024-05-23 16:18:17,29.99,59.99,50.0,EUR,61,2022-02-16,59.99,EUR,FR,True,False,False,False,False,False,False,827.0,-30.000000000000004,-0.5000833472245374,2024-05-23,False,False,7.03962962962963,True
1142710,018d937f-4b6c-713b-90ce-2a4a62881469,FR,2024-06-27 18:05:13,29.99,59.99,50.0,EUR,61,2022-02-16,59.99,EUR,FR,True,False,False,False,False,False,False,862.0,-30.000000000000004,-0.5000833472245374,2024-06-27,False,False,13.992731481481481,True
1142710,018d937f-4b6c-713b-90ce-2a4a62881469,FR,2024-07-25 17:15:56,29.99,59.99,50.0,EUR,61,2022-02-16,59.99,EUR,FR,True,False,False,False,False,False,False,890.0,-30.000000000000004,-0.5000833472245374,2024-07-25,False,False,7.002118055555556,True
1142710,018d937f-4b6c-713b-90ce-2a4a62881469,FR,2024-09-19 17:16:11,23.99,59.99,60.0,EUR,61,2022-02-16,59.99,EUR,FR,True,False,False,False,False,False,False,946.0,-36.0,-0.600100016669445,2024-09-19,False,False,7.000011574074074,True
1142710,018d937f-4b6c-713b-90ce-2a4a62881469,FR,2024-10-28 18:20:40,23.99,59.99,60.0,EUR,61,2022-02-16,59.99,EUR,FR,True,False,False,False,False,False,False,985.0,-36.0,-0.600100016669445,2024-10-28,False,False,7.004756944444445,True
1142710,018d937f-4b6c-713b-90ce-2a4a62881469,FR,2024-11-27 21:11:38,23.99,59.99,60.0,EUR,61,2022-02-16,59.99,EUR,FR,True,False,False,False,False,False,False,1015.0,-36.0,-0.600100016669445,2024-11-27,False,False,6.9004513888888885,True
1142710,018d937f-4b6c-713b-90ce-2a4a62881469,FR,2024-12-12 15:15:36,23.99,59.99,60.0,EUR,61,2022-02-16,59.99,EUR,FR,True,False,False,False,False,False,False,1030.0,-36.0,-0.600100016669445,2024-12-12,False,False,21.15138888888889,True
1142710,018d937f-4b6c-713b-90ce-2a4a62881469,FR,2025-02-17 18:29:54,23.99,59.99,60.0,EUR,61,2022-02-16,59.99,EUR,FR,True,False,False,False,False,False,False,1097.0,-36.0,-0.600100016669445,2025-02-17,False,False,9.990370370370371,True
1142710,018d937f-4b6c-713b-90ce-2a4a62881469,FR,2025-03-13 19:36:09,23.99,59.99,60.0,EUR,61,2022-02-16,59.99,EUR,FR,True,False,False,False,False,False,False,1121.0,-36.0,-0.600100016669445,2025-03-13,False,False,6.928414351851852,True
1142710,018d937f-4b6c-713b-90ce-2a4a62881469,FR,2025-05-22 16:33:04,20.39,59.99,66.0,EUR,61,2022-02-16,59.99,EUR,FR,True,False,False,False,False,False,False,1191.0,-39.6,-0.6601100183363894,2025-05-22,False,False,7.031898148148148,True
1142710,018d937f-4b6c-713b-90ce-2a4a62881469,FR,2025-06-26 22:15:10,20.39,59.99,66.0,EUR,61,2022-02-16,59.99,EUR,FR,True,False,False,False,False,False,False,1226.0,-39.6,-0.6601100183363894,2025-06-26,False,False,17.79568287037037,True
1142710,018d937f-4b6c-713b-90ce-2a4a62881469,FR,2025-08-28 17:18:49,17.99,59.99,70.0,EUR,61,2022-02-16,59.99,EUR,FR,True,False,False,False,False,False,False,1289.0,-42.0,-0.7001166861143524,2025-08-28,False,False,7.001180555555556,True
1142710,018d937f-4b6c-713b-90ce-2a4a62881469,FR,2025-09-29 20:11:32,14.99,59.99,75.0,EUR,61,2022-02-16,59.99,EUR,FR,True,False,False,False,False,False,False,1321.0,-45.0,-0.7501250208368061,2025-09-29,False,False,6.900231481481481,True
1142710,018d937f-4b6c-713b-90ce-2a4a62881469,FR,2025-10-16 17:16:09,14.99,59.99,75.0,EUR,61,2022-02-16,59.99,EUR,FR,True,False,False,False,False,False,False,1338.0,-45.0,-0.7501250208368061,2025-10-16,False,False,11.999537037037037,True
1142710,018d937f-4b6c-713b-90ce-2a4a62881469,GB,2022-06-01 17:19:17,44.99,49.99,10.0,GBP,61,2022-02-16,49.99,GBP,GB,True,False,False,False,False,False,False,105.0,-5.0,-0.10002000400080013,2022-06-01,False,False,7.000034722222222,True
1142710,018d937f-4b6c-713b-90ce-2a4a62881469,GB,2022-06-24 00:39:53,44.99,49.99,10.0,GBP,61,2022-02-16,49.99,GBP,GB,True,False,False,False,False,False,False,128.0,-5.0,-0.10002000400080013,2022-06-24,False,False,13.791655092592592,True
1142710,018d937f-4b6c-713b-90ce-2a4a62881469,GB,2022-08-22 17:09:01,44.99,49.99,10.0,GBP,61,2022-02-16,49.99,GBP,GB,True,False,False,False,False,False,False,187.0,-5.0,-0.10002000400080013,2022-08-22,False,False,52.02311342592593,True
1142710,018d937f-4b6c-713b-90ce-2a4a62881469,GB,2022-08-22 17:16:21,20.04,79.98,75.0,GBP,61,2022-02-16,49.99,GBP,GB,True,False,False,False,False,False,False,187.0,-29.950000000000003,-0.599119823964793,2022-08-22,False,False,,False
1142710,018d937f-4b6c-713b-90ce-2a4a62881469,GB,2022-11-22 19:47:51,39.99,49.99,20.0,GBP,61,2022-02-16,49.99,GBP,GB,True,False,False,False,False,False,False,279.0,-10.0,-0.20004000800160027,2022-11-22,False,False,7.021736111111111,True
1142710,018d937f-4b6c-713b-90ce-2a4a62881469,GB,2022-12-05 18:57:56,39.99,49.99,20.0,GBP,61,2022-02-16,49.99,GBP,GB,True,False,False,False,False,False,False,292.0,-10.0,-0.20004000800160027,2022-12-05,False,False,7.0028703703703705,True
1142710,018d937f-4b6c-713b-90ce-2a4a62881469,GB,2022-12-22 19:55:20,37.49,49.99,25.0,GBP,61,2022-02-16,49.99,GBP,GB,True,False,False,False,False,False,False,309.0,-12.5,-0.25005001000200044,2022-12-22,False,False,13.944363425925927,True
1142710,018d937f-4b6c-713b-90ce-2a4a62881469,GB,2023-01-05 21:27:41,71.98,71.98,0.0,GBP,61,2022-02-16,49.99,GBP,GB,False,False,False,True,False,False,False,323.0,21.990000000000002,0.4398879775955191,2023-01-05,False,False,,False
1142710,018d937f-4b6c-713b-90ce-2a4a62881469,GB,2023-01-05 22:15:52,49.99,49.99,0.0,GBP,61,2022-02-16,49.99,GBP,GB,False,False,False,True,False,False,False,323.0,0.0,0.0,2023-01-05,False,False,,False
1142710,018d937f-4b6c-713b-90ce-2a4a62881469,GB,2023-03-09 18:03:16,22.4,79.98,72.0,GBP,61,2022-02-16,49.99,GBP,GB,True,False,False,False,False,False,False,386.0,-27.590000000000003,-0.5519103820764153,2023-03-09,False,False,14.074016203703703,True
1142710,018d937f-4b6c-713b-90ce-2a4a62881469,GB,2023-03-09 18:18:40,33.49,49.99,33.0,GBP,61,2022-02-16,49.99,GBP,GB,True,False,False,False,False,False,False,386.0,-16.5,-0.3300660132026405,2023-03-09,False,False,,False
1142710,018d937f-4b6c-713b-90ce-2a4a62881469,GB,2023-05-25 16:19:06,33.49,49.99,33.0,GBP,61,2022-02-16,49.99,GBP,GB,True,False,False,False,False,False,False,463.0,-16.5,-0.3300660132026405,2023-05-25,False,False,7.039768518518518,True
1142710,018d937f-4b6c-713b-90ce-2a4a62881469,GB,2023-06-29 19:45:46,29.99,49.99,40.0,GBP,61,2022-02-16,49.99,GBP,GB,True,False,False,False,False,False,False,498.0,-20.000000000000004,-0.40008001600320064,2023-06-29,False,False,13.983333333333333,True
1142710,018d937f-4b6c-713b-90ce-2a4a62881469,GB,2023-09-14 17:08:29,29.99,49.99,40.0,GBP,61,2022-02-16,49.99,GBP,GB,True,False,False,False,False,False,False,575.0,-20.000000000000004,-0.40008001600320064,2023-09-14,False,False,7.008310185185185,True
1142710,018d937f-4b6c-713b-90ce-2a4a62881469,GB,2023-11-21 20:04:35,24.99,49.99,50.0,GBP,61,2022-02-16,49.99,GBP,GB,True,False,False,False,False,False,False,643.0,-25.000000000000004,-0.5001000200040009,2023-11-21,False,False,7.003703703703704,True
1142710,018d937f-4b6c-713b-90ce-2a4a62881469,GB,2023-12-21 20:26:35,24.99,49.99,50.0,GBP,61,2022-02-16,49.99,GBP,GB,True,False,False,False,False,False,False,673.0,-25.000000000000004,-0.5001000200040009,2023-12-21,False,False,13.981261574074074,True
1142710,018d937f-4b6c-713b-90ce-2a4a62881469,GB,2024-03-14 17:31:43,24.99,49.99,50.0,GBP,61,2022-02-16,49.99,GBP,GB,True,False,False,False,False,False,False,757.0,-25.000000000000004,-0.5001000200040009,2024-03-14,False,False,7.0099884259259255,True
1142710,018d937f-4b6c-713b-90ce-2a4a62881469,GB,2024-05-23 16:15:13,24.99,49.99,50.0,GBP,61,2022-02-16,49.99,GBP,GB,True,False,False,False,False,False,False,827.0,-25.000000000000004,-0.5001000200040009,2024-05-23,False,False,7.0417708333333335,True
1142710,018d937f-4b6c-713b-90ce-2a4a62881469,GB,2024-06-27 18:08:04,24.99,49.99,50.0,GBP,61,2022-02-16,49.99,GBP,GB,True,False,False,False,False,False,False,862.0,-25.000000000000004,-0.5001000200040009,2024-06-27,False,False,13.986840277777778,True
1142710,018d937f-4b6c-713b-90ce-2a4a62881469,GB,2024-07-25 17:19:17,24.99,49.99,50.0,GBP,61,2022-02-16,49.99,GBP,GB,True,False,False,False,False,False,False,890.0,-25.000000000000004,-0.5001000200040009,2024-07-25,False,False,6.9978125,True
1142710,018d937f-4b6c-713b-90ce-2a4a62881469,GB,2024-09-19 17:16:13,19.99,49.99,60.0,GBP,61,2022-02-16,49.99,GBP,GB,True,False,False,False,False,False,False,946.0,-30.000000000000004,-0.600120024004801,2024-09-19,False,False,6.999780092592593,True
1142710,018d937f-4b6c-713b-90ce-2a4a62881469,GB,2024-10-28 18:20:49,19.99,49.99,60.0,GBP,61,2022-02-16,49.99,GBP,GB,True,False,False,False,False,False,False,985.0,-30.000000000000004,-0.600120024004801,2024-10-28,False,False,7.003333333333333,True
1142710,018d937f-4b6c-713b-90ce-2a4a62881469,GB,2024-11-27 21:11:40,19.99,49.99,60.0,GBP,61,2022-02-16,49.99,GBP,GB,True,False,False,False,False,False,False,1015.0,-30.000000000000004,-0.600120024004801,2024-11-27,False,False,6.900428240740741,True
1142710,018d937f-4b6c-713b-90ce-2a4a62881469,GB,2024-12-12 15:15:20,19.99,49.99,60.0,GBP,61,2022-02-16,49.99,GBP,GB,True,False,False,False,False,False,False,1030.0,-30.000000000000004,-0.600120024004801,2024-12-12,False,False,7.1147685185185185,True
1142710,018d937f-4b6c-713b-90ce-2a4a62881469,GB,2024-12-19 19:46:14,19.99,49.99,60.0,GBP,61,2022-02-16,49.99,GBP,GB,True,False,False,False,False,False,False,1037.0,-30.000000000000004,-0.600120024004801,2024-12-19,False,False,13.963425925925925,True
1142710,018d937f-4b6c-713b-90ce-2a4a62881469,GB,2025-02-17 18:23:45,19.99,49.99,60.0,GBP,61,2022-02-16,49.99,GBP,GB,True,False,False,False,False,False,False,1097.0,-30.000000000000004,-0.600120024004801,2025-02-17,False,False,9.996701388888889,True
1142710,018d937f-4b6c-713b-90ce-2a4a62881469,GB,2025-03-13 19:36:10,19.99,49.99,60.0,GBP,61,2022-02-16,49.99,GBP,GB,True,False,False,False,False,False,False,1121.0,-30.000000000000004,-0.600120024004801,2025-03-13,False,False,6.924537037037037,True
1142710,018d937f-4b6c-713b-90ce-2a4a62881469,GB,2025-05-22 16:33:23,16.99,49.99,66.0,GBP,61,2022-02-16,49.99,GBP,GB,True,False,False,False,False,False,False,1191.0,-33.0,-0.6601320264052811,2025-05-22,False,False,7.031331018518519,True
1142710,018d937f-4b6c-713b-90ce-2a4a62881469,GB,2025-06-26 22:12:52,16.99,49.99,66.0,GBP,61,2022-02-16,49.99,GBP,GB,True,False,False,False,False,False,False,1226.0,-33.0,-0.6601320264052811,2025-06-26,False,False,17.79508101851852,True
1142710,018d937f-4b6c-713b-90ce-2a4a62881469,GB,2025-08-28 17:15:44,14.99,49.99,70.0,GBP,61,2022-02-16,49.99,GBP,GB,True,False,False,False,False,False,False,1289.0,-35.0,-0.7001400280056012,2025-08-28,False,False,7.000266203703704,True
1142710,018d937f-4b6c-713b-90ce-2a4a62881469,GB,2025-09-29 20:23:54,12.49,49.99,75.0,GBP,61,2022-02-16,49.99,GBP,GB,True,False,False,False,False,False,False,1321.0,-37.5,-0.7501500300060012,2025-09-29,False,False,6.891666666666667,True
1142710,018d937f-4b6c-713b-90ce-2a4a62881469,GB,2025-10-16 17:16:54,12.49,49.99,75.0,GBP,61,2022-02-16,49.99,GBP,GB,True,False,False,False,False,False,False,1338.0,-37.5,-0.7501500300060012,2025-10-16,False,False,12.001273148148147,True
1142710,018d937f-4b6c-713b-90ce-2a4a62881469,JP,2024-12-07 16:21:20,7000.0,7000.0,0.0,JPY,61,2022-02-16,7000.0,JPY,JP,False,False,False,False,False,False,False,1025.0,0.0,0.0,2024-12-07,False,False,,False
1142710,018d937f-4b6c-713b-90ce-2a4a62881469,JP,2024-12-12 15:18:10,2800.0,7000.0,60.0,JPY,61,2022-02-16,7000.0,JPY,JP,True,False,False,False,False,False,False,1030.0,-4200.0,-0.6,2024-12-12,False,False,21.147291666666668,True
1142710,018d937f-4b6c-713b-90ce-2a4a62881469,JP,2025-02-17 18:32:06,2800.0,7000.0,60.0,JPY,61,2022-02-16,7000.0,JPY,JP,True,False,False,False,False,False,False,1097.0,-4200.0,-0.6,2025-02-17,False,False,9.988877314814815,True
1142710,018d937f-4b6c-713b-90ce-2a4a62881469,JP,2025-03-13 20:21:59,2800.0,7000.0,60.0,JPY,61,2022-02-16,7000.0,JPY,JP,True,False,False,False,False,False,False,1121.0,-4200.0,-0.6,2025-03-13,False,False,6.89582175925926,True
1142710,018d937f-4b6c-713b-90ce-2a4a62881469,JP,2025-05-22 16:33:05,2380.0,7000.0,66.0,JPY,61,2022-02-16,7000.0,JPY,JP,True,False,False,False,False,False,False,1191.0,-4620.0,-0.6599999999999999,2025-05-22,False,False,7.033611111111111,True
1142710,018d937f-4b6c-713b-90ce-2a4a62881469,JP,2025-06-26 22:58:39,2380.0,7000.0,66.0,JPY,61,2022-02-16,7000.0,JPY,JP,True,False,False,False,False,False,False,1226.0,-4620.0,-0.6599999999999999,2025-06-26,False,False,17.765775462962964,True
1142710,018d937f-4b6c-713b-90ce-2a4a62881469,JP,2025-08-28 17:19:33,2100.0,7000.0,70.0,JPY,61,2022-02-16,7000.0,JPY,JP,True,False,False,False,False,False,False,1289.0,-4900.0,-0.7,2025-08-28,False,False,7.001435185185185,True
1142710,018d937f-4b6c-713b-90ce-2a4a62881469,JP,2025-09-29 20:59:20,1750.0,7000.0,75.0,JPY,61,2022-02-16,7000.0,JPY,JP,True,False,False,False,False,False,False,1321.0,-5250.0,-0.75,2025-09-29,False,False,6.874479166666666,True
1142710,018d937f-4b6c-713b-90ce-2a4a62881469,JP,2025-10-16 17:17:29,1750.0,7000.0,75.0,JPY,61,2022-02-16,7000.0,JPY,JP,True,False,False,False,False,False,False,1338.0,-5250.0,-0.75,2025-10-16,False,False,11.99883101851852,True
1142710,018d937f-4b6c-713b-90ce-2a4a62881469,PL,2022-06-01 17:15:32,237.55600000000004,263.956,10.0,PLN,61,2022-02-16,289.0,PLN,PL,True,True,True,False,False,False,False,105.0,-51.44399999999996,-0.1780069204152248,2022-06-01,True,True,7.002800925925926,True
1142710,018d937f-4b6c-713b-90ce-2a4a62881469,PL,2022-06-23 19:40:49,237.55600000000004,263.956,10.0,PLN,61,2022-02-16,289.0,PLN,PL,True,False,False,False,False,False,False,127.0,-51.44399999999996,-0.1780069204152248,2022-06-23,True,True,14.001203703703704,True
1142710,018d937f-4b6c-713b-90ce-2a4a62881469,PL,2022-08-22 17:03:17,132.30800000000002,527.912,75.0,PLN,61,2022-02-16,289.0,PLN,PL,True,False,False,False,False,False,False,187.0,-156.69199999999998,-0.5421868512110726,2022-08-22,True,True,7.003101851851852,True
1142710,018d937f-4b6c-713b-90ce-2a4a62881469,PL,2022-08-22 17:47:39,237.55600000000004,263.956,10.0,PLN,61,2022-02-16,289.0,PLN,PL,True,False,False,False,False,False,False,187.0,-51.44399999999996,-0.1780069204152248,2022-08-22,True,True,,False
1142710,018d937f-4b6c-713b-90ce-2a4a62881469,PL,2022-10-06 17:10:02,237.55600000000004,263.956,10.0,PLN,61,2022-02-16,289.0,PLN,PL,True,False,False,False,False,False,False,232.0,-51.44399999999996,-0.1780069204152248,2022-10-06,True,True,7.013622685185185,True
1142710,018d937f-4b6c-713b-90ce-2a4a62881469,PL,2022-11-22 19:50:11,211.15600000000003,263.956,20.0,PLN,61,2022-02-16,289.0,PLN,PL,True,False,False,False,False,False,False,279.0,-77.84399999999997,-0.2693564013840829,2022-11-22,True,True,7.018784722222223,True
1142710,018d937f-4b6c-713b-90ce-2a4a62881469,PL,2022-12-05 19:37:30,211.15600000000003,263.956,20.0,PLN,61,2022-02-16,289.0,PLN,PL,True,False,False,False,False,False,False,292.0,-77.84399999999997,-0.2693564013840829,2022-12-05,True,True,7.035648148148148,True
1142710,018d937f-4b6c-713b-90ce-2a4a62881469,PL,2022-12-22 23:14:12,197.95600000000002,263.956,25.0,PLN,61,2022-02-16,289.0,PLN,PL,True,False,False,False,False,False,False,309.0,-91.04399999999998,-0.315031141868512,2022-12-22,True,True,13.789560185185184,True
1142710,018d937f-4b6c-713b-90ce-2a4a62881469,PL,2023-01-05 19:46:05,263.956,263.956,0.0,PLN,61,2022-02-16,289.0,PLN,PL,False,False,False,True,False,False,False,323.0,-25.043999999999983,-0.08665743944636672,2023-01-05,True,True,,False
1142710,018d937f-4b6c-713b-90ce-2a4a62881469,PL,2023-01-05 21:42:26,475.1120000000001,475.1120000000001,0.0,PLN,61,2022-02-16,289.0,PLN,PL,False,False,False,True,False,False,False,323.0,186.11200000000008,0.6439861591695504,2023-01-05,True,True,,False
1142710,018d937f-4b6c-713b-90ce-2a4a62881469,PL,2023-03-09 18:09:40,176.836,263.956,33.0,PLN,61,2022-02-16,289.0,PLN,PL,True,False,False,False,False,False,False,386.0,-112.16399999999999,-0.3881107266435986,2023-03-09,True,True,14.072222222222223,True
1142710,018d937f-4b6c-713b-90ce-2a4a62881469,PL,2023-03-09 18:19:03,147.88400000000001,527.912,72.0,PLN,61,2022-02-16,289.0,PLN,PL,True,False,False,False,False,False,False,386.0,-141.11599999999999,-0.48829065743944633,2023-03-09,True,True,,False
1142710,018d937f-4b6c-713b-90ce-2a4a62881469,PL,2023-05-25 16:19:12,176.836,263.956,33.0,PLN,61,2022-02-16,289.0,PLN,PL,True,False,False,False,False,False,False,463.0,-112.16399999999999,-0.3881107266435986,2023-05-25,True,True,35.144641203703706,True
1142710,018d937f-4b6c-713b-90ce-2a4a62881469,PL,2023-07-13 19:27:29,263.956,263.956,0.0,PLN,61,2022-02-16,289.0,PLN,PL,False,False,False,True,False,False,False,512.0,-25.043999999999983,-0.08665743944636672,2023-07-13,True,True,,False
1142710,018d937f-4b6c-713b-90ce-2a4a62881469,PL,2023-09-14 17:14:35,158.35600000000002,263.956,40.0,PLN,61,2022-02-16,289.0,PLN,PL,True,False,False,False,False,False,False,575.0,-130.64399999999998,-0.4520553633217992,2023-09-14,True,True,7.003877314814815,True
1142710,018d937f-4b6c-713b-90ce-2a4a62881469,PL,2023-12-21 20:31:40,131.95600000000002,263.956,50.0,PLN,61,2022-02-16,289.0,PLN,PL,True,False,False,False,False,False,False,673.0,-157.04399999999998,-0.5434048442906574,2023-12-21,True,True,13.97773148148148,True
1142710,018d937f-4b6c-713b-90ce-2a4a62881469,PL,2024-03-14 17:34:54,131.95600000000002,263.956,50.0,PLN,61,2022-02-16,289.0,PLN,PL,True,False,False,False,False,False,False,757.0,-157.04399999999998,-0.5434048442906574,2024-03-14,True,True,7.0096875,True
1142710,018d937f-4b6c-713b-90ce-2a4a62881469,PL,2024-05-23 16:18:17,131.95600000000002,263.956,50.0,PLN,61,2022-02-16,289.0,PLN,PL,True,False,False,False,False,False,False,827.0,-157.04399999999998,-0.5434048442906574,2024-05-23,True,True,7.03962962962963,True
1142710,018d937f-4b6c-713b-90ce-2a4a62881469,PL,2024-06-27 18:05:13,124.57384615384616,249.1892307692308,50.0,PLN,61,2022-02-16,289.0,PLN,PL,True,False,False,False,False,False,False,862.0,-164.42615384615385,-0.5689486292254458,2024-06-27,True,True,13.992731481481481,True
1142710,018d937f-4b6c-713b-90ce-2a4a62881469,PL,2024-07-25 17:15:56,124.57384615384616,249.1892307692308,50.0,PLN,61,2022-02-16,289.0,PLN,PL,True,False,False,False,False,False,False,890.0,-164.42615384615385,-0.5689486292254458,2024-07-25,True,True,7.002118055555556,True
1142710,018d937f-4b6c-713b-90ce-2a4a62881469,PL,2024-09-19 17:16:11,99.65076923076923,249.1892307692308,60.0,PLN,61,2022-02-16,289.0,PLN,PL,True,False,False,False,False,False,False,946.0,-189.34923076923076,-0.6551876497205217,2024-09-19,True,True,7.000011574074074,True
1142710,018d937f-4b6c-713b-90ce-2a4a62881469,PL,2024-10-28 18:20:40,99.65076923076923,249.1892307692308,60.0,PLN,61,2022-02-16,289.0,PLN,PL,True,False,False,False,False,False,False,985.0,-189.34923076923076,-0.6551876497205217,2024-10-28,True,True,7.004756944444445,True
1142710,018d937f-4b6c-713b-90ce-2a4a62881469,PL,2024-11-27 21:11:38,99.65076923076923,249.1892307692308,60.0,PLN,61,2022-02-16,289.0,PLN,PL,True,False,False,False,False,False,False,1015.0,-189.34923076923076,-0.6551876497205217,2024-11-27,True,True,6.9004513888888885,True
1142710,018d937f-4b6c-713b-90ce-2a4a62881469,PL,2024-12-12 15:15:36,99.65076923076923,249.1892307692308,60.0,PLN,61,2022-02-16,289.0,PLN,PL,True,False,False,False,False,False,False,1030.0,-189.34923076923076,-0.6551876497205217,2024-12-12,True,True,21.15138888888889,True
1142710,018d937f-4b6c-713b-90ce-2a4a62881469,PL,2025-02-17 18:29:54,99.65076923076923,249.1892307692308,60.0,PLN,61,2022-02-16,289.0,PLN,PL,True,False,False,False,False,False,False,1097.0,-189.34923076923076,-0.6551876497205217,2025-02-17,True,True,9.990370370370371,True
1142710,018d937f-4b6c-713b-90ce-2a4a62881469,PL,2025-03-13 19:36:09,99.65076923076923,249.1892307692308,60.0,PLN,61,2022-02-16,289.0,PLN,PL,True,False,False,False,False,False,False,1121.0,-189.34923076923076,-0.6551876497205217,2025-03-13,True,True,6.928414351851852,True
1142710,018d937f-4b6c-713b-90ce-2a4a62881469,PL,2025-05-22 16:33:04,84.69692307692308,249.1892307692308,66.0,PLN,61,2022-02-16,289.0,PLN,PL,True,False,False,False,False,False,False,1191.0,-204.3030769230769,-0.7069310620175672,2025-05-22,True,True,7.031898148148148,True
1142710,018d937f-4b6c-713b-90ce-2a4a62881469,PL,2025-06-26 22:15:10,85.55803921568628,251.72274509803924,66.0,PLN,61,2022-02-16,289.0,PLN,PL,True,False,False,False,False,False,False,1226.0,-203.44196078431372,-0.7039514213990095,2025-06-26,True,True,17.79568287037037,True
1142710,018d937f-4b6c-713b-90ce-2a4a62881469,PL,2025-08-28 17:18:49,75.48745098039215,251.72274509803924,70.0,PLN,61,2022-02-16,289.0,PLN,PL,True,False,False,False,False,False,False,1289.0,-213.51254901960783,-0.7387977474726914,2025-08-28,True,True,7.001180555555556,True
1142710,018d937f-4b6c-713b-90ce-2a4a62881469,PL,2025-09-29 20:11:32,62.899215686274516,251.72274509803924,75.0,PLN,61,2022-02-16,289.0,PLN,PL,True,False,False,False,False,False,False,1321.0,-226.10078431372548,-0.7823556550647941,2025-09-29,True,True,6.900231481481481,True
1142710,018d937f-4b6c-713b-90ce-2a4a62881469,PL,2025-10-16 17:16:09,62.899215686274516,251.72274509803924,75.0,PLN,61,2022-02-16,289.0,PLN,PL,True,False,False,False,False,False,False,1338.0,-226.10078431372548,-0.7823556550647941,2025-10-16,True,True,11.999537037037037,True
1142710,018d937f-4b6c-713b-90ce-2a4a62881469,TR,2022-02-24 16:03:11,20.965000000000003,20.965000000000003,0.0,USD,61,2022-02-16,49.99,USD,TR,False,True,True,False,False,False,False,8.0,-29.025,-0.580616123224645,2022-02-24,True,True,,False
1142710,018d937f-4b6c-713b-90ce-2a4a62881469,TR,2022-06-01 17:15:33,18.8685,20.965000000000003,10.0,USD,61,2022-02-16,49.99,USD,TR,True,False,False,False,False,False,False,105.0,-31.1215,-0.6225545109021804,2022-06-01,True,True,6.991527777777778,True
1142710,018d937f-4b6c-713b-90ce-2a4a62881469,TR,2022-06-23 19:42:37,18.8685,20.965000000000003,10.0,USD,61,2022-02-16,49.99,USD,TR,True,False,False,False,False,False,False,127.0,-31.1215,-0.6225545109021804,2022-06-23,True,True,13.995358796296296,True
1142710,018d937f-4b6c-713b-90ce-2a4a62881469,TR,2022-08-22 17:03:35,6.055350000000001,24.150000000000002,75.0,USD,61,2022-02-16,49.99,USD,TR,True,False,False,False,False,False,False,187.0,-43.934650000000005,-0.8788687737547509,2022-08-22,True,True,7.007650462962963,True
1142710,018d937f-4b6c-713b-90ce-2a4a62881469,TR,2022-08-22 17:32:24,18.8685,20.965000000000003,10.0,USD,61,2022-02-16,49.99,USD,TR,True,False,False,False,False,False,False,187.0,-31.1215,-0.6225545109021804,2022-08-22,True,True,,False
1142710,018d937f-4b6c-713b-90ce-2a4a62881469,TR,2022-10-06 17:19:03,18.8685,20.965000000000003,10.0,USD,61,2022-02-16,49.99,USD,TR,True,False,False,False,False,False,False,232.0,-31.1215,-0.6225545109021804,2022-10-06,True,True,7.0065740740740745,True
1142710,018d937f-4b6c-713b-90ce-2a4a62881469,TR,2022-11-22 18:20:34,16.772000000000002,20.965000000000003,20.0,USD,61,2022-02-16,49.99,USD,TR,True,False,False,False,False,False,False,279.0,-33.218,-0.6644928985797159,2022-11-22,True,True,7.081030092592592,True
1142710,018d937f-4b6c-713b-90ce-2a4a62881469,TR,2022-12-05 19:51:15,16.772000000000002,20.965000000000003,20.0,USD,61,2022-02-16,49.99,USD,TR,True,False,False,False,False,False,False,292.0,-33.218,-0.6644928985797159,2022-12-05,True,True,7.0396875,True
1142710,018d937f-4b6c-713b-90ce-2a4a62881469,TR,2023-01-05 18:22:52,20.527500000000003,20.527500000000003,0.0,USD,61,2022-02-16,49.99,USD,TR,False,False,False,True,False,False,False,323.0,-29.4625,-0.5893678735747149,2023-01-05,True,True,,False
1142710,018d937f-4b6c-713b-90ce-2a4a62881469,TR,2023-01-05 19:28:39,21.735000000000003,21.735000000000003,0.0,USD,61,2022-02-16,49.99,USD,TR,False,False,False,True,False,False,False,323.0,-28.255,-0.5652130426085217,2023-01-05,True,True,,False
1142710,018d937f-4b6c-713b-90ce-2a4a62881469,TR,2023-03-09 18:12:56,6.767950000000001,24.150000000000002,72.0,USD,61,2022-02-16,49.99,USD,TR,True,False,False,False,False,False,False,386.0,-43.22205,-0.8646139227845568,2023-03-09,True,True,13.972743055555556,True
1142710,018d937f-4b6c-713b-90ce-2a4a62881469,TR,2023-03-09 18:18:51,14.046550000000002,20.965000000000003,33.0,USD,61,2022-02-16,49.99,USD,TR,True,False,False,False,False,False,False,386.0,-35.94345,-0.719012802560512,2023-03-09,True,True,,False
1142710,018d937f-4b6c-713b-90ce-2a4a62881469,TR,2023-03-24 11:57:15,27.965000000000003,27.965000000000003,0.0,USD,61,2022-02-16,49.99,USD,TR,False,False,False,True,False,False,False,401.0,-22.025,-0.4405881176235247,2023-03-24,True,True,,False
1142710,018d937f-4b6c-713b-90ce-2a4a62881469,TR,2023-05-25 16:18:39,12.731950000000001,45.43000000000001,72.0,USD,61,2022-02-16,49.99,USD,TR,True,False,False,False,False,False,False,463.0,-37.25805,-0.7453100620124025,2023-05-25,True,True,7.0313888888888885,True
1142710,018d937f-4b6c-713b-90ce-2a4a62881469,TR,2023-05-25 16:19:10,18.736550000000005,27.965000000000003,33.0,USD,61,2022-02-16,49.99,USD,TR,True,False,False,False,False,False,False,463.0,-31.253449999999997,-0.6251940388077615,2023-05-25,True,True,,False
1142710,018d937f-4b6c-713b-90ce-2a4a62881469,TR,2023-06-29 19:28:23,16.779,27.965000000000003,40.0,USD,61,2022-02-16,49.99,USD,TR,True,False,False,False,False,False,False,498.0,-33.211,-0.6643528705741149,2023-06-29,True,True,13.992719907407407,True
1142710,018d937f-4b6c-713b-90ce-2a4a62881469,TR,2023-09-27 14:18:15,52.465,52.465,0.0,USD,61,2022-02-16,49.99,USD,TR,False,False,False,True,False,False,False,588.0,2.4750000000000014,0.049509901980396176,2023-09-27,True,True,,False
1142710,018d937f-4b6c-713b-90ce-2a4a62881469,TR,2023-11-21 16:06:51,50.382850000000005,50.382850000000005,0.0,USD,61,2022-02-16,49.99,USD,TR,False,False,False,True,False,False,False,643.0,0.3928500000000028,0.007858571714342899,2023-11-21,True,True,,False
1142710,018d937f-4b6c-713b-90ce-2a4a62881469,TR,2023-11-21 20:16:05,25.154500000000002,50.31915000000001,50.0,USD,61,2022-02-16,49.99,USD,TR,True,False,False,False,False,False,False,643.0,-24.8355,-0.49680936187237446,2023-11-21,True,True,6.997210648148148,True
1142710,018d937f-4b6c-713b-90ce-2a4a62881469,TR,2023-12-21 20:29:53,25.505900000000004,51.021950000000004,50.0,USD,61,2022-02-16,49.99,USD,TR,True,False,False,False,False,False,False,673.0,-24.484099999999998,-0.48977995599119817,2023-12-21,True,True,13.97480324074074,True
1142710,018d937f-4b6c-713b-90ce-2a4a62881469,TR,2024-02-11 07:09:43,49.99,49.99,0.0,USD,61,2022-02-16,49.99,USD,TR,False,True,False,False,False,False,False,725.0,0.0,0.0,2024-02-11,False,False,,False
1142710,018d937f-4b6c-713b-90ce-2a4a62881469,TR,2024-03-14 17:34:42,24.99,49.99,50.0,USD,61,2022-02-16,49.99,USD,TR,True,False,False,False,False,False,False,757.0,-25.000000000000004,-0.5001000200040009,2024-03-14,False,False,7.00787037037037,True
1142710,018d937f-4b6c-713b-90ce-2a4a62881469,TR,2024-05-23 16:18:24,24.99,49.99,50.0,USD,61,2022-02-16,49.99,USD,TR,True,False,False,False,False,False,False,827.0,-25.000000000000004,-0.5001000200040009,2024-05-23,False,False,7.0417708333333335,True
1142710,018d937f-4b6c-713b-90ce-2a4a62881469,TR,2024-06-27 18:05:07,24.99,49.99,50.0,USD,61,2022-02-16,49.99,USD,TR,True,False,False,False,False,False,False,862.0,-25.000000000000004,-0.5001000200040009,2024-06-27,False,False,13.992534722222222,True
1142710,018d937f-4b6c-713b-90ce-2a4a62881469,TR,2024-07-25 17:16:39,24.99,49.99,50.0,USD,61,2022-02-16,49.99,USD,TR,True,False,False,False,False,False,False,890.0,-25.000000000000004,-0.5001000200040009,2024-07-25,False,False,6.9996527777777775,True
1142710,018d937f-4b6c-713b-90ce-2a4a62881469,TR,2024-09-19 17:18:56,19.99,49.99,60.0,USD,61,2022-02-16,49.99,USD,TR,True,False,False,False,False,False,False,946.0,-30.000000000000004,-0.600120024004801,2024-09-19,False,False,7.000127314814815,True
1142710,018d937f-4b6c-713b-90ce-2a4a62881469,TR,2024-10-28 18:20:01,19.99,49.99,60.0,USD,61,2022-02-16,49.99,USD,TR,True,False,False,False,False,False,False,985.0,-30.000000000000004,-0.600120024004801,2024-10-28,False,False,7.005300925925926,True
1142710,018d937f-4b6c-713b-90ce-2a4a62881469,TR,2024-11-27 21:44:09,19.99,49.99,60.0,USD,61,2022-02-16,49.99,USD,TR,True,False,False,False,False,False,False,1015.0,-30.000000000000004,-0.600120024004801,2024-11-27,False,False,6.8778703703703705,True
1142710,018d937f-4b6c-713b-90ce-2a4a62881469,TR,2024-12-12 15:15:24,19.99,49.99,60.0,USD,61,2022-02-16,49.99,USD,TR,True,False,False,False,False,False,False,1030.0,-30.000000000000004,-0.600120024004801,2024-12-12,False,False,7.114710648148148,True
1142710,018d937f-4b6c-713b-90ce-2a4a62881469,TR,2024-12-19 23:02:45,19.99,49.99,60.0,USD,61,2022-02-16,49.99,USD,TR,True,False,False,False,False,False,False,1037.0,-30.000000000000004,-0.600120024004801,2024-12-19,False,False,13.826863425925925,True
1142710,018d937f-4b6c-713b-90ce-2a4a62881469,TR,2025-02-17 18:23:45,19.99,49.99,60.0,USD,61,2022-02-16,49.99,USD,TR,True,False,False,False,False,False,False,1097.0,-30.000000000000004,-0.600120024004801,2025-02-17,False,False,9.994652777777778,True
1142710,018d937f-4b6c-713b-90ce-2a4a62881469,TR,2025-03-13 19:56:30,19.99,49.99,60.0,USD,61,2022-02-16,49.99,USD,TR,True,False,False,False,False,False,False,1121.0,-30.000000000000004,-0.600120024004801,2025-03-13,False,False,6.910451388888889,True
1142710,018d937f-4b6c-713b-90ce-2a4a62881469,TR,2025-05-22 16:33:17,16.99,49.99,66.0,USD,61,2022-02-16,49.99,USD,TR,True,False,False,False,False,False,False,1191.0,-33.0,-0.6601320264052811,2025-05-22,False,False,7.03212962962963,True
1142710,018d937f-4b6c-713b-90ce-2a4a62881469,TR,2025-06-26 22:29:40,16.99,49.99,66.0,USD,61,2022-02-16,49.99,USD,TR,True,False,False,False,False,False,False,1226.0,-33.0,-0.6601320264052811,2025-06-26,False,False,17.783541666666668,True
1142710,018d937f-4b6c-713b-90ce-2a4a62881469,TR,2025-08-28 17:16:09,14.99,49.99,70.0,USD,61,2022-02-16,49.99,USD,TR,True,False,False,False,False,False,False,1289.0,-35.0,-0.7001400280056012,2025-08-28,False,False,7.000277777777778,True
1142710,018d937f-4b6c-713b-90ce-2a4a62881469,TR,2025-09-29 20:29:14,12.49,49.99,75.0,USD,61,2022-02-16,49.99,USD,TR,True,False,False,False,False,False,False,1321.0,-37.5,-0.7501500300060012,2025-09-29,False,False,6.887638888888889,True
1142710,018d937f-4b6c-713b-90ce-2a4a62881469,TR,2025-10-16 17:16:09,12.49,49.99,75.0,USD,61,2022-02-16,49.99,USD,TR,True,False,False,False,False,False,False,1338.0,-37.5,-0.7501500300060012,2025-10-16,False,False,11.99974537037037,True
1142710,018d937f-4b6c-713b-90ce-2a4a62881469,US,2022-06-01 17:03:13,53.99,59.99,10.0,USD,61,2022-02-16,59.99,USD,US,True,False,False,False,False,False,False,105.0,-6.0,-0.1000166694449075,2022-06-01,False,False,7.002280092592593,True
1142710,018d937f-4b6c-713b-90ce-2a4a62881469,US,2022-06-23 19:40:43,53.99,59.99,10.0,USD,61,2022-02-16,59.99,USD,US,True,False,False,False,False,False,False,127.0,-6.0,-0.1000166694449075,2022-06-23,False,False,13.999930555555556,True
1142710,018d937f-4b6c-713b-90ce-2a4a62881469,US,2022-08-22 17:06:29,30.07,119.98,75.0,USD,61,2022-02-16,59.99,USD,US,True,False,False,False,False,False,False,187.0,-29.92,-0.49874979163193867,2022-08-22,False,False,6.9980671296296295,True
1142710,018d937f-4b6c-713b-90ce-2a4a62881469,US,2022-08-22 17:18:12,53.99,59.99,10.0,USD,61,2022-02-16,59.99,USD,US,True,False,False,False,False,False,False,187.0,-6.0,-0.1000166694449075,2022-08-22,False,False,,False
1142710,018d937f-4b6c-713b-90ce-2a4a62881469,US,2022-10-06 17:19:29,53.99,59.99,10.0,USD,61,2022-02-16,59.99,USD,US,True,False,False,False,False,False,False,232.0,-6.0,-0.1000166694449075,2022-10-06,False,False,7.007685185185185,True
1142710,018d937f-4b6c-713b-90ce-2a4a62881469,US,2022-11-22 22:23:15,47.99,59.99,20.0,USD,61,2022-02-16,59.99,USD,US,True,False,False,False,False,False,False,279.0,-12.0,-0.200033338889815,2022-11-22,False,False,6.9153125,True
1142710,018d937f-4b6c-713b-90ce-2a4a62881469,US,2022-12-05 19:16:45,47.99,59.99,20.0,USD,61,2022-02-16,59.99,USD,US,True,False,False,False,False,False,False,292.0,-12.0,-0.200033338889815,2022-12-05,False,False,6.990243055555555,True
1142710,018d937f-4b6c-713b-90ce-2a4a62881469,US,2022-12-22 19:51:38,44.99,59.99,25.0,USD,61,2022-02-16,59.99,USD,US,True,False,False,False,False,False,False,309.0,-15.0,-0.2500416736122687,2022-12-22,False,False,13.92982638888889,True
1142710,018d937f-4b6c-713b-90ce-2a4a62881469,US,2023-01-05 19:45:15,59.99,59.99,0.0,USD,61,2022-02-16,59.99,USD,US,False,False,False,True,False,False,False,323.0,0.0,0.0,2023-01-05,False,False,,False
1142710,018d937f-4b6c-713b-90ce-2a4a62881469,US,2023-03-09 18:06:23,33.61,119.98,72.0,USD,61,2022-02-16,59.99,USD,US,True,False,False,False,False,False,False,386.0,-26.380000000000003,-0.4397399566594433,2023-03-09,False,False,83.96825231481482,True
1142710,018d937f-4b6c-713b-90ce-2a4a62881469,US,2023-05-25 16:19:05,40.19,59.99,33.0,USD,61,2022-02-16,59.99,USD,US,True,False,False,False,False,False,False,463.0,-19.800000000000004,-0.33005500916819475,2023-05-25,False,False,,False
1142710,018d937f-4b6c-713b-90ce-2a4a62881469,US,2023-06-29 19:38:43,35.99,59.99,40.0,USD,61,2022-02-16,59.99,USD,US,True,False,False,False,False,False,False,498.0,-24.0,-0.4000666777796299,2023-06-29,False,False,13.990034722222223,True
1142710,018d937f-4b6c-713b-90ce-2a4a62881469,US,2023-09-14 17:25:25,35.99,59.99,40.0,USD,61,2022-02-16,59.99,USD,US,True,False,False,False,False,False,False,575.0,-24.0,-0.4000666777796299,2023-09-14,False,False,6.996747685185185,True
1142710,018d937f-4b6c-713b-90ce-2a4a62881469,US,2023-11-21 20:05:06,29.99,59.99,50.0,USD,61,2022-02-16,59.99,USD,US,True,False,False,False,False,False,False,643.0,-30.000000000000004,-0.5000833472245374,2023-11-21,False,False,7.003344907407407,True
1142710,018d937f-4b6c-713b-90ce-2a4a62881469,US,2023-12-21 20:28:07,29.99,59.99,50.0,USD,61,2022-02-16,59.99,USD,US,True,False,False,False,False,False,False,673.0,-30.000000000000004,-0.5000833472245374,2023-12-21,False,False,13.978252314814815,True
1142710,018d937f-4b6c-713b-90ce-2a4a62881469,US,2024-03-14 17:31:49,29.99,59.99,50.0,USD,61,2022-02-16,59.99,USD,US,True,False,False,False,False,False,False,757.0,-30.000000000000004,-0.5000833472245374,2024-03-14,False,False,7.009895833333333,True
1142710,018d937f-4b6c-713b-90ce-2a4a62881469,US,2024-05-23 16:15:20,29.99,59.99,50.0,USD,61,2022-02-16,59.99,USD,US,True,False,False,False,False,False,False,827.0,-30.000000000000004,-0.5000833472245374,2024-05-23,False,False,7.041944444444445,True
1142710,018d937f-4b6c-713b-90ce-2a4a62881469,US,2024-06-27 18:05:10,29.99,59.99,50.0,USD,61,2022-02-16,59.99,USD,US,True,False,False,False,False,False,False,862.0,-30.000000000000004,-0.5000833472245374,2024-06-27,False,False,13.992638888888889,True
1142710,018d937f-4b6c-713b-90ce-2a4a62881469,US,2024-07-25 17:16:15,29.99,59.99,50.0,USD,61,2022-02-16,59.99,USD,US,True,False,False,False,False,False,False,890.0,-30.000000000000004,-0.5000833472245374,2024-07-25,False,False,6.999930555555555,True
1142710,018d937f-4b6c-713b-90ce-2a4a62881469,US,2024-09-19 17:19:01,23.99,59.99,60.0,USD,61,2022-02-16,59.99,USD,US,True,False,False,False,False,False,False,946.0,-36.0,-0.600100016669445,2024-09-19,False,False,7.000115740740741,True
1142710,018d937f-4b6c-713b-90ce-2a4a62881469,US,2024-10-28 18:19:37,23.99,59.99,60.0,USD,61,2022-02-16,59.99,USD,US,True,False,False,False,False,False,False,985.0,-36.0,-0.600100016669445,2024-10-28,False,False,6.999351851851852,True
1142710,018d937f-4b6c-713b-90ce-2a4a62881469,US,2024-11-27 21:11:37,23.99,59.99,60.0,USD,61,2022-02-16,59.99,USD,US,True,False,False,False,False,False,False,1015.0,-36.0,-0.600100016669445,2024-11-27,False,False,6.900474537037037,True
1142710,018d937f-4b6c-713b-90ce-2a4a62881469,US,2024-12-12 15:18:11,23.99,59.99,60.0,USD,61,2022-02-16,59.99,USD,US,True,False,False,False,False,False,False,1030.0,-36.0,-0.600100016669445,2024-12-12,False,False,21.14545138888889,True
1142710,018d937f-4b6c-713b-90ce-2a4a62881469,US,2025-02-17 18:23:27,23.99,59.99,60.0,USD,61,2022-02-16,59.99,USD,US,True,False,False,False,False,False,False,1097.0,-36.0,-0.600100016669445,2025-02-17,False,False,9.99681712962963,True
1142710,018d937f-4b6c-713b-90ce-2a4a62881469,US,2025-03-13 19:38:39,23.99,59.99,60.0,USD,61,2022-02-16,59.99,USD,US,True,False,False,False,False,False,False,1121.0,-36.0,-0.600100016669445,2025-03-13,False,False,6.924548611111111,True
1142710,018d937f-4b6c-713b-90ce-2a4a62881469,US,2025-05-22 16:33:02,20.39,59.99,66.0,USD,61,2022-02-16,59.99,USD,US,True,False,False,False,False,False,False,1191.0,-39.6,-0.6601100183363894,2025-05-22,False,False,7.032037037037037,True
1142710,018d937f-4b6c-713b-90ce-2a4a62881469,US,2025-06-26 22:14:37,20.39,59.99,66.0,USD,61,2022-02-16,59.99,USD,US,True,False,False,False,False,False,False,1226.0,-39.6,-0.6601100183363894,2025-06-26,False,False,17.79574074074074,True
1142710,018d937f-4b6c-713b-90ce-2a4a62881469,US,2025-08-28 17:15:50,17.99,59.99,70.0,USD,61,2022-02-16,59.99,USD,US,True,False,False,False,False,False,False,1289.0,-42.0,-0.7001166861143524,2025-08-28,False,False,7.002847222222222,True
1142710,018d937f-4b6c-713b-90ce-2a4a62881469,US,2025-09-29 20:29:18,14.99,59.99,75.0,USD,61,2022-02-16,59.99,USD,US,True,False,False,False,False,False,False,1321.0,-45.0,-0.7501250208368061,2025-09-29,False,False,6.887615740740741,True
1142710,018d937f-4b6c-713b-90ce-2a4a62881469,US,2025-10-16 17:16:54,14.99,59.99,75.0,USD,61,2022-02-16,59.99,USD,US,True,False,False,False,False,False,False,1338.0,-45.0,-0.7501250208368061,2025-10-16,False,False,12.001238425925926,True
1144200,018d937e-f519-71e5-b1d0-b00cbb24c647,AR,2023-12-13 17:48:22,49.99,49.99,0.0,USD,61,2023-12-13,32.99,USD,AR,False,False,False,False,True,False,True,0.0,17.0,0.5153076689906031,2023-12-13,False,False,,False
1144200,018d937e-f519-71e5-b1d0-b00cbb24c647,AR,2024-02-05 18:35:04,37.49,49.99,25.0,USD,61,2023-12-13,32.99,USD,AR,True,False,False,False,False,False,False,54.0,4.5,0.136404971203395,2024-02-05,False,False,6.989097222222222,True
1144200,018d937e-f519-71e5-b1d0-b00cbb24c647,AR,2024-03-14 18:01:27,33.49,49.99,33.0,USD,61,2023-12-13,32.99,USD,AR,True,False,False,False,False,False,False,92.0,0.5,0.015156107911488359,2024-03-14,False,False,6.9893171296296295,True
1144200,018d937e-f519-71e5-b1d0-b00cbb24c647,AR,2024-04-15 17:18:04,33.49,49.99,33.0,USD,61,2023-12-13,32.99,USD,AR,True,False,False,False,False,False,False,124.0,0.5,0.015156107911488359,2024-04-15,False,False,6.999768518518518,True
1144200,018d937e-f519-71e5-b1d0-b00cbb24c647,AR,2024-05-23 17:15:28,29.99,49.99,40.0,USD,61,2023-12-13,32.99,USD,AR,True,False,False,False,False,False,False,162.0,-3.0000000000000036,-0.09093664746893004,2024-05-23,False,False,7.000254629629629,True
1144200,018d937e-f519-71e5-b1d0-b00cbb24c647,AR,2024-06-27 18:04:53,33.49,49.99,33.0,USD,61,2023-12-13,32.99,USD,AR,True,False,False,False,False,False,False,197.0,0.5,0.015156107911488359,2024-06-27,False,False,13.992835648148148,True
1144200,018d937e-f519-71e5-b1d0-b00cbb24c647,AR,2024-09-09 17:20:14,33.49,49.99,33.0,USD,61,2023-12-13,32.99,USD,AR,True,False,False,False,False,False,False,271.0,0.5,0.015156107911488359,2024-09-09,False,False,7.003252314814815,True
1144200,018d937e-f519-71e5-b1d0-b00cbb24c647,AR,2024-10-22 17:18:23,29.99,49.99,40.0,USD,61,2023-12-13,32.99,USD,AR,True,False,False,False,False,False,False,314.0,-3.0000000000000036,-0.09093664746893004,2024-10-22,False,False,1.1352777777777778,True
1144200,018d937e-f519-71e5-b1d0-b00cbb24c647,AR,2024-10-28 17:58:53,29.99,49.99,40.0,USD,61,2023-12-13,32.99,USD,AR,True,False,False,False,False,False,False,320.0,-3.0000000000000036,-0.09093664746893004,2024-10-28,False,False,6.013599537037037,True
1144200,018d937e-f519-71e5-b1d0-b00cbb24c647,AR,2024-11-27 20:40:38,33.49,49.99,33.0,USD,61,2023-12-13,32.99,USD,AR,True,False,False,False,False,False,False,350.0,0.5,0.015156107911488359,2024-11-27,False,False,6.921990740740741,True
1144200,018d937e-f519-71e5-b1d0-b00cbb24c647,AR,2024-12-19 23:02:31,24.99,49.99,50.0,USD,61,2023-12-13,32.99,USD,AR,True,False,False,False,False,False,False,372.0,-8.000000000000004,-0.2424977265838134,2024-12-19,False,False,13.822997685185186,True
1144200,018d937e-f519-71e5-b1d0-b00cbb24c647,AR,2025-01-13 18:22:37,29.99,49.99,40.0,USD,61,2023-12-13,32.99,USD,AR,True,False,False,False,False,False,False,397.0,-3.0000000000000036,-0.09093664746893004,2025-01-13,False,False,7.012708333333333,True
1144200,018d937e-f519-71e5-b1d0-b00cbb24c647,AR,2025-02-24 18:17:27,29.99,49.99,40.0,USD,61,2023-12-13,32.99,USD,AR,True,False,False,False,False,False,False,439.0,-3.0000000000000036,-0.09093664746893004,2025-02-24,False,False,7.0068981481481485,True
1144200,018d937e-f519-71e5-b1d0-b00cbb24c647,AR,2025-03-13 19:44:28,24.99,49.99,50.0,USD,61,2023-12-13,32.99,USD,AR,True,False,False,False,False,False,False,456.0,-8.000000000000004,-0.2424977265838134,2025-03-13,False,False,6.920509259259259,True
1144200,018d937e-f519-71e5-b1d0-b00cbb24c647,AR,2025-04-12 17:18:58,24.99,49.99,50.0,USD,61,2023-12-13,32.99,USD,AR,True,False,False,False,False,False,False,486.0,-8.000000000000004,-0.2424977265838134,2025-04-12,False,False,6.997592592592593,True
1144200,018d937e-f519-71e5-b1d0-b00cbb24c647,AR,2025-05-19 17:42:20,29.99,49.99,40.0,USD,61,2023-12-13,32.99,USD,AR,True,False,False,False,False,False,False,523.0,-3.0000000000000036,-0.09093664746893004,2025-05-19,False,False,7.072951388888889,True
1144200,018d937e-f519-71e5-b1d0-b00cbb24c647,AR,2025-06-26 21:43:25,24.99,49.99,50.0,USD,61,2023-12-13,32.99,USD,AR,True,False,False,False,False,False,False,561.0,-8.000000000000004,-0.2424977265838134,2025-06-26,False,False,13.840034722222223,True
1144200,018d937e-f519-71e5-b1d0-b00cbb24c647,AR,2025-08-26 22:18:16,29.99,49.99,40.0,USD,61,2023-12-13,32.99,USD,AR,True,False,False,False,False,False,False,622.0,-3.0000000000000036,-0.09093664746893004,2025-08-26,False,False,9.997974537037036,True
1144200,018d937e-f519-71e5-b1d0-b00cbb24c647,AR,2025-09-29 20:29:30,24.99,49.99,50.0,USD,61,2023-12-13,32.99,USD,AR,True,False,False,False,False,False,False,656.0,-8.000000000000004,-0.2424977265838134,2025-09-29,False,False,6.887476851851852,True
1144200,018d937e-f519-71e5-b1d0-b00cbb24c647,AU,2023-12-13 17:45:09,73.5,73.5,0.0,AUD,61,2023-12-13,73.5,AUD,AU,False,False,False,False,True,False,True,0.0,0.0,0.0,2023-12-13,False,False,,False
1144200,018d937e-f519-71e5-b1d0-b00cbb24c647,AU,2024-02-05 18:35:09,55.12,73.5,25.0,AUD,61,2023-12-13,73.5,AUD,AU,True,False,False,False,False,False,False,54.0,-18.380000000000003,-0.2500680272108844,2024-02-05,False,False,6.989085648148148,True
1144200,018d937e-f519-71e5-b1d0-b00cbb24c647,AU,2024-03-14 18:07:07,49.24,73.5,33.0,AUD,61,2023-12-13,73.5,AUD,AU,True,False,False,False,False,False,False,92.0,-24.259999999999998,-0.33006802721088435,2024-03-14,False,False,6.985196759259259,True
1144200,018d937e-f519-71e5-b1d0-b00cbb24c647,AU,2024-04-15 17:16:36,49.24,73.5,33.0,AUD,61,2023-12-13,73.5,AUD,AU,True,False,False,False,False,False,False,124.0,-24.259999999999998,-0.33006802721088435,2024-04-15,False,False,7.003530092592593,True
1144200,018d937e-f519-71e5-b1d0-b00cbb24c647,AU,2024-05-23 17:18:09,44.1,73.5,40.0,AUD,61,2023-12-13,73.5,AUD,AU,True,False,False,False,False,False,False,162.0,-29.4,-0.4,2024-05-23,False,False,6.998379629629629,True
1144200,018d937e-f519-71e5-b1d0-b00cbb24c647,AU,2024-06-27 18:04:46,49.24,73.5,33.0,AUD,61,2023-12-13,73.5,AUD,AU,True,False,False,False,False,False,False,197.0,-24.259999999999998,-0.33006802721088435,2024-06-27,False,False,13.98914351851852,True
1144200,018d937e-f519-71e5-b1d0-b00cbb24c647,AU,2024-09-09 17:19:08,49.24,73.5,33.0,AUD,61,2023-12-13,73.5,AUD,AU,True,False,False,False,False,False,False,271.0,-24.259999999999998,-0.33006802721088435,2024-09-09,False,False,7.006099537037037,True
1144200,018d937e-f519-71e5-b1d0-b00cbb24c647,AU,2024-09-18 17:18:40,79.99,79.99,0.0,AUD,61,2023-12-13,73.5,AUD,AU,False,False,False,True,False,False,False,280.0,6.489999999999995,0.08829931972789118,2024-09-18,False,False,,False
1144200,018d937e-f519-71e5-b1d0-b00cbb24c647,AU,2024-10-22 17:15:49,47.99,79.99,40.0,AUD,61,2023-12-13,73.5,AUD,AU,True,False,False,False,False,False,False,314.0,-25.509999999999998,-0.3470748299319728,2024-10-22,False,False,1.135023148148148,True
1144200,018d937e-f519-71e5-b1d0-b00cbb24c647,AU,2024-10-28 17:58:56,47.99,79.99,40.0,AUD,61,2023-12-13,73.5,AUD,AU,True,False,False,False,False,False,False,320.0,-25.509999999999998,-0.3470748299319728,2024-10-28,False,False,6.011412037037037,True
1144200,018d937e-f519-71e5-b1d0-b00cbb24c647,AU,2024-11-27 20:37:58,53.59,79.99,33.0,AUD,61,2023-12-13,73.5,AUD,AU,True,False,False,False,False,False,False,350.0,-19.909999999999997,-0.27088435374149655,2024-11-27,False,False,6.923831018518518,True
1144200,018d937e-f519-71e5-b1d0-b00cbb24c647,AU,2024-12-19 23:02:45,39.99,79.99,50.0,AUD,61,2023-12-13,73.5,AUD,AU,True,False,False,False,False,False,False,372.0,-33.51,-0.4559183673469388,2024-12-19,False,False,13.822835648148148,True
1144200,018d937e-f519-71e5-b1d0-b00cbb24c647,AU,2025-01-06 10:48:09,73.5,73.5,0.0,AUD,61,2023-12-13,73.5,AUD,AU,False,False,False,True,False,False,False,390.0,0.0,0.0,2025-01-06,False,False,,False
1144200,018d937e-f519-71e5-b1d0-b00cbb24c647,AU,2025-01-13 18:20:45,44.1,73.5,40.0,AUD,61,2023-12-13,73.5,AUD,AU,True,False,False,False,False,False,False,397.0,-29.4,-0.4,2025-01-13,False,False,7.013715277777778,True
1144200,018d937e-f519-71e5-b1d0-b00cbb24c647,AU,2025-02-24 18:17:28,44.1,73.5,40.0,AUD,61,2023-12-13,73.5,AUD,AU,True,False,False,False,False,False,False,439.0,-29.4,-0.4,2025-02-24,False,False,7.00837962962963,True
1144200,018d937e-f519-71e5-b1d0-b00cbb24c647,AU,2025-03-13 19:59:54,36.75,73.5,50.0,AUD,61,2023-12-13,73.5,AUD,AU,True,False,False,False,False,False,False,456.0,-36.75,-0.5,2025-03-13,False,False,6.909976851851852,True
1144200,018d937e-f519-71e5-b1d0-b00cbb24c647,AU,2025-05-19 17:42:20,44.1,73.5,40.0,AUD,61,2023-12-13,73.5,AUD,AU,True,False,False,False,False,False,False,523.0,-29.4,-0.4,2025-05-19,False,False,7.075185185185185,True
1144200,018d937e-f519-71e5-b1d0-b00cbb24c647,AU,2025-06-26 21:41:51,36.75,73.5,50.0,AUD,61,2023-12-13,73.5,AUD,AU,True,False,False,False,False,False,False,561.0,-36.75,-0.5,2025-06-26,False,False,13.837824074074074,True
1144200,018d937e-f519-71e5-b1d0-b00cbb24c647,AU,2025-08-26 22:18:11,44.1,73.5,40.0,AUD,61,2023-12-13,73.5,AUD,AU,True,False,False,False,False,False,False,622.0,-29.4,-0.4,2025-08-26,False,False,9.998078703703703,True
1144200,018d937e-f519-71e5-b1d0-b00cbb24c647,AU,2025-09-29 20:24:08,36.75,73.5,50.0,AUD,61,2023-12-13,73.5,AUD,AU,True,False,False,False,False,False,False,656.0,-36.75,-0.5,2025-09-29,False,False,6.8912152777777775,True
1144200,018d937e-f519-71e5-b1d0-b00cbb24c647,BR,2023-12-13 17:48:20,109.99,109.99,0.0,BRL,61,2023-12-13,131.99,BRL,BR,False,False,False,False,True,False,True,0.0,-22.000000000000014,-0.16667929388590053,2023-12-13,False,False,,False
1144200,018d937e-f519-71e5-b1d0-b00cbb24c647,BR,2024-02-05 18:03:45,82.49,109.99,25.0,BRL,61,2023-12-13,131.99,BRL,BR,True,False,False,False,False,False,False,54.0,-49.500000000000014,-0.3750284112432761,2024-02-05,False,False,7.010960648148148,True
1144200,018d937e-f519-71e5-b1d0-b00cbb24c647,BR,2024-03-14 18:07:26,73.69,109.99,33.0,BRL,61,2023-12-13,131.99,BRL,BR,True,False,False,False,False,False,False,92.0,-58.30000000000001,-0.4417001287976362,2024-03-14,False,False,6.985185185185185,True
1144200,018d937e-f519-71e5-b1d0-b00cbb24c647,BR,2024-04-15 17:19:51,73.69,109.99,33.0,BRL,61,2023-12-13,131.99,BRL,BR,True,False,False,False,False,False,False,124.0,-58.30000000000001,-0.4417001287976362,2024-04-15,False,False,7.001203703703704,True
1144200,018d937e-f519-71e5-b1d0-b00cbb24c647,BR,2024-05-23 17:18:17,65.99,109.99,40.0,BRL,61,2023-12-13,131.99,BRL,BR,True,False,False,False,False,False,False,162.0,-66.00000000000001,-0.5000378816577014,2024-05-23,False,False,6.998125,True
1144200,018d937e-f519-71e5-b1d0-b00cbb24c647,BR,2024-06-27 18:05:02,73.69,109.99,33.0,BRL,61,2023-12-13,131.99,BRL,BR,True,False,False,False,False,False,False,197.0,-58.30000000000001,-0.4417001287976362,2024-06-27,False,False,13.988958333333333,True
1144200,018d937e-f519-71e5-b1d0-b00cbb24c647,BR,2024-09-09 17:19:06,73.69,109.99,33.0,BRL,61,2023-12-13,131.99,BRL,BR,True,False,False,False,False,False,False,271.0,-58.30000000000001,-0.4417001287976362,2024-09-09,False,False,7.006064814814815,True
1144200,018d937e-f519-71e5-b1d0-b00cbb24c647,BR,2024-09-18 17:15:49,131.99,131.99,0.0,BRL,61,2023-12-13,131.99,BRL,BR,False,False,False,True,False,False,False,280.0,0.0,0.0,2024-09-18,False,False,,False
1144200,018d937e-f519-71e5-b1d0-b00cbb24c647,BR,2024-10-22 17:16:07,79.19,131.99,40.0,BRL,61,2023-12-13,131.99,BRL,BR,True,False,False,False,False,False,False,314.0,-52.80000000000001,-0.40003030532616113,2024-10-22,False,False,1.1348726851851851,True
1144200,018d937e-f519-71e5-b1d0-b00cbb24c647,BR,2024-10-28 17:52:59,79.19,131.99,40.0,BRL,61,2023-12-13,131.99,BRL,BR,True,False,False,False,False,False,False,320.0,-52.80000000000001,-0.40003030532616113,2024-10-28,False,False,6.015717592592592,True
1144200,018d937e-f519-71e5-b1d0-b00cbb24c647,BR,2024-11-27 20:43:19,88.43,131.99,33.0,BRL,61,2023-12-13,131.99,BRL,BR,True,False,False,False,False,False,False,350.0,-43.56,-0.3300250018940829,2024-11-27,False,False,6.920115740740741,True
1144200,018d937e-f519-71e5-b1d0-b00cbb24c647,BR,2024-12-19 20:29:55,65.99,131.99,50.0,BRL,61,2023-12-13,131.99,BRL,BR,True,False,False,False,False,False,False,372.0,-66.00000000000001,-0.5000378816577014,2024-12-19,False,False,13.932800925925926,True
1144200,018d937e-f519-71e5-b1d0-b00cbb24c647,BR,2025-01-13 18:20:41,79.19,131.99,40.0,BRL,61,2023-12-13,131.99,BRL,BR,True,False,False,False,False,False,False,397.0,-52.80000000000001,-0.40003030532616113,2025-01-13,False,False,7.014189814814815,True
1144200,018d937e-f519-71e5-b1d0-b00cbb24c647,BR,2025-02-24 18:20:43,79.19,131.99,40.0,BRL,61,2023-12-13,131.99,BRL,BR,True,False,False,False,False,False,False,439.0,-52.80000000000001,-0.40003030532616113,2025-02-24,False,False,7.006157407407407,True
1144200,018d937e-f519-71e5-b1d0-b00cbb24c647,BR,2025-03-13 19:47:24,65.99,131.99,50.0,BRL,61,2023-12-13,131.99,BRL,BR,True,False,False,False,False,False,False,456.0,-66.00000000000001,-0.5000378816577014,2025-03-13,False,False,6.91667824074074,True
1144200,018d937e-f519-71e5-b1d0-b00cbb24c647,BR,2025-04-12 17:18:30,65.99,131.99,50.0,BRL,61,2023-12-13,131.99,BRL,BR,True,False,False,False,False,False,False,486.0,-66.00000000000001,-0.5000378816577014,2025-04-12,False,False,6.997962962962963,True
1144200,018d937e-f519-71e5-b1d0-b00cbb24c647,BR,2025-05-19 17:44:49,79.19,131.99,40.0,BRL,61,2023-12-13,131.99,BRL,BR,True,False,False,False,False,False,False,523.0,-52.80000000000001,-0.40003030532616113,2025-05-19,False,False,7.090625,True
1144200,018d937e-f519-71e5-b1d0-b00cbb24c647,BR,2025-06-26 21:46:19,65.99,131.99,50.0,BRL,61,2023-12-13,131.99,BRL,BR,True,False,False,False,False,False,False,561.0,-66.00000000000001,-0.5000378816577014,2025-06-26,False,False,13.834791666666666,True
1144200,018d937e-f519-71e5-b1d0-b00cbb24c647,BR,2025-08-26 22:18:32,79.19,131.99,40.0,BRL,61,2023-12-13,131.99,BRL,BR,True,False,False,False,False,False,False,622.0,-52.80000000000001,-0.40003030532616113,2025-08-26,False,False,9.999768518518518,True
1144200,018d937e-f519-71e5-b1d0-b00cbb24c647,BR,2025-09-29 20:30:29,65.99,131.99,50.0,BRL,61,2023-12-13,131.99,BRL,BR,True,False,False,False,False,False,False,656.0,-66.00000000000001,-0.5000378816577014,2025-09-29,False,False,6.887083333333333,True
1144200,018d937e-f519-71e5-b1d0-b00cbb24c647,CA,2023-12-13 17:48:24,59.99,59.99,0.0,CAD,61,2023-12-13,59.99,CAD,CA,False,False,False,False,True,False,True,0.0,0.0,0.0,2023-12-13,False,False,,False
1144200,018d937e-f519-71e5-b1d0-b00cbb24c647,CA,2024-02-05 18:34:56,44.99,59.99,25.0,CAD,61,2023-12-13,59.99,CAD,CA,True,False,False,False,False,False,False,54.0,-15.0,-0.2500416736122687,2024-02-05,False,False,6.989247685185185,True
1144200,018d937e-f519-71e5-b1d0-b00cbb24c647,CA,2024-03-14 18:01:46,40.19,59.99,33.0,CAD,61,2023-12-13,59.99,CAD,CA,True,False,False,False,False,False,False,92.0,-19.800000000000004,-0.33005500916819475,2024-03-14,False,False,6.988946759259259,True
1144200,018d937e-f519-71e5-b1d0-b00cbb24c647,CA,2024-04-15 17:19:43,40.19,59.99,33.0,CAD,61,2023-12-13,59.99,CAD,CA,True,False,False,False,False,False,False,124.0,-19.800000000000004,-0.33005500916819475,2024-04-15,False,False,7.001412037037037,True
1144200,018d937e-f519-71e5-b1d0-b00cbb24c647,CA,2024-05-23 17:18:26,35.99,59.99,40.0,CAD,61,2023-12-13,59.99,CAD,CA,True,False,False,False,False,False,False,162.0,-24.0,-0.4000666777796299,2024-05-23,False,False,6.998159722222222,True
1144200,018d937e-f519-71e5-b1d0-b00cbb24c647,CA,2024-06-27 18:08:09,40.19,59.99,33.0,CAD,61,2023-12-13,59.99,CAD,CA,True,False,False,False,False,False,False,197.0,-19.800000000000004,-0.33005500916819475,2024-06-27,False,False,13.99042824074074,True
1144200,018d937e-f519-71e5-b1d0-b00cbb24c647,CA,2024-09-09 17:19:17,40.19,59.99,33.0,CAD,61,2023-12-13,59.99,CAD,CA,True,False,False,False,False,False,False,271.0,-19.800000000000004,-0.33005500916819475,2024-09-09,False,False,7.004583333333334,True
1144200,018d937e-f519-71e5-b1d0-b00cbb24c647,CA,2024-10-22 17:15:34,35.99,59.99,40.0,CAD,61,2023-12-13,59.99,CAD,CA,True,False,False,False,False,False,False,314.0,-24.0,-0.4000666777796299,2024-10-22,False,False,1.1353356481481482,True
1144200,018d937e-f519-71e5-b1d0-b00cbb24c647,CA,2024-10-28 17:58:51,35.99,59.99,40.0,CAD,61,2023-12-13,59.99,CAD,CA,True,False,False,False,False,False,False,320.0,-24.0,-0.4000666777796299,2024-10-28,False,False,6.013599537037037,True
1144200,018d937e-f519-71e5-b1d0-b00cbb24c647,CA,2024-11-27 20:40:44,40.19,59.99,33.0,CAD,61,2023-12-13,59.99,CAD,CA,True,False,False,False,False,False,False,350.0,-19.800000000000004,-0.33005500916819475,2024-11-27,False,False,6.921921296296296,True
1144200,018d937e-f519-71e5-b1d0-b00cbb24c647,CA,2024-12-19 20:30:15,29.99,59.99,50.0,CAD,61,2023-12-13,59.99,CAD,CA,True,False,False,False,False,False,False,372.0,-30.000000000000004,-0.5000833472245374,2024-12-19,False,False,13.93269675925926,True
1144200,018d937e-f519-71e5-b1d0-b00cbb24c647,CA,2025-01-13 18:28:04,35.99,59.99,40.0,CAD,61,2023-12-13,59.99,CAD,CA,True,False,False,False,False,False,False,397.0,-24.0,-0.4000666777796299,2025-01-13,False,False,7.008125,True
1144200,018d937e-f519-71e5-b1d0-b00cbb24c647,CA,2025-02-24 18:20:53,35.99,59.99,40.0,CAD,61,2023-12-13,59.99,CAD,CA,True,False,False,False,False,False,False,439.0,-24.0,-0.4000666777796299,2025-02-24,False,False,7.0059606481481485,True
1144200,018d937e-f519-71e5-b1d0-b00cbb24c647,CA,2025-03-13 19:47:22,29.99,59.99,50.0,CAD,61,2023-12-13,59.99,CAD,CA,True,False,False,False,False,False,False,456.0,-30.000000000000004,-0.5000833472245374,2025-03-13,False,False,6.918472222222222,True
1144200,018d937e-f519-71e5-b1d0-b00cbb24c647,CA,2025-04-12 17:18:42,29.99,59.99,50.0,CAD,61,2023-12-13,59.99,CAD,CA,True,False,False,False,False,False,False,486.0,-30.000000000000004,-0.5000833472245374,2025-04-12,False,False,6.999837962962963,True
1144200,018d937e-f519-71e5-b1d0-b00cbb24c647,CA,2025-05-19 17:38:48,35.99,59.99,40.0,CAD,61,2023-12-13,59.99,CAD,CA,True,False,False,False,False,False,False,523.0,-24.0,-0.4000666777796299,2025-05-19,False,False,7.074895833333334,True
1144200,018d937e-f519-71e5-b1d0-b00cbb24c647,CA,2025-06-26 21:40:32,29.99,59.99,50.0,CAD,61,2023-12-13,59.99,CAD,CA,True,False,False,False,False,False,False,561.0,-30.000000000000004,-0.5000833472245374,2025-06-26,False,False,13.838784722222222,True
1144200,018d937e-f519-71e5-b1d0-b00cbb24c647,CA,2025-08-26 22:18:11,35.99,59.99,40.0,CAD,61,2023-12-13,59.99,CAD,CA,True,False,False,False,False,False,False,622.0,-24.0,-0.4000666777796299,2025-08-26,False,False,9.998125,True
1144200,018d937e-f519-71e5-b1d0-b00cbb24c647,CA,2025-09-29 20:29:50,29.99,59.99,50.0,CAD,61,2023-12-13,59.99,CAD,CA,True,False,False,False,False,False,False,656.0,-30.000000000000004,-0.5000833472245374,2025-09-29,False,False,6.887476851851852,True
1144200,018d937e-f519-71e5-b1d0-b00cbb24c647,CN,2023-12-13 17:48:22,159.0,159.0,0.0,CNY,61,2023-12-13,159.0,CNY,CN,False,False,False,False,True,False,True,0.0,0.0,0.0,2023-12-13,False,False,,False
1144200,018d937e-f519-71e5-b1d0-b00cbb24c647,CN,2024-02-05 18:34:55,119.25,159.0,25.0,CNY,61,2023-12-13,159.0,CNY,CN,True,False,False,False,False,False,False,54.0,-39.75,-0.25,2024-02-05,False,False,6.989247685185185,True
1144200,018d937e-f519-71e5-b1d0-b00cbb24c647,CN,2024-03-14 18:01:28,106.53,159.0,33.0,CNY,61,2023-12-13,159.0,CNY,CN,True,False,False,False,False,False,False,92.0,-52.47,-0.32999999999999996,2024-03-14,False,False,6.989328703703704,True
1144200,018d937e-f519-71e5-b1d0-b00cbb24c647,CN,2024-04-15 17:16:38,106.53,159.0,33.0,CNY,61,2023-12-13,159.0,CNY,CN,True,False,False,False,False,False,False,124.0,-52.47,-0.32999999999999996,2024-04-15,False,False,7.00087962962963,True
1144200,018d937e-f519-71e5-b1d0-b00cbb24c647,CN,2024-05-23 17:15:31,95.4,159.0,40.0,CNY,61,2023-12-13,159.0,CNY,CN,True,False,False,False,False,False,False,162.0,-63.599999999999994,-0.3999999999999999,2024-05-23,False,False,7.001944444444445,True
1144200,018d937e-f519-71e5-b1d0-b00cbb24c647,CN,2024-06-27 18:05:05,106.53,159.0,33.0,CNY,61,2023-12-13,159.0,CNY,CN,True,False,False,False,False,False,False,197.0,-52.47,-0.32999999999999996,2024-06-27,False,False,13.988900462962963,True
1144200,018d937e-f519-71e5-b1d0-b00cbb24c647,CN,2024-09-09 17:19:13,106.53,159.0,33.0,CNY,61,2023-12-13,159.0,CNY,CN,True,False,False,False,False,False,False,271.0,-52.47,-0.32999999999999996,2024-09-09,False,False,6.999398148148148,True
1144200,018d937e-f519-71e5-b1d0-b00cbb24c647,CN,2024-10-22 17:15:58,95.4,159.0,40.0,CNY,61,2023-12-13,159.0,CNY,CN,True,False,False,False,False,False,False,314.0,-63.599999999999994,-0.3999999999999999,2024-10-22,False,False,1.1371527777777777,True
1144200,018d937e-f519-71e5-b1d0-b00cbb24c647,CN,2024-10-28 17:58:37,95.4,159.0,40.0,CNY,61,2023-12-13,159.0,CNY,CN,True,False,False,False,False,False,False,320.0,-63.599999999999994,-0.3999999999999999,2024-10-28,False,False,6.011689814814815,True
1144200,018d937e-f519-71e5-b1d0-b00cbb24c647,CN,2024-11-27 20:40:34,106.53,159.0,33.0,CNY,61,2023-12-13,159.0,CNY,CN,True,False,False,False,False,False,False,350.0,-52.47,-0.32999999999999996,2024-11-27,False,False,6.921990740740741,True
1144200,018d937e-f519-71e5-b1d0-b00cbb24c647,CN,2024-12-19 20:35:49,79.5,159.0,50.0,CNY,61,2023-12-13,159.0,CNY,CN,True,False,False,False,False,False,False,372.0,-79.5,-0.5,2024-12-19,False,False,13.926828703703704,True
1144200,018d937e-f519-71e5-b1d0-b00cbb24c647,CN,2025-01-13 18:20:35,95.4,159.0,40.0,CNY,61,2023-12-13,159.0,CNY,CN,True,False,False,False,False,False,False,397.0,-63.599999999999994,-0.3999999999999999,2025-01-13,False,False,7.01412037037037,True
1144200,018d937e-f519-71e5-b1d0-b00cbb24c647,CN,2025-02-24 18:20:57,95.4,159.0,40.0,CNY,61,2023-12-13,159.0,CNY,CN,True,False,False,False,False,False,False,439.0,-63.599999999999994,-0.3999999999999999,2025-02-24,False,False,7.000775462962963,True
1144200,018d937e-f519-71e5-b1d0-b00cbb24c647,CN,2025-03-13 19:59:20,79.5,159.0,50.0,CNY,61,2023-12-13,159.0,CNY,CN,True,False,False,False,False,False,False,456.0,-79.5,-0.5,2025-03-13,False,False,6.912175925925926,True
1144200,018d937e-f519-71e5-b1d0-b00cbb24c647,CN,2025-04-12 17:18:50,79.5,159.0,50.0,CNY,61,2023-12-13,159.0,CNY,CN,True,False,False,False,False,False,False,486.0,-79.5,-0.5,2025-04-12,False,False,6.997627314814815,True
1144200,018d937e-f519-71e5-b1d0-b00cbb24c647,CN,2025-05-19 17:44:37,95.4,159.0,40.0,CNY,61,2023-12-13,159.0,CNY,CN,True,False,False,False,False,False,False,523.0,-63.599999999999994,-0.3999999999999999,2025-05-19,False,False,7.0908796296296295,True
1144200,018d937e-f519-71e5-b1d0-b00cbb24c647,CN,2025-06-26 21:44:05,79.5,159.0,50.0,CNY,61,2023-12-13,159.0,CNY,CN,True,False,False,False,False,False,False,561.0,-79.5,-0.5,2025-06-26,False,False,13.839722222222223,True
1144200,018d937e-f519-71e5-b1d0-b00cbb24c647,CN,2025-08-26 22:18:16,95.4,159.0,40.0,CNY,61,2023-12-13,159.0,CNY,CN,True,False,False,False,False,False,False,622.0,-63.599999999999994,-0.3999999999999999,2025-08-26,False,False,9.999907407407408,True
1144200,018d937e-f519-71e5-b1d0-b00cbb24c647,CN,2025-09-29 20:22:53,79.5,159.0,50.0,CNY,61,2023-12-13,159.0,CNY,CN,True,False,False,False,False,False,False,656.0,-79.5,-0.5,2025-09-29,False,False,6.892037037037037,True
1144200,018d937e-f519-71e5-b1d0-b00cbb24c647,DE,2023-12-13 17:48:20,49.99,49.99,0.0,EUR,61,2023-12-13,49.99,EUR,DE,False,False,False,False,True,False,True,0.0,0.0,0.0,2023-12-13,False,False,,False
1144200,018d937e-f519-71e5-b1d0-b00cbb24c647,DE,2024-02-05 18:03:57,37.49,49.99,25.0,EUR,61,2023-12-13,49.99,EUR,DE,True,False,False,False,False,False,False,54.0,-12.5,-0.25005001000200044,2024-02-05,False,False,7.010706018518518,True
1144200,018d937e-f519-71e5-b1d0-b00cbb24c647,DE,2024-03-14 18:02:51,33.49,49.99,33.0,EUR,61,2023-12-13,49.99,EUR,DE,True,False,False,False,False,False,False,92.0,-16.5,-0.3300660132026405,2024-03-14,False,False,6.990277777777778,True
1144200,018d937e-f519-71e5-b1d0-b00cbb24c647,DE,2024-04-15 17:16:36,33.49,49.99,33.0,EUR,61,2023-12-13,49.99,EUR,DE,True,False,False,False,False,False,False,124.0,-16.5,-0.3300660132026405,2024-04-15,False,False,7.000902777777778,True
1144200,018d937e-f519-71e5-b1d0-b00cbb24c647,DE,2024-05-23 17:18:14,29.99,49.99,40.0,EUR,61,2023-12-13,49.99,EUR,DE,True,False,False,False,False,False,False,162.0,-20.000000000000004,-0.40008001600320064,2024-05-23,False,False,6.998136574074074,True
1144200,018d937e-f519-71e5-b1d0-b00cbb24c647,DE,2024-06-27 18:05:13,33.49,49.99,33.0,EUR,61,2023-12-13,49.99,EUR,DE,True,False,False,False,False,False,False,197.0,-16.5,-0.3300660132026405,2024-06-27,False,False,13.992731481481481,True
1144200,018d937e-f519-71e5-b1d0-b00cbb24c647,DE,2024-09-09 17:19:17,33.49,49.99,33.0,EUR,61,2023-12-13,49.99,EUR,DE,True,False,False,False,False,False,False,271.0,-16.5,-0.3300660132026405,2024-09-09,False,False,6.999386574074074,True
1144200,018d937e-f519-71e5-b1d0-b00cbb24c647,DE,2024-10-22 17:16:08,29.99,49.99,40.0,EUR,61,2023-12-13,49.99,EUR,DE,True,False,False,False,False,False,False,314.0,-20.000000000000004,-0.40008001600320064,2024-10-22,False,False,1.1368634259259258,True
1144200,018d937e-f519-71e5-b1d0-b00cbb24c647,DE,2024-10-28 17:52:58,29.99,49.99,40.0,EUR,61,2023-12-13,49.99,EUR,DE,True,False,False,False,False,False,False,320.0,-20.000000000000004,-0.40008001600320064,2024-10-28,False,False,6.017569444444445,True
1144200,018d937e-f519-71e5-b1d0-b00cbb24c647,DE,2024-11-27 20:40:44,33.49,49.99,33.0,EUR,61,2023-12-13,49.99,EUR,DE,True,False,False,False,False,False,False,350.0,-16.5,-0.3300660132026405,2024-11-27,False,False,6.921921296296296,True
1144200,018d937e-f519-71e5-b1d0-b00cbb24c647,DE,2024-12-19 20:29:52,24.99,49.99,50.0,EUR,61,2023-12-13,49.99,EUR,DE,True,False,False,False,False,False,False,372.0,-25.000000000000004,-0.5001000200040009,2024-12-19,False,False,13.933148148148149,True
1144200,018d937e-f519-71e5-b1d0-b00cbb24c647,DE,2025-01-13 18:22:43,29.99,49.99,40.0,EUR,61,2023-12-13,49.99,EUR,DE,True,False,False,False,False,False,False,397.0,-20.000000000000004,-0.40008001600320064,2025-01-13,False,False,7.014108796296297,True
1144200,018d937e-f519-71e5-b1d0-b00cbb24c647,DE,2025-02-24 18:20:40,29.99,49.99,40.0,EUR,61,2023-12-13,49.99,EUR,DE,True,False,False,False,False,False,False,439.0,-20.000000000000004,-0.40008001600320064,2025-02-24,False,False,7.004652777777777,True
1144200,018d937e-f519-71e5-b1d0-b00cbb24c647,DE,2025-03-13 19:42:06,24.99,49.99,50.0,EUR,61,2023-12-13,49.99,EUR,DE,True,False,False,False,False,False,False,456.0,-25.000000000000004,-0.5001000200040009,2025-03-13,False,False,6.924282407407407,True
1144200,018d937e-f519-71e5-b1d0-b00cbb24c647,DE,2025-04-12 17:15:43,24.99,49.99,50.0,EUR,61,2023-12-13,49.99,EUR,DE,True,False,False,False,False,False,False,486.0,-25.000000000000004,-0.5001000200040009,2025-04-12,False,False,7.001898148148148,True
1144200,018d937e-f519-71e5-b1d0-b00cbb24c647,DE,2025-05-19 17:47:06,29.99,49.99,40.0,EUR,61,2023-12-13,49.99,EUR,DE,True,False,False,False,False,False,False,523.0,-20.000000000000004,-0.40008001600320064,2025-05-19,False,False,7.0878125,True
1144200,018d937e-f519-71e5-b1d0-b00cbb24c647,DE,2025-06-26 21:43:39,24.99,49.99,50.0,EUR,61,2023-12-13,49.99,EUR,DE,True,False,False,False,False,False,False,561.0,-25.000000000000004,-0.5001000200040009,2025-06-26,False,False,13.83662037037037,True
1144200,018d937e-f519-71e5-b1d0-b00cbb24c647,DE,2025-08-26 22:18:21,29.99,49.99,40.0,EUR,61,2023-12-13,49.99,EUR,DE,True,False,False,False,False,False,False,622.0,-20.000000000000004,-0.40008001600320064,2025-08-26,False,False,10.000034722222223,True
1144200,018d937e-f519-71e5-b1d0-b00cbb24c647,DE,2025-09-29 20:11:39,24.99,49.99,50.0,EUR,61,2023-12-13,49.99,EUR,DE,True,False,False,False,False,False,False,656.0,-25.000000000000004,-0.5001000200040009,2025-09-29,False,False,6.900150462962963,True
1144200,018d937e-f519-71e5-b1d0-b00cbb24c647,FR,2023-12-13 17:48:20,49.99,49.99,0.0,EUR,61,2023-12-13,49.99,EUR,FR,False,False,False,False,True,False,True,0.0,0.0,0.0,2023-12-13,False,False,,False
1144200,018d937e-f519-71e5-b1d0-b00cbb24c647,FR,2024-02-05 18:03:57,37.49,49.99,25.0,EUR,61,2023-12-13,49.99,EUR,FR,True,False,False,False,False,False,False,54.0,-12.5,-0.25005001000200044,2024-02-05,False,False,7.010706018518518,True
1144200,018d937e-f519-71e5-b1d0-b00cbb24c647,FR,2024-03-14 18:02:51,33.49,49.99,33.0,EUR,61,2023-12-13,49.99,EUR,FR,True,False,False,False,False,False,False,92.0,-16.5,-0.3300660132026405,2024-03-14,False,False,6.990277777777778,True
1144200,018d937e-f519-71e5-b1d0-b00cbb24c647,FR,2024-04-15 17:16:36,33.49,49.99,33.0,EUR,61,2023-12-13,49.99,EUR,FR,True,False,False,False,False,False,False,124.0,-16.5,-0.3300660132026405,2024-04-15,False,False,7.000902777777778,True
1144200,018d937e-f519-71e5-b1d0-b00cbb24c647,FR,2024-05-23 17:18:14,29.99,49.99,40.0,EUR,61,2023-12-13,49.99,EUR,FR,True,False,False,False,False,False,False,162.0,-20.000000000000004,-0.40008001600320064,2024-05-23,False,False,6.998136574074074,True
1144200,018d937e-f519-71e5-b1d0-b00cbb24c647,FR,2024-06-27 18:05:13,33.49,49.99,33.0,EUR,61,2023-12-13,49.99,EUR,FR,True,False,False,False,False,False,False,197.0,-16.5,-0.3300660132026405,2024-06-27,False,False,13.992731481481481,True
1144200,018d937e-f519-71e5-b1d0-b00cbb24c647,FR,2024-09-09 17:19:17,33.49,49.99,33.0,EUR,61,2023-12-13,49.99,EUR,FR,True,False,False,False,False,False,False,271.0,-16.5,-0.3300660132026405,2024-09-09,False,False,6.999386574074074,True
1144200,018d937e-f519-71e5-b1d0-b00cbb24c647,FR,2024-10-22 17:16:08,29.99,49.99,40.0,EUR,61,2023-12-13,49.99,EUR,FR,True,False,False,False,False,False,False,314.0,-20.000000000000004,-0.40008001600320064,2024-10-22,False,False,1.1368634259259258,True
1144200,018d937e-f519-71e5-b1d0-b00cbb24c647,FR,2024-10-28 17:52:58,29.99,49.99,40.0,EUR,61,2023-12-13,49.99,EUR,FR,True,False,False,False,False,False,False,320.0,-20.000000000000004,-0.40008001600320064,2024-10-28,False,False,6.017569444444445,True
1144200,018d937e-f519-71e5-b1d0-b00cbb24c647,FR,2024-11-27 20:40:44,33.49,49.99,33.0,EUR,61,2023-12-13,49.99,EUR,FR,True,False,False,False,False,False,False,350.0,-16.5,-0.3300660132026405,2024-11-27,False,False,6.921921296296296,True
1144200,018d937e-f519-71e5-b1d0-b00cbb24c647,FR,2024-12-19 20:29:52,24.99,49.99,50.0,EUR,61,2023-12-13,49.99,EUR,FR,True,False,False,False,False,False,False,372.0,-25.000000000000004,-0.5001000200040009,2024-12-19,False,False,13.933148148148149,True
1144200,018d937e-f519-71e5-b1d0-b00cbb24c647,FR,2025-01-13 18:22:43,29.99,49.99,40.0,EUR,61,2023-12-13,49.99,EUR,FR,True,False,False,False,False,False,False,397.0,-20.000000000000004,-0.40008001600320064,2025-01-13,False,False,7.014108796296297,True
1144200,018d937e-f519-71e5-b1d0-b00cbb24c647,FR,2025-02-24 18:20:40,29.99,49.99,40.0,EUR,61,2023-12-13,49.99,EUR,FR,True,False,False,False,False,False,False,439.0,-20.000000000000004,-0.40008001600320064,2025-02-24,False,False,7.004652777777777,True
1144200,018d937e-f519-71e5-b1d0-b00cbb24c647,FR,2025-03-13 19:42:06,24.99,49.99,50.0,EUR,61,2023-12-13,49.99,EUR,FR,True,False,False,False,False,False,False,456.0,-25.000000000000004,-0.5001000200040009,2025-03-13,False,False,6.924282407407407,True
1144200,018d937e-f519-71e5-b1d0-b00cbb24c647,FR,2025-04-12 17:15:43,24.99,49.99,50.0,EUR,61,2023-12-13,49.99,EUR,FR,True,False,False,False,False,False,False,486.0,-25.000000000000004,-0.5001000200040009,2025-04-12,False,False,7.001898148148148,True
1144200,018d937e-f519-71e5-b1d0-b00cbb24c647,FR,2025-05-19 17:47:06,29.99,49.99,40.0,EUR,61,2023-12-13,49.99,EUR,FR,True,False,False,False,False,False,False,523.0,-20.000000000000004,-0.40008001600320064,2025-05-19,False,False,7.0878125,True
1144200,018d937e-f519-71e5-b1d0-b00cbb24c647,FR,2025-06-26 21:43:39,24.99,49.99,50.0,EUR,61,2023-12-13,49.99,EUR,FR,True,False,False,False,False,False,False,561.0,-25.000000000000004,-0.5001000200040009,2025-06-26,False,False,13.83662037037037,True
1144200,018d937e-f519-71e5-b1d0-b00cbb24c647,FR,2025-08-26 22:18:21,29.99,49.99,40.0,EUR,61,2023-12-13,49.99,EUR,FR,True,False,False,False,False,False,False,622.0,-20.000000000000004,-0.40008001600320064,2025-08-26,False,False,10.000034722222223,True
1144200,018d937e-f519-71e5-b1d0-b00cbb24c647,FR,2025-09-29 20:11:39,24.99,49.99,50.0,EUR,61,2023-12-13,49.99,EUR,FR,True,False,False,False,False,False,False,656.0,-25.000000000000004,-0.5001000200040009,2025-09-29,False,False,6.900150462962963,True
1144200,018d937e-f519-71e5-b1d0-b00cbb24c647,GB,2023-12-13 17:48:14,44.99,44.99,0.0,GBP,61,2023-12-13,44.99,GBP,GB,False,False,False,False,True,False,True,0.0,0.0,0.0,2023-12-13,False,False,,False
1144200,018d937e-f519-71e5-b1d0-b00cbb24c647,GB,2024-02-05 18:34:53,33.74,44.99,25.0,GBP,61,2023-12-13,44.99,GBP,GB,True,False,False,False,False,False,False,54.0,-11.25,-0.25005556790397865,2024-02-05,False,False,6.989074074074074,True
1144200,018d937e-f519-71e5-b1d0-b00cbb24c647,GB,2024-03-14 18:01:28,30.14,44.99,33.0,GBP,61,2023-12-13,44.99,GBP,GB,True,False,False,False,False,False,False,92.0,-14.850000000000001,-0.33007334963325186,2024-03-14,False,False,6.989328703703704,True
1144200,018d937e-f519-71e5-b1d0-b00cbb24c647,GB,2024-04-15 17:16:36,30.14,44.99,33.0,GBP,61,2023-12-13,44.99,GBP,GB,True,False,False,False,False,False,False,124.0,-14.850000000000001,-0.33007334963325186,2024-04-15,False,False,7.000787037037037,True
1144200,018d937e-f519-71e5-b1d0-b00cbb24c647,GB,2024-05-23 17:18:33,26.99,44.99,40.0,GBP,61,2023-12-13,44.99,GBP,GB,True,False,False,False,False,False,False,162.0,-18.000000000000004,-0.4000889086463659,2024-05-23,False,False,6.997916666666667,True
1144200,018d937e-f519-71e5-b1d0-b00cbb24c647,GB,2024-06-27 18:07:53,30.14,44.99,33.0,GBP,61,2023-12-13,44.99,GBP,GB,True,False,False,False,False,False,False,197.0,-14.850000000000001,-0.33007334963325186,2024-06-27,False,False,13.986967592592592,True
1144200,018d937e-f519-71e5-b1d0-b00cbb24c647,GB,2024-09-09 17:18:38,30.14,44.99,33.0,GBP,61,2023-12-13,44.99,GBP,GB,True,False,False,False,False,False,False,271.0,-14.850000000000001,-0.33007334963325186,2024-09-09,False,False,6.999849537037037,True
1144200,018d937e-f519-71e5-b1d0-b00cbb24c647,GB,2024-10-22 17:15:55,26.99,44.99,40.0,GBP,61,2023-12-13,44.99,GBP,GB,True,False,False,False,False,False,False,314.0,-18.000000000000004,-0.4000889086463659,2024-10-22,False,False,1.1370833333333332,True
1144200,018d937e-f519-71e5-b1d0-b00cbb24c647,GB,2024-10-28 17:58:52,26.99,44.99,40.0,GBP,61,2023-12-13,44.99,GBP,GB,True,False,False,False,False,False,False,320.0,-18.000000000000004,-0.4000889086463659,2024-10-28,False,False,6.013541666666667,True
1144200,018d937e-f519-71e5-b1d0-b00cbb24c647,GB,2024-11-27 20:40:40,30.14,44.99,33.0,GBP,61,2023-12-13,44.99,GBP,GB,True,False,False,False,False,False,False,350.0,-14.850000000000001,-0.33007334963325186,2024-11-27,False,False,6.921956018518519,True
1144200,018d937e-f519-71e5-b1d0-b00cbb24c647,GB,2024-12-19 23:02:41,22.49,44.99,50.0,GBP,61,2023-12-13,44.99,GBP,GB,True,False,False,False,False,False,False,372.0,-22.500000000000004,-0.5001111358079574,2024-12-19,False,False,13.827002314814814,True
1144200,018d937e-f519-71e5-b1d0-b00cbb24c647,GB,2025-01-13 18:22:42,26.99,44.99,40.0,GBP,61,2023-12-13,44.99,GBP,GB,True,False,False,False,False,False,False,397.0,-18.000000000000004,-0.4000889086463659,2025-01-13,False,False,7.014108796296297,True
1144200,018d937e-f519-71e5-b1d0-b00cbb24c647,GB,2025-02-24 18:20:18,26.99,44.99,40.0,GBP,61,2023-12-13,44.99,GBP,GB,True,False,False,False,False,False,False,439.0,-18.000000000000004,-0.4000889086463659,2025-02-24,False,False,7.006446759259259,True
1144200,018d937e-f519-71e5-b1d0-b00cbb24c647,GB,2025-03-13 19:42:06,22.49,44.99,50.0,GBP,61,2023-12-13,44.99,GBP,GB,True,False,False,False,False,False,False,456.0,-22.500000000000004,-0.5001111358079574,2025-03-13,False,False,6.920416666666667,True
1144200,018d937e-f519-71e5-b1d0-b00cbb24c647,GB,2025-04-12 17:15:41,22.49,44.99,50.0,GBP,61,2023-12-13,44.99,GBP,GB,True,False,False,False,False,False,False,486.0,-22.500000000000004,-0.5001111358079574,2025-04-12,False,False,6.999895833333333,True
1144200,018d937e-f519-71e5-b1d0-b00cbb24c647,GB,2025-05-19 17:47:02,26.99,44.99,40.0,GBP,61,2023-12-13,44.99,GBP,GB,True,False,False,False,False,False,False,523.0,-18.000000000000004,-0.4000889086463659,2025-05-19,False,False,7.087858796296296,True
1144200,018d937e-f519-71e5-b1d0-b00cbb24c647,GB,2025-06-26 21:47:32,22.49,44.99,50.0,GBP,61,2023-12-13,44.99,GBP,GB,True,False,False,False,False,False,False,561.0,-22.500000000000004,-0.5001111358079574,2025-06-26,False,False,13.833877314814815,True
1144200,018d937e-f519-71e5-b1d0-b00cbb24c647,GB,2025-08-26 22:18:04,26.99,44.99,40.0,GBP,61,2023-12-13,44.99,GBP,GB,True,False,False,False,False,False,False,622.0,-18.000000000000004,-0.4000889086463659,2025-08-26,False,False,9.998159722222223,True
1144200,018d937e-f519-71e5-b1d0-b00cbb24c647,GB,2025-09-29 20:24:11,22.49,44.99,50.0,GBP,61,2023-12-13,44.99,GBP,GB,True,False,False,False,False,False,False,656.0,-22.500000000000004,-0.5001111358079574,2025-09-29,False,False,6.891481481481481,True
1144200,018d937e-f519-71e5-b1d0-b00cbb24c647,JP,2024-12-07 16:21:20,7150.0,7150.0,0.0,JPY,61,2023-12-13,7150.0,JPY,JP,False,False,False,False,False,False,False,360.0,0.0,0.0,2024-12-07,False,False,,False
1144200,018d937e-f519-71e5-b1d0-b00cbb24c647,JP,2024-12-19 20:41:08,3575.0,7150.0,50.0,JPY,61,2023-12-13,7150.0,JPY,JP,True,False,False,False,False,False,False,372.0,-3575.0,-0.5,2024-12-19,False,False,13.923020833333334,True
1144200,018d937e-f519-71e5-b1d0-b00cbb24c647,JP,2025-01-13 18:31:50,4290.0,7150.0,40.0,JPY,61,2023-12-13,7150.0,JPY,JP,True,False,False,False,False,False,False,397.0,-2860.0,-0.4,2025-01-13,False,False,7.011597222222222,True
1144200,018d937e-f519-71e5-b1d0-b00cbb24c647,JP,2025-02-24 18:23:03,4290.0,7150.0,40.0,JPY,61,2023-12-13,7150.0,JPY,JP,True,False,False,False,False,False,False,439.0,-2860.0,-0.4,2025-02-24,False,False,7.006631944444444,True
1144200,018d937e-f519-71e5-b1d0-b00cbb24c647,JP,2025-03-13 20:28:17,3575.0,7150.0,50.0,JPY,61,2023-12-13,7150.0,JPY,JP,True,False,False,False,False,False,False,456.0,-3575.0,-0.5,2025-03-13,False,False,6.891446759259259,True
1144200,018d937e-f519-71e5-b1d0-b00cbb24c647,JP,2025-04-12 17:19:12,3575.0,7150.0,50.0,JPY,61,2023-12-13,7150.0,JPY,JP,True,False,False,False,False,False,False,486.0,-3575.0,-0.5,2025-04-12,False,False,6.9975810185185185,True
1144200,018d937e-f519-71e5-b1d0-b00cbb24c647,JP,2025-05-19 17:43:51,4290.0,7150.0,40.0,JPY,61,2023-12-13,7150.0,JPY,JP,True,False,False,False,False,False,False,523.0,-2860.0,-0.4,2025-05-19,False,False,7.209803240740741,True
1144200,018d937e-f519-71e5-b1d0-b00cbb24c647,JP,2025-06-26 22:09:04,3575.0,7150.0,50.0,JPY,61,2023-12-13,7150.0,JPY,JP,True,False,False,False,False,False,False,561.0,-3575.0,-0.5,2025-06-26,False,False,13.823900462962962,True
1144200,018d937e-f519-71e5-b1d0-b00cbb24c647,JP,2025-08-26 22:18:18,4290.0,7150.0,40.0,JPY,61,2023-12-13,7150.0,JPY,JP,True,False,False,False,False,False,False,622.0,-2860.0,-0.4,2025-08-26,False,False,9.998090277777777,True
1144200,018d937e-f519-71e5-b1d0-b00cbb24c647,JP,2025-09-29 20:59:23,3575.0,7150.0,50.0,JPY,61,2023-12-13,7150.0,JPY,JP,True,False,False,False,False,False,False,656.0,-3575.0,-0.5,2025-09-29,False,False,6.874444444444444,True
1144200,018d937e-f519-71e5-b1d0-b00cbb24c647,PL,2023-12-13 17:48:20,219.95600000000002,219.95600000000002,0.0,PLN,61,2023-12-13,169.99,PLN,PL,False,True,True,False,True,False,True,0.0,49.96600000000001,0.2939349373492559,2023-12-13,True,True,,False
1144200,018d937e-f519-71e5-b1d0-b00cbb24c647,PL,2024-02-05 18:03:57,164.95600000000002,219.95600000000002,25.0,PLN,61,2023-12-13,169.99,PLN,PL,True,False,False,False,False,False,False,54.0,-5.033999999999992,-0.029613506676863244,2024-02-05,True,True,7.010706018518518,True
1144200,018d937e-f519-71e5-b1d0-b00cbb24c647,PL,2024-03-14 18:02:51,147.35600000000002,219.95600000000002,33.0,PLN,61,2023-12-13,169.99,PLN,PL,True,False,False,False,False,False,False,92.0,-22.633999999999986,-0.1331490087652214,2024-03-14,True,True,6.990277777777778,True
1144200,018d937e-f519-71e5-b1d0-b00cbb24c647,PL,2024-04-15 17:16:36,147.35600000000002,219.95600000000002,33.0,PLN,61,2023-12-13,169.99,PLN,PL,True,False,False,False,False,False,False,124.0,-22.633999999999986,-0.1331490087652214,2024-04-15,True,True,7.000902777777778,True
1144200,018d937e-f519-71e5-b1d0-b00cbb24c647,PL,2024-05-23 17:18:14,131.95600000000002,219.95600000000002,40.0,PLN,61,2023-12-13,169.99,PLN,PL,True,False,False,False,False,False,False,162.0,-38.03399999999999,-0.22374257309253476,2024-05-23,True,True,6.998136574074074,True
1144200,018d937e-f519-71e5-b1d0-b00cbb24c647,PL,2024-06-27 18:05:13,139.11230769230772,207.65076923076924,33.0,PLN,61,2023-12-13,169.99,PLN,PL,True,False,False,False,False,False,False,197.0,-30.877692307692286,-0.18164416911402015,2024-06-27,True,True,13.992731481481481,True
1144200,018d937e-f519-71e5-b1d0-b00cbb24c647,PL,2024-09-09 17:19:17,139.11230769230772,207.65076923076924,33.0,PLN,61,2023-12-13,169.99,PLN,PL,True,False,False,False,False,False,False,271.0,-30.877692307692286,-0.18164416911402015,2024-09-09,True,True,6.999386574074074,True
1144200,018d937e-f519-71e5-b1d0-b00cbb24c647,PL,2024-10-22 17:16:08,124.57384615384616,207.65076923076924,40.0,PLN,61,2023-12-13,169.99,PLN,PL,True,False,False,False,False,False,False,314.0,-45.41615384615385,-0.26716956201043496,2024-10-22,True,True,1.1368634259259258,True
1144200,018d937e-f519-71e5-b1d0-b00cbb24c647,PL,2024-10-28 17:52:58,124.57384615384616,207.65076923076924,40.0,PLN,61,2023-12-13,169.99,PLN,PL,True,False,False,False,False,False,False,320.0,-45.41615384615385,-0.26716956201043496,2024-10-28,True,True,6.017569444444445,True
1144200,018d937e-f519-71e5-b1d0-b00cbb24c647,PL,2024-11-27 20:40:44,139.11230769230772,207.65076923076924,33.0,PLN,61,2023-12-13,169.99,PLN,PL,True,False,False,False,False,False,False,350.0,-30.877692307692286,-0.18164416911402015,2024-11-27,True,True,6.921921296296296,True
1144200,018d937e-f519-71e5-b1d0-b00cbb24c647,PL,2024-12-19 20:29:52,103.80461538461539,207.65076923076924,50.0,PLN,61,2023-12-13,169.99,PLN,PL,True,False,False,False,False,False,False,372.0,-66.18538461538462,-0.3893486947195989,2024-12-19,True,True,13.933148148148149,True
1144200,018d937e-f519-71e5-b1d0-b00cbb24c647,PL,2025-01-13 18:22:43,124.57384615384616,207.65076923076924,40.0,PLN,61,2023-12-13,169.99,PLN,PL,True,False,False,False,False,False,False,397.0,-45.41615384615385,-0.26716956201043496,2025-01-13,True,True,7.014108796296297,True
1144200,018d937e-f519-71e5-b1d0-b00cbb24c647,PL,2025-02-24 18:20:40,124.57384615384616,207.65076923076924,40.0,PLN,61,2023-12-13,169.99,PLN,PL,True,False,False,False,False,False,False,439.0,-45.41615384615385,-0.26716956201043496,2025-02-24,True,True,7.004652777777777,True
1144200,018d937e-f519-71e5-b1d0-b00cbb24c647,PL,2025-03-13 19:42:06,103.80461538461539,207.65076923076924,50.0,PLN,61,2023-12-13,169.99,PLN,PL,True,False,False,False,False,False,False,456.0,-66.18538461538462,-0.3893486947195989,2025-03-13,True,True,6.924282407407407,True
1144200,018d937e-f519-71e5-b1d0-b00cbb24c647,PL,2025-04-12 17:15:43,103.80461538461539,207.65076923076924,50.0,PLN,61,2023-12-13,169.99,PLN,PL,True,False,False,False,False,False,False,486.0,-66.18538461538462,-0.3893486947195989,2025-04-12,True,True,7.001898148148148,True
1144200,018d937e-f519-71e5-b1d0-b00cbb24c647,PL,2025-05-19 17:47:06,124.57384615384616,207.65076923076924,40.0,PLN,61,2023-12-13,169.99,PLN,PL,True,False,False,False,False,False,False,523.0,-45.41615384615385,-0.26716956201043496,2025-05-19,True,True,7.0878125,True
1144200,018d937e-f519-71e5-b1d0-b00cbb24c647,PL,2025-06-26 21:43:39,104.86,209.76196078431374,50.0,PLN,61,2023-12-13,169.99,PLN,PL,True,False,False,False,False,False,False,561.0,-65.13000000000001,-0.38314018471674804,2025-06-26,True,True,13.83662037037037,True
1144200,018d937e-f519-71e5-b1d0-b00cbb24c647,PL,2025-08-26 22:18:21,125.84039215686275,209.76196078431374,40.0,PLN,61,2023-12-13,169.99,PLN,PL,True,False,False,False,False,False,False,622.0,-44.14960784313726,-0.259718853127462,2025-08-26,True,True,10.000034722222223,True
1144200,018d937e-f519-71e5-b1d0-b00cbb24c647,PL,2025-09-29 20:11:39,104.86,209.76196078431374,50.0,PLN,61,2023-12-13,169.99,PLN,PL,True,False,False,False,False,False,False,656.0,-65.13000000000001,-0.38314018471674804,2025-09-29,True,True,6.900150462962963,True
1144200,018d937e-f519-71e5-b1d0-b00cbb24c647,TR,2023-12-13 17:48:20,29.479450000000003,29.479450000000003,0.0,USD,61,2023-12-13,28.99,USD,TR,False,True,True,False,True,False,True,0.0,0.48945000000000505,0.01688340807174904,2023-12-13,True,True,,False
1144200,018d937e-f519-71e5-b1d0-b00cbb24c647,TR,2024-02-05 18:35:14,23.25855,31.0149,25.0,USD,61,2023-12-13,28.99,USD,TR,True,False,False,False,False,False,False,54.0,-5.731449999999999,-0.19770438082097275,2024-02-05,True,True,6.98886574074074,True
1144200,018d937e-f519-71e5-b1d0-b00cbb24c647,TR,2024-02-11 07:09:46,21.74,28.99,25.0,USD,61,2023-12-13,28.99,USD,TR,True,True,False,False,False,False,False,60.0,-7.25,-0.25008623663332186,2024-02-11,False,False,,False
1144200,018d937e-f519-71e5-b1d0-b00cbb24c647,TR,2024-03-14 18:07:23,19.42,28.99,33.0,USD,61,2023-12-13,28.99,USD,TR,True,False,False,False,False,False,False,92.0,-9.569999999999997,-0.3301138323559847,2024-03-14,False,False,6.985173611111111,True
1144200,018d937e-f519-71e5-b1d0-b00cbb24c647,TR,2024-04-15 17:18:06,19.42,28.99,33.0,USD,61,2023-12-13,28.99,USD,TR,True,False,False,False,False,False,False,124.0,-9.569999999999997,-0.3301138323559847,2024-04-15,False,False,7.002650462962963,True
1144200,018d937e-f519-71e5-b1d0-b00cbb24c647,TR,2024-05-23 17:15:36,17.39,28.99,40.0,USD,61,2023-12-13,28.99,USD,TR,True,False,False,False,False,False,False,162.0,-11.599999999999998,-0.4001379786133149,2024-05-23,False,False,7.0020949074074075,True
1144200,018d937e-f519-71e5-b1d0-b00cbb24c647,TR,2024-06-27 18:05:07,19.42,28.99,33.0,USD,61,2023-12-13,28.99,USD,TR,True,False,False,False,False,False,False,197.0,-9.569999999999997,-0.3301138323559847,2024-06-27,False,False,13.992546296296297,True
1144200,018d937e-f519-71e5-b1d0-b00cbb24c647,TR,2024-09-09 17:18:28,19.42,28.99,33.0,USD,61,2023-12-13,28.99,USD,TR,True,False,False,False,False,False,False,271.0,-9.569999999999997,-0.3301138323559847,2024-09-09,False,False,7.004513888888889,True
1144200,018d937e-f519-71e5-b1d0-b00cbb24c647,TR,2024-10-22 17:18:20,17.39,28.99,40.0,USD,61,2023-12-13,28.99,USD,TR,True,False,False,False,False,False,False,314.0,-11.599999999999998,-0.4001379786133149,2024-10-22,False,False,1.1333564814814814,True
1144200,018d937e-f519-71e5-b1d0-b00cbb24c647,TR,2024-10-28 17:59:07,17.39,28.99,40.0,USD,61,2023-12-13,28.99,USD,TR,True,False,False,False,False,False,False,320.0,-11.599999999999998,-0.4001379786133149,2024-10-28,False,False,6.011238425925926,True
1144200,018d937e-f519-71e5-b1d0-b00cbb24c647,TR,2024-11-27 20:37:57,19.42,28.99,33.0,USD,61,2023-12-13,28.99,USD,TR,True,False,False,False,False,False,False,350.0,-9.569999999999997,-0.3301138323559847,2024-11-27,False,False,6.923842592592592,True
1144200,018d937e-f519-71e5-b1d0-b00cbb24c647,TR,2024-12-19 21:27:53,14.49,28.99,50.0,USD,61,2023-12-13,28.99,USD,TR,True,False,False,False,False,False,False,372.0,-14.499999999999998,-0.5001724732666437,2024-12-19,False,False,13.892743055555556,True
1144200,018d937e-f519-71e5-b1d0-b00cbb24c647,TR,2025-01-13 18:20:44,17.39,28.99,40.0,USD,61,2023-12-13,28.99,USD,TR,True,False,False,False,False,False,False,397.0,-11.599999999999998,-0.4001379786133149,2025-01-13,False,False,7.013993055555556,True
1144200,018d937e-f519-71e5-b1d0-b00cbb24c647,TR,2025-02-24 18:20:19,17.39,28.99,40.0,USD,61,2023-12-13,28.99,USD,TR,True,False,False,False,False,False,False,439.0,-11.599999999999998,-0.4001379786133149,2025-02-24,False,False,7.0047800925925925,True
1144200,018d937e-f519-71e5-b1d0-b00cbb24c647,TR,2025-03-13 20:02:16,14.49,28.99,50.0,USD,61,2023-12-13,28.99,USD,TR,True,False,False,False,False,False,False,456.0,-14.499999999999998,-0.5001724732666437,2025-03-13,False,False,6.906446759259259,True
1144200,018d937e-f519-71e5-b1d0-b00cbb24c647,TR,2025-04-12 17:19:02,14.49,28.99,50.0,USD,61,2023-12-13,28.99,USD,TR,True,False,False,False,False,False,False,486.0,-14.499999999999998,-0.5001724732666437,2025-04-12,False,False,6.999444444444444,True
1144200,018d937e-f519-71e5-b1d0-b00cbb24c647,TR,2025-05-19 17:47:28,17.39,28.99,40.0,USD,61,2023-12-13,28.99,USD,TR,True,False,False,False,False,False,False,523.0,-11.599999999999998,-0.4001379786133149,2025-05-19,False,False,7.072141203703704,True
1144200,018d937e-f519-71e5-b1d0-b00cbb24c647,TR,2025-06-26 22:05:36,14.49,28.99,50.0,USD,61,2023-12-13,28.99,USD,TR,True,False,False,False,False,False,False,561.0,-14.499999999999998,-0.5001724732666437,2025-06-26,False,False,13.824606481481482,True
1144200,018d937e-f519-71e5-b1d0-b00cbb24c647,TR,2025-08-26 22:18:29,17.39,28.99,40.0,USD,61,2023-12-13,28.99,USD,TR,True,False,False,False,False,False,False,622.0,-11.599999999999998,-0.4001379786133149,2025-08-26,False,False,9.997916666666667,True
1144200,018d937e-f519-71e5-b1d0-b00cbb24c647,TR,2025-09-29 20:29:25,14.49,28.99,50.0,USD,61,2023-12-13,28.99,USD,TR,True,False,False,False,False,False,False,656.0,-14.499999999999998,-0.5001724732666437,2025-09-29,False,False,6.887511574074074,True
1144200,018d937e-f519-71e5-b1d0-b00cbb24c647,US,2023-12-13 17:48:22,49.99,49.99,0.0,USD,61,2023-12-13,49.99,USD,US,False,False,False,False,True,False,True,0.0,0.0,0.0,2023-12-13,False,False,,False
1144200,018d937e-f519-71e5-b1d0-b00cbb24c647,US,2024-02-05 18:35:04,37.49,49.99,25.0,USD,61,2023-12-13,49.99,USD,US,True,False,False,False,False,False,False,54.0,-12.5,-0.25005001000200044,2024-02-05,False,False,6.989097222222222,True
1144200,018d937e-f519-71e5-b1d0-b00cbb24c647,US,2024-03-14 18:01:27,33.49,49.99,33.0,USD,61,2023-12-13,49.99,USD,US,True,False,False,False,False,False,False,92.0,-16.5,-0.3300660132026405,2024-03-14,False,False,6.9893171296296295,True
1144200,018d937e-f519-71e5-b1d0-b00cbb24c647,US,2024-04-15 17:18:04,33.49,49.99,33.0,USD,61,2023-12-13,49.99,USD,US,True,False,False,False,False,False,False,124.0,-16.5,-0.3300660132026405,2024-04-15,False,False,6.999768518518518,True
1144200,018d937e-f519-71e5-b1d0-b00cbb24c647,US,2024-05-23 17:15:28,29.99,49.99,40.0,USD,61,2023-12-13,49.99,USD,US,True,False,False,False,False,False,False,162.0,-20.000000000000004,-0.40008001600320064,2024-05-23,False,False,7.000254629629629,True
1144200,018d937e-f519-71e5-b1d0-b00cbb24c647,US,2024-06-27 18:04:53,33.49,49.99,33.0,USD,61,2023-12-13,49.99,USD,US,True,False,False,False,False,False,False,197.0,-16.5,-0.3300660132026405,2024-06-27,False,False,13.992835648148148,True
1144200,018d937e-f519-71e5-b1d0-b00cbb24c647,US,2024-09-09 17:20:14,33.49,49.99,33.0,USD,61,2023-12-13,49.99,USD,US,True,False,False,False,False,False,False,271.0,-16.5,-0.3300660132026405,2024-09-09,False,False,7.003252314814815,True
1144200,018d937e-f519-71e5-b1d0-b00cbb24c647,US,2024-10-22 17:18:23,29.99,49.99,40.0,USD,61,2023-12-13,49.99,USD,US,True,False,False,False,False,False,False,314.0,-20.000000000000004,-0.40008001600320064,2024-10-22,False,False,1.1352777777777778,True
1144200,018d937e-f519-71e5-b1d0-b00cbb24c647,US,2024-10-28 17:58:53,29.99,49.99,40.0,USD,61,2023-12-13,49.99,USD,US,True,False,False,False,False,False,False,320.0,-20.000000000000004,-0.40008001600320064,2024-10-28,False,False,6.013599537037037,True
1144200,018d937e-f519-71e5-b1d0-b00cbb24c647,US,2024-11-27 20:40:38,33.49,49.99,33.0,USD,61,2023-12-13,49.99,USD,US,True,False,False,False,False,False,False,350.0,-16.5,-0.3300660132026405,2024-11-27,False,False,6.921990740740741,True
1144200,018d937e-f519-71e5-b1d0-b00cbb24c647,US,2024-12-19 23:02:31,24.99,49.99,50.0,USD,61,2023-12-13,49.99,USD,US,True,False,False,False,False,False,False,372.0,-25.000000000000004,-0.5001000200040009,2024-12-19,False,False,13.822997685185186,True
1144200,018d937e-f519-71e5-b1d0-b00cbb24c647,US,2025-01-13 18:22:37,29.99,49.99,40.0,USD,61,2023-12-13,49.99,USD,US,True,False,False,False,False,False,False,397.0,-20.000000000000004,-0.40008001600320064,2025-01-13,False,False,7.012708333333333,True
1144200,018d937e-f519-71e5-b1d0-b00cbb24c647,US,2025-02-24 18:17:27,29.99,49.99,40.0,USD,61,2023-12-13,49.99,USD,US,True,False,False,False,False,False,False,439.0,-20.000000000000004,-0.40008001600320064,2025-02-24,False,False,7.0068981481481485,True
1144200,018d937e-f519-71e5-b1d0-b00cbb24c647,US,2025-03-13 19:44:28,24.99,49.99,50.0,USD,61,2023-12-13,49.99,USD,US,True,False,False,False,False,False,False,456.0,-25.000000000000004,-0.5001000200040009,2025-03-13,False,False,6.920509259259259,True
1144200,018d937e-f519-71e5-b1d0-b00cbb24c647,US,2025-04-12 17:18:58,24.99,49.99,50.0,USD,61,2023-12-13,49.99,USD,US,True,False,False,False,False,False,False,486.0,-25.000000000000004,-0.5001000200040009,2025-04-12,False,False,6.997592592592593,True
1144200,018d937e-f519-71e5-b1d0-b00cbb24c647,US,2025-05-19 17:42:20,29.99,49.99,40.0,USD,61,2023-12-13,49.99,USD,US,True,False,False,False,False,False,False,523.0,-20.000000000000004,-0.40008001600320064,2025-05-19,False,False,7.072951388888889,True
1144200,018d937e-f519-71e5-b1d0-b00cbb24c647,US,2025-06-26 21:43:25,24.99,49.99,50.0,USD,61,2023-12-13,49.99,USD,US,True,False,False,False,False,False,False,561.0,-25.000000000000004,-0.5001000200040009,2025-06-26,False,False,13.840034722222223,True
1144200,018d937e-f519-71e5-b1d0-b00cbb24c647,US,2025-08-26 22:18:16,29.99,49.99,40.0,USD,61,2023-12-13,49.99,USD,US,True,False,False,False,False,False,False,622.0,-20.000000000000004,-0.40008001600320064,2025-08-26,False,False,9.997974537037036,True
1144200,018d937e-f519-71e5-b1d0-b00cbb24c647,US,2025-09-29 20:29:30,24.99,49.99,50.0,USD,61,2023-12-13,49.99,USD,US,True,False,False,False,False,False,False,656.0,-25.000000000000004,-0.5001000200040009,2025-09-29,False,False,6.887476851851852,True
1151340,018d937e-f886-70e0-a872-4970e8bd9503,AR,2020-05-14 18:09:00,29.99,39.99,25.0,USD,61,2020-04-14,23.99,USD,AR,True,False,False,False,False,False,False,30.0,6.0,0.2501042100875366,2020-05-14,False,False,6.966875,True
1151340,018d937e-f886-70e0-a872-4970e8bd9503,AR,2020-06-25 18:32:42,19.99,39.99,50.0,USD,61,2020-04-14,23.99,USD,AR,True,False,False,False,False,False,False,72.0,-4.0,-0.16673614005835768,2020-06-25,False,False,13.952604166666667,True
1151340,018d937e-f886-70e0-a872-4970e8bd9503,AR,2020-08-04 17:21:40,19.99,39.99,50.0,USD,61,2020-04-14,23.99,USD,AR,True,False,False,False,False,False,False,112.0,-4.0,-0.16673614005835768,2020-08-04,False,False,7.031712962962963,True
1151340,018d937e-f886-70e0-a872-4970e8bd9503,AR,2020-10-20 18:09:32,15.99,39.99,60.0,USD,61,2020-04-14,23.99,USD,AR,True,False,False,False,False,False,False,189.0,-7.999999999999998,-0.33347228011671526,2020-10-20,False,False,6.976203703703704,True
1151340,018d937e-f886-70e0-a872-4970e8bd9503,AR,2020-10-26 19:07:52,15.99,39.99,60.0,USD,61,2020-04-14,23.99,USD,AR,True,False,False,False,False,False,False,195.0,-7.999999999999998,-0.33347228011671526,2020-10-26,False,False,,False
1151340,018d937e-f886-70e0-a872-4970e8bd9503,AR,2020-11-25 18:33:38,13.19,39.99,67.0,USD,61,2020-04-14,23.99,USD,AR,True,False,False,False,False,False,False,225.0,-10.799999999999999,-0.4501875781575656,2020-11-25,False,False,6.002650462962963,True
1151340,018d937e-f886-70e0-a872-4970e8bd9503,AR,2020-12-22 18:57:09,13.19,39.99,67.0,USD,61,2020-04-14,23.99,USD,AR,True,False,False,False,False,False,False,252.0,-10.799999999999999,-0.4501875781575656,2020-12-22,False,False,13.994467592592592,True
1151340,018d937e-f886-70e0-a872-4970e8bd9503,AR,2021-02-11 19:02:07,13.19,39.99,67.0,USD,61,2020-04-14,23.99,USD,AR,True,False,False,False,False,False,False,303.0,-10.799999999999999,-0.4501875781575656,2021-02-11,False,False,3.9747569444444446,True
1151340,018d937e-f886-70e0-a872-4970e8bd9503,AR,2021-06-10 16:18:10,13.19,39.99,67.0,USD,61,2020-04-14,23.99,USD,AR,True,False,False,False,False,False,False,422.0,-10.799999999999999,-0.4501875781575656,2021-06-10,False,False,7.045393518518519,True
1151340,018d937e-f886-70e0-a872-4970e8bd9503,AR,2021-06-28 17:31:21,13.19,39.99,67.0,USD,61,2020-04-14,23.99,USD,AR,True,False,False,False,False,False,False,440.0,-10.799999999999999,-0.4501875781575656,2021-06-28,False,False,9.991215277777778,True
1151340,018d937e-f886-70e0-a872-4970e8bd9503,AR,2021-08-10 17:15:28,13.19,39.99,67.0,USD,61,2020-04-14,23.99,USD,AR,True,False,False,False,False,False,False,483.0,-10.799999999999999,-0.4501875781575656,2021-08-10,False,False,14.002384259259259,True
1151340,018d937e-f886-70e0-a872-4970e8bd9503,AR,2021-10-12 17:21:37,9.99,39.99,75.0,USD,61,2020-04-14,23.99,USD,AR,True,False,False,False,False,False,False,546.0,-13.999999999999998,-0.5835764902042517,2021-10-12,False,False,13.991423611111111,True
1151340,018d937e-f886-70e0-a872-4970e8bd9503,AR,2021-11-24 19:58:13,9.99,39.99,75.0,USD,61,2020-04-14,23.99,USD,AR,True,False,False,False,False,False,False,589.0,-13.999999999999998,-0.5835764902042517,2021-11-24,False,False,7.004155092592592,True
1151340,018d937e-f886-70e0-a872-4970e8bd9503,AR,2021-12-22 20:08:18,9.99,39.99,75.0,USD,61,2020-04-14,23.99,USD,AR,True,False,False,False,False,False,False,617.0,-13.999999999999998,-0.5835764902042517,2021-12-22,False,False,14.021921296296297,True
1151340,018d937e-f886-70e0-a872-4970e8bd9503,AR,2022-01-27 20:03:12,9.99,39.99,75.0,USD,61,2020-04-14,23.99,USD,AR,True,False,False,False,False,False,False,653.0,-13.999999999999998,-0.5835764902042517,2022-01-27,False,False,7.004641203703704,True
1151340,018d937e-f886-70e0-a872-4970e8bd9503,AR,2022-05-01 17:15:18,13.19,39.99,67.0,USD,61,2020-04-14,23.99,USD,AR,True,False,False,False,False,False,False,747.0,-10.799999999999999,-0.4501875781575656,2022-05-01,False,False,1.9937152777777778,True
1151340,018d937e-f886-70e0-a872-4970e8bd9503,AR,2022-06-09 17:12:31,9.99,39.99,75.0,USD,61,2020-04-14,23.99,USD,AR,True,False,False,False,False,False,False,786.0,-13.999999999999998,-0.5835764902042517,2022-06-09,False,False,4.001759259259259,True
1151340,018d937e-f886-70e0-a872-4970e8bd9503,AR,2022-06-24 00:42:18,9.99,39.99,75.0,USD,61,2020-04-14,23.99,USD,AR,True,False,False,False,False,False,False,801.0,-13.999999999999998,-0.5835764902042517,2022-06-24,False,False,13.79082175925926,True
1151340,018d937e-f886-70e0-a872-4970e8bd9503,AR,2022-08-16 17:18:56,9.99,39.99,75.0,USD,61,2020-04-14,23.99,USD,AR,True,False,False,False,False,False,False,854.0,-13.999999999999998,-0.5835764902042517,2022-08-16,False,False,14.000277777777777,True
1151340,018d937e-f886-70e0-a872-4970e8bd9503,AR,2022-10-04 17:06:23,9.99,39.99,75.0,USD,61,2020-04-14,23.99,USD,AR,True,False,False,False,False,False,False,903.0,-13.999999999999998,-0.5835764902042517,2022-10-04,False,False,14.008449074074074,True
1151340,018d937e-f886-70e0-a872-4970e8bd9503,AR,2022-11-22 19:53:35,9.99,39.99,75.0,USD,61,2020-04-14,23.99,USD,AR,True,False,False,False,False,False,False,952.0,-13.999999999999998,-0.5835764902042517,2022-11-22,False,False,7.0195949074074075,True
1151340,018d937e-f886-70e0-a872-4970e8bd9503,AR,2022-12-22 19:52:01,9.99,39.99,75.0,USD,61,2020-04-14,23.99,USD,AR,True,False,False,False,False,False,False,982.0,-13.999999999999998,-0.5835764902042517,2022-12-22,False,False,13.99554398148148,True
1151340,018d937e-f886-70e0-a872-4970e8bd9503,AR,2023-01-23 18:50:51,9.99,39.99,75.0,USD,61,2020-04-14,23.99,USD,AR,True,False,False,False,False,False,False,1014.0,-13.999999999999998,-0.5835764902042517,2023-01-23,False,False,6.969814814814815,True
1151340,018d937e-f886-70e0-a872-4970e8bd9503,AR,2023-03-16 18:47:59,9.99,39.99,75.0,USD,61,2020-04-14,23.99,USD,AR,True,False,False,False,False,False,False,1066.0,-13.999999999999998,-0.5835764902042517,2023-03-16,False,False,6.9533101851851855,True
1151340,018d937e-f886-70e0-a872-4970e8bd9503,AR,2023-06-29 19:39:11,9.99,39.99,75.0,USD,61,2020-04-14,23.99,USD,AR,True,False,False,False,False,False,False,1171.0,-13.999999999999998,-0.5835764902042517,2023-06-29,False,False,13.990104166666667,True
1151340,018d937e-f886-70e0-a872-4970e8bd9503,AR,2023-08-02 17:15:28,9.99,39.99,75.0,USD,61,2020-04-14,23.99,USD,AR,True,False,False,False,False,False,False,1205.0,-13.999999999999998,-0.5835764902042517,2023-08-02,False,False,14.00332175925926,True
1151340,018d937e-f886-70e0-a872-4970e8bd9503,AR,2023-10-23 17:27:11,7.99,39.99,80.0,USD,61,2020-04-14,23.99,USD,AR,True,False,False,False,False,False,False,1287.0,-15.999999999999998,-0.6669445602334305,2023-10-23,False,False,7.995115740740741,True
1151340,018d937e-f886-70e0-a872-4970e8bd9503,AR,2023-11-21 20:05:37,7.99,39.99,80.0,USD,61,2020-04-14,23.99,USD,AR,True,False,False,False,False,False,False,1316.0,-15.999999999999998,-0.6669445602334305,2023-11-21,False,False,7.003472222222222,True
1151340,018d937e-f886-70e0-a872-4970e8bd9503,AR,2023-12-21 20:28:48,7.99,39.99,80.0,USD,61,2020-04-14,23.99,USD,AR,True,False,False,False,False,False,False,1346.0,-15.999999999999998,-0.6669445602334305,2023-12-21,False,False,13.978206018518518,True
1151340,018d937e-f886-70e0-a872-4970e8bd9503,AR,2024-01-30 19:06:50,9.99,39.99,75.0,USD,61,2020-04-14,23.99,USD,AR,True,False,False,False,False,False,False,1386.0,-13.999999999999998,-0.5835764902042517,2024-01-30,False,False,12.965034722222223,True
1151340,018d937e-f886-70e0-a872-4970e8bd9503,AR,2024-03-14 17:36:49,9.99,39.99,75.0,USD,61,2020-04-14,23.99,USD,AR,True,False,False,False,False,False,False,1430.0,-13.999999999999998,-0.5835764902042517,2024-03-14,False,False,7.006423611111111,True
1151340,018d937e-f886-70e0-a872-4970e8bd9503,AR,2024-04-11 17:18:09,7.99,39.99,80.0,USD,61,2020-04-14,23.99,USD,AR,True,False,False,False,False,False,False,1458.0,-15.999999999999998,-0.6669445602334305,2024-04-11,False,False,8.000185185185185,True
1151340,018d937e-f886-70e0-a872-4970e8bd9503,AR,2024-06-27 18:23:24,9.99,39.99,75.0,USD,61,2020-04-14,23.99,USD,AR,True,False,False,False,False,False,False,1535.0,-13.999999999999998,-0.5835764902042517,2024-06-27,False,False,13.979988425925926,True
1151340,018d937e-f886-70e0-a872-4970e8bd9503,AR,2024-08-08 17:16:10,9.99,39.99,75.0,USD,61,2020-04-14,23.99,USD,AR,True,False,False,False,False,False,False,1577.0,-13.999999999999998,-0.5835764902042517,2024-08-08,False,False,12.999583333333334,True
1151340,018d937e-f886-70e0-a872-4970e8bd9503,AR,2024-10-22 17:18:27,9.99,39.99,75.0,USD,61,2020-04-14,23.99,USD,AR,True,False,False,False,False,False,False,1652.0,-13.999999999999998,-0.5835764902042517,2024-10-22,False,False,7.0001851851851855,True
1151340,018d937e-f886-70e0-a872-4970e8bd9503,AR,2024-11-27 21:34:54,9.99,39.99,75.0,USD,61,2020-04-14,23.99,USD,AR,True,False,False,False,False,False,False,1688.0,-13.999999999999998,-0.5835764902042517,2024-11-27,False,False,6.917708333333334,True
1151340,018d937e-f886-70e0-a872-4970e8bd9503,AR,2024-12-19 23:02:31,9.99,39.99,75.0,USD,61,2020-04-14,23.99,USD,AR,True,False,False,False,False,False,False,1710.0,-13.999999999999998,-0.5835764902042517,2024-12-19,False,False,13.822997685185186,True
1151340,018d937e-f886-70e0-a872-4970e8bd9503,AR,2025-03-13 18:15:03,9.99,39.99,75.0,USD,61,2020-04-14,23.99,USD,AR,True,False,False,False,False,False,False,1794.0,-13.999999999999998,-0.5835764902042517,2025-03-13,False,False,6.9826041666666665,True
1151340,018d937e-f886-70e0-a872-4970e8bd9503,AR,2025-06-26 22:23:15,9.99,39.99,75.0,USD,61,2020-04-14,23.99,USD,AR,True,False,False,False,False,False,False,1899.0,-13.999999999999998,-0.5835764902042517,2025-06-26,False,False,13.812372685185185,True
1151340,018d937e-f886-70e0-a872-4970e8bd9503,AR,2025-07-30 17:15:42,9.99,39.99,75.0,USD,61,2020-04-14,23.99,USD,AR,True,False,False,False,False,False,False,1933.0,-13.999999999999998,-0.5835764902042517,2025-07-30,False,False,14.000185185185185,True
1151340,018d937e-f886-70e0-a872-4970e8bd9503,AR,2025-09-29 20:03:30,9.99,39.99,75.0,USD,61,2020-04-14,23.99,USD,AR,True,False,False,False,False,False,False,1994.0,-13.999999999999998,-0.5835764902042517,2025-09-29,False,False,6.905555555555556,True
1151340,018d937e-f886-70e0-a872-4970e8bd9503,AR,2025-10-17 17:19:06,7.99,39.99,80.0,USD,61,2020-04-14,23.99,USD,AR,True,False,False,False,False,False,False,2012.0,-15.999999999999998,-0.6669445602334305,2025-10-17,False,False,6.999756944444444,True
1151340,018d937e-f886-70e0-a872-4970e8bd9503,AU,2020-05-14 18:09:03,41.21,54.95,25.0,AUD,61,2020-04-14,54.95,AUD,AU,True,False,False,False,False,False,False,30.0,-13.740000000000002,-0.2500454959053685,2020-05-14,False,False,6.967013888888889,True
1151340,018d937e-f886-70e0-a872-4970e8bd9503,AU,2020-06-25 18:25:58,27.47,54.95,50.0,AUD,61,2020-04-14,54.95,AUD,AU,True,False,False,False,False,False,False,72.0,-27.480000000000004,-0.500090991810737,2020-06-25,False,False,13.964641203703703,True
1151340,018d937e-f886-70e0-a872-4970e8bd9503,AU,2020-08-04 17:21:32,27.47,54.95,50.0,AUD,61,2020-04-14,54.95,AUD,AU,True,False,False,False,False,False,False,112.0,-27.480000000000004,-0.500090991810737,2020-08-04,False,False,7.0319212962962965,True
1151340,018d937e-f886-70e0-a872-4970e8bd9503,AU,2020-10-20 17:21:22,21.98,54.95,60.0,AUD,61,2020-04-14,54.95,AUD,AU,True,False,False,False,False,False,False,189.0,-32.97,-0.6000000000000001,2020-10-20,False,False,7.009710648148148,True
1151340,018d937e-f886-70e0-a872-4970e8bd9503,AU,2020-10-20 18:09:13,21.98,54.95,60.0,AUD,61,2020-04-14,54.95,AUD,AU,True,False,False,False,False,False,False,189.0,-32.97,-0.6000000000000001,2020-10-20,False,False,,False
1151340,018d937e-f886-70e0-a872-4970e8bd9503,AU,2020-10-21 18:07:21,21.98,54.95,60.0,AUD,61,2020-04-14,54.95,AUD,AU,True,False,False,False,False,False,False,190.0,-32.97,-0.6000000000000001,2020-10-21,False,False,,False
1151340,018d937e-f886-70e0-a872-4970e8bd9503,AU,2020-10-26 19:07:23,21.98,54.95,60.0,AUD,61,2020-04-14,54.95,AUD,AU,True,False,False,False,False,False,False,195.0,-32.97,-0.6000000000000001,2020-10-26,False,False,,False
1151340,018d937e-f886-70e0-a872-4970e8bd9503,AU,2020-11-25 18:23:41,18.13,54.95,67.0,AUD,61,2020-04-14,54.95,AUD,AU,True,False,False,False,False,False,False,225.0,-36.82000000000001,-0.670063694267516,2020-11-25,False,False,6.008460648148148,True
1151340,018d937e-f886-70e0-a872-4970e8bd9503,AU,2020-12-22 19:04:01,18.13,54.95,67.0,AUD,61,2020-04-14,54.95,AUD,AU,True,False,False,False,False,False,False,252.0,-36.82000000000001,-0.670063694267516,2020-12-22,False,False,13.99550925925926,True
1151340,018d937e-f886-70e0-a872-4970e8bd9503,AU,2021-02-11 18:32:35,18.13,54.95,67.0,AUD,61,2020-04-14,54.95,AUD,AU,True,False,False,False,False,False,False,303.0,-36.82000000000001,-0.670063694267516,2021-02-11,False,False,3.9966319444444443,True
1151340,018d937e-f886-70e0-a872-4970e8bd9503,AU,2021-06-10 16:18:09,18.13,54.95,67.0,AUD,61,2020-04-14,54.95,AUD,AU,True,False,False,False,False,False,False,422.0,-36.82000000000001,-0.670063694267516,2021-06-10,False,False,7.042696759259259,True
1151340,018d937e-f886-70e0-a872-4970e8bd9503,AU,2021-06-28 17:28:30,18.13,54.95,67.0,AUD,61,2020-04-14,54.95,AUD,AU,True,False,False,False,False,False,False,440.0,-36.82000000000001,-0.670063694267516,2021-06-28,False,False,10.088078703703705,True
1151340,018d937e-f886-70e0-a872-4970e8bd9503,AU,2021-08-10 17:09:21,18.13,54.95,67.0,AUD,61,2020-04-14,54.95,AUD,AU,True,False,False,False,False,False,False,483.0,-36.82000000000001,-0.670063694267516,2021-08-10,False,False,14.00667824074074,True
1151340,018d937e-f886-70e0-a872-4970e8bd9503,AU,2021-10-12 17:21:39,13.73,54.95,75.0,AUD,61,2020-04-14,54.95,AUD,AU,True,False,False,False,False,False,False,546.0,-41.22,-0.7501364877161055,2021-10-12,False,False,13.993506944444444,True
1151340,018d937e-f886-70e0-a872-4970e8bd9503,AU,2021-11-24 20:02:11,13.73,54.95,75.0,AUD,61,2020-04-14,54.95,AUD,AU,True,False,False,False,False,False,False,589.0,-41.22,-0.7501364877161055,2021-11-24,False,False,7.000405092592593,True
1151340,018d937e-f886-70e0-a872-4970e8bd9503,AU,2021-12-22 20:10:11,13.73,54.95,75.0,AUD,61,2020-04-14,54.95,AUD,AU,True,False,False,False,False,False,False,617.0,-41.22,-0.7501364877161055,2021-12-22,False,False,14.022685185185185,True
1151340,018d937e-f886-70e0-a872-4970e8bd9503,AU,2022-01-27 19:58:50,13.73,54.95,75.0,AUD,61,2020-04-14,54.95,AUD,AU,True,False,False,False,False,False,False,653.0,-41.22,-0.7501364877161055,2022-01-27,False,False,6.926770833333333,True
1151340,018d937e-f886-70e0-a872-4970e8bd9503,AU,2022-05-01 17:06:17,18.13,54.95,67.0,AUD,61,2020-04-14,54.95,AUD,AU,True,False,False,False,False,False,False,747.0,-36.82000000000001,-0.670063694267516,2022-05-01,False,False,2.0086921296296296,True
1151340,018d937e-f886-70e0-a872-4970e8bd9503,AU,2022-06-09 17:20:02,13.73,54.95,75.0,AUD,61,2020-04-14,54.95,AUD,AU,True,False,False,False,False,False,False,786.0,-41.22,-0.7501364877161055,2022-06-09,False,False,3.988599537037037,True
1151340,018d937e-f886-70e0-a872-4970e8bd9503,AU,2022-06-23 22:33:48,13.73,54.95,75.0,AUD,61,2020-04-14,54.95,AUD,AU,True,False,False,False,False,False,False,800.0,-41.22,-0.7501364877161055,2022-06-23,False,False,13.877708333333333,True
1151340,018d937e-f886-70e0-a872-4970e8bd9503,AU,2022-08-16 17:09:24,13.73,54.95,75.0,AUD,61,2020-04-14,54.95,AUD,AU,True,False,False,False,False,False,False,854.0,-41.22,-0.7501364877161055,2022-08-16,False,False,14.006608796296296,True
1151340,018d937e-f886-70e0-a872-4970e8bd9503,AU,2022-10-04 17:06:22,13.73,54.95,75.0,AUD,61,2020-04-14,54.95,AUD,AU,True,False,False,False,False,False,False,903.0,-41.22,-0.7501364877161055,2022-10-04,False,False,14.002106481481482,True
1151340,018d937e-f886-70e0-a872-4970e8bd9503,AU,2022-11-22 19:55:28,13.73,54.95,75.0,AUD,61,2020-04-14,54.95,AUD,AU,True,False,False,False,False,False,False,952.0,-41.22,-0.7501364877161055,2022-11-22,False,False,6.92912037037037,True
1151340,018d937e-f886-70e0-a872-4970e8bd9503,AU,2022-12-22 22:37:55,13.73,54.95,75.0,AUD,61,2020-04-14,54.95,AUD,AU,True,False,False,False,False,False,False,982.0,-41.22,-0.7501364877161055,2022-12-22,False,False,13.880625,True
1151340,018d937e-f886-70e0-a872-4970e8bd9503,AU,2023-01-23 18:10:46,13.73,54.95,75.0,AUD,61,2020-04-14,54.95,AUD,AU,True,False,False,False,False,False,False,1014.0,-41.22,-0.7501364877161055,2023-01-23,False,False,6.997847222222222,True
1151340,018d937e-f886-70e0-a872-4970e8bd9503,AU,2023-03-16 18:41:03,13.73,54.95,75.0,AUD,61,2020-04-14,54.95,AUD,AU,True,False,False,False,False,False,False,1066.0,-41.22,-0.7501364877161055,2023-03-16,False,False,7.047268518518519,True
1151340,018d937e-f886-70e0-a872-4970e8bd9503,AU,2023-06-29 21:41:12,13.73,54.95,75.0,AUD,61,2020-04-14,54.95,AUD,AU,True,False,False,False,False,False,False,1171.0,-41.22,-0.7501364877161055,2023-06-29,False,False,13.90144675925926,True
1151340,018d937e-f886-70e0-a872-4970e8bd9503,AU,2023-08-02 17:09:18,13.73,54.95,75.0,AUD,61,2020-04-14,54.95,AUD,AU,True,False,False,False,False,False,False,1205.0,-41.22,-0.7501364877161055,2023-08-02,False,False,13.99806712962963,True
1151340,018d937e-f886-70e0-a872-4970e8bd9503,AU,2023-10-23 17:03:55,10.99,54.95,80.0,AUD,61,2020-04-14,54.95,AUD,AU,True,False,False,False,False,False,False,1287.0,-43.96,-0.8,2023-10-23,False,False,8.01144675925926,True
1151340,018d937e-f886-70e0-a872-4970e8bd9503,AU,2023-11-21 20:09:11,10.99,54.95,80.0,AUD,61,2020-04-14,54.95,AUD,AU,True,False,False,False,False,False,False,1316.0,-43.96,-0.8,2023-11-21,False,False,7.0053125,True
1151340,018d937e-f886-70e0-a872-4970e8bd9503,AU,2023-12-21 20:29:34,10.99,54.95,80.0,AUD,61,2020-04-14,54.95,AUD,AU,True,False,False,False,False,False,False,1346.0,-43.96,-0.8,2023-12-21,False,False,13.984733796296297,True
1151340,018d937e-f886-70e0-a872-4970e8bd9503,AU,2024-01-30 19:06:51,13.73,54.95,75.0,AUD,61,2020-04-14,54.95,AUD,AU,True,False,False,False,False,False,False,1386.0,-41.22,-0.7501364877161055,2024-01-30,False,False,12.966666666666667,True
1151340,018d937e-f886-70e0-a872-4970e8bd9503,AU,2024-03-14 17:43:10,13.73,54.95,75.0,AUD,61,2020-04-14,54.95,AUD,AU,True,False,False,False,False,False,False,1430.0,-41.22,-0.7501364877161055,2024-03-14,False,False,7.001828703703704,True
1151340,018d937e-f886-70e0-a872-4970e8bd9503,AU,2024-04-11 17:18:32,10.99,54.95,80.0,AUD,61,2020-04-14,54.95,AUD,AU,True,False,False,False,False,False,False,1458.0,-43.96,-0.8,2024-04-11,False,False,7.999803240740741,True
1151340,018d937e-f886-70e0-a872-4970e8bd9503,AU,2024-06-27 18:23:22,13.73,54.95,75.0,AUD,61,2020-04-14,54.95,AUD,AU,True,False,False,False,False,False,False,1535.0,-41.22,-0.7501364877161055,2024-06-27,False,False,13.976238425925926,True
1151340,018d937e-f886-70e0-a872-4970e8bd9503,AU,2024-08-08 17:18:46,13.73,54.95,75.0,AUD,61,2020-04-14,54.95,AUD,AU,True,False,False,False,False,False,False,1577.0,-41.22,-0.7501364877161055,2024-08-08,False,False,12.997928240740741,True
1151340,018d937e-f886-70e0-a872-4970e8bd9503,AU,2024-10-22 17:15:48,13.73,54.95,75.0,AUD,61,2020-04-14,54.95,AUD,AU,True,False,False,False,False,False,False,1652.0,-41.22,-0.7501364877161055,2024-10-22,False,False,7.002025462962963,True
1151340,018d937e-f886-70e0-a872-4970e8bd9503,AU,2024-11-27 21:59:53,13.73,54.95,75.0,AUD,61,2020-04-14,54.95,AUD,AU,True,False,False,False,False,False,False,1688.0,-41.22,-0.7501364877161055,2024-11-27,False,False,6.900173611111111,True
1151340,018d937e-f886-70e0-a872-4970e8bd9503,AU,2024-12-19 23:02:45,13.73,54.95,75.0,AUD,61,2020-04-14,54.95,AUD,AU,True,False,False,False,False,False,False,1710.0,-41.22,-0.7501364877161055,2024-12-19,False,False,13.822835648148148,True
1151340,018d937e-f886-70e0-a872-4970e8bd9503,AU,2025-03-13 22:50:07,13.73,54.95,75.0,AUD,61,2020-04-14,54.95,AUD,AU,True,False,False,False,False,False,False,1794.0,-41.22,-0.7501364877161055,2025-03-13,False,False,6.791782407407408,True
1151340,018d937e-f886-70e0-a872-4970e8bd9503,AU,2025-06-26 22:25:11,13.73,54.95,75.0,AUD,61,2020-04-14,54.95,AUD,AU,True,False,False,False,False,False,False,1899.0,-41.22,-0.7501364877161055,2025-06-26,False,False,13.80773148148148,True
1151340,018d937e-f886-70e0-a872-4970e8bd9503,AU,2025-07-30 17:15:56,13.73,54.95,75.0,AUD,61,2020-04-14,54.95,AUD,AU,True,False,False,False,False,False,False,1933.0,-41.22,-0.7501364877161055,2025-07-30,False,False,14.000011574074074,True
1151340,018d937e-f886-70e0-a872-4970e8bd9503,AU,2025-09-29 19:59:57,13.73,54.95,75.0,AUD,61,2020-04-14,54.95,AUD,AU,True,False,False,False,False,False,False,1994.0,-41.22,-0.7501364877161055,2025-09-29,False,False,6.908032407407408,True
1151340,018d937e-f886-70e0-a872-4970e8bd9503,AU,2025-10-17 17:15:54,10.99,54.95,80.0,AUD,61,2020-04-14,54.95,AUD,AU,True,False,False,False,False,False,False,2012.0,-43.96,-0.8,2025-10-17,False,False,7.002118055555556,True
1151340,018d937e-f886-70e0-a872-4970e8bd9503,BR,2020-05-14 18:08:52,116.25,155.0,25.0,BRL,61,2020-04-14,155.0,BRL,BR,True,False,False,False,False,False,False,30.0,-38.75,-0.25,2020-05-14,False,False,6.9671412037037035,True
1151340,018d937e-f886-70e0-a872-4970e8bd9503,BR,2020-06-25 18:31:39,77.5,155.0,50.0,BRL,61,2020-04-14,155.0,BRL,BR,True,False,False,False,False,False,False,72.0,-77.5,-0.5,2020-06-25,False,False,13.954502314814814,True
1151340,018d937e-f886-70e0-a872-4970e8bd9503,BR,2020-08-04 17:21:39,77.5,155.0,50.0,BRL,61,2020-04-14,155.0,BRL,BR,True,False,False,False,False,False,False,112.0,-77.5,-0.5,2020-08-04,False,False,7.031724537037037,True
1151340,018d937e-f886-70e0-a872-4970e8bd9503,BR,2020-10-20 18:09:00,62.0,155.0,60.0,BRL,61,2020-04-14,155.0,BRL,BR,True,False,False,False,False,False,False,189.0,-93.0,-0.6,2020-10-20,False,False,6.976574074074074,True
1151340,018d937e-f886-70e0-a872-4970e8bd9503,BR,2020-10-23 18:07:30,62.0,155.0,60.0,BRL,61,2020-04-14,155.0,BRL,BR,True,False,False,False,False,False,False,192.0,-93.0,-0.6,2020-10-23,False,False,,False
1151340,018d937e-f886-70e0-a872-4970e8bd9503,BR,2020-10-26 19:07:44,62.0,155.0,60.0,BRL,61,2020-04-14,155.0,BRL,BR,True,False,False,False,False,False,False,195.0,-93.0,-0.6,2020-10-26,False,False,,False
1151340,018d937e-f886-70e0-a872-4970e8bd9503,BR,2020-11-25 18:27:04,51.15,155.0,67.0,BRL,61,2020-04-14,155.0,BRL,BR,True,False,False,False,False,False,False,225.0,-103.85,-0.6699999999999999,2020-11-25,False,False,6.007199074074074,True
1151340,018d937e-f886-70e0-a872-4970e8bd9503,BR,2020-12-22 18:56:43,51.15,155.0,67.0,BRL,61,2020-04-14,155.0,BRL,BR,True,False,False,False,False,False,False,252.0,-103.85,-0.6699999999999999,2020-12-22,False,False,13.999247685185185,True
1151340,018d937e-f886-70e0-a872-4970e8bd9503,BR,2021-02-11 18:25:19,51.15,155.0,67.0,BRL,61,2020-04-14,155.0,BRL,BR,True,False,False,False,False,False,False,303.0,-103.85,-0.6699999999999999,2021-02-11,False,False,4.000439814814815,True
1151340,018d937e-f886-70e0-a872-4970e8bd9503,BR,2021-06-10 16:18:10,51.15,155.0,67.0,BRL,61,2020-04-14,155.0,BRL,BR,True,False,False,False,False,False,False,422.0,-103.85,-0.6699999999999999,2021-06-10,False,False,7.042685185185185,True
1151340,018d937e-f886-70e0-a872-4970e8bd9503,BR,2021-06-28 17:37:14,51.15,155.0,67.0,BRL,61,2020-04-14,155.0,BRL,BR,True,False,False,False,False,False,False,440.0,-103.85,-0.6699999999999999,2021-06-28,False,False,10.085717592592593,True
1151340,018d937e-f886-70e0-a872-4970e8bd9503,BR,2021-08-10 17:12:27,51.15,155.0,67.0,BRL,61,2020-04-14,155.0,BRL,BR,True,False,False,False,False,False,False,483.0,-103.85,-0.6699999999999999,2021-08-10,False,False,13.997835648148149,True
1151340,018d937e-f886-70e0-a872-4970e8bd9503,BR,2021-10-12 17:15:36,38.75,155.0,75.0,BRL,61,2020-04-14,155.0,BRL,BR,True,False,False,False,False,False,False,546.0,-116.25,-0.75,2021-10-12,False,False,14.002037037037036,True
1151340,018d937e-f886-70e0-a872-4970e8bd9503,BR,2021-11-24 20:04:28,38.75,155.0,75.0,BRL,61,2020-04-14,155.0,BRL,BR,True,False,False,False,False,False,False,589.0,-116.25,-0.75,2021-11-24,False,False,7.005358796296297,True
1151340,018d937e-f886-70e0-a872-4970e8bd9503,BR,2021-12-22 20:16:33,38.75,155.0,75.0,BRL,61,2020-04-14,155.0,BRL,BR,True,False,False,False,False,False,False,617.0,-116.25,-0.75,2021-12-22,False,False,14.016597222222222,True
1151340,018d937e-f886-70e0-a872-4970e8bd9503,BR,2022-01-27 20:02:59,38.75,155.0,75.0,BRL,61,2020-04-14,155.0,BRL,BR,True,False,False,False,False,False,False,653.0,-116.25,-0.75,2022-01-27,False,False,7.004745370370371,True
1151340,018d937e-f886-70e0-a872-4970e8bd9503,BR,2022-05-01 17:18:33,51.15,155.0,67.0,BRL,61,2020-04-14,155.0,BRL,BR,True,False,False,False,False,False,False,747.0,-103.85,-0.6699999999999999,2022-05-01,False,False,1.99625,True
1151340,018d937e-f886-70e0-a872-4970e8bd9503,BR,2022-06-09 17:19:11,38.75,155.0,75.0,BRL,61,2020-04-14,155.0,BRL,BR,True,False,False,False,False,False,False,786.0,-116.25,-0.75,2022-06-09,False,False,3.999675925925926,True
1151340,018d937e-f886-70e0-a872-4970e8bd9503,BR,2022-06-23 19:47:15,38.75,155.0,75.0,BRL,61,2020-04-14,155.0,BRL,BR,True,False,False,False,False,False,False,800.0,-116.25,-0.75,2022-06-23,False,False,13.995497685185185,True
1151340,018d937e-f886-70e0-a872-4970e8bd9503,BR,2022-08-16 17:19:01,38.75,155.0,75.0,BRL,61,2020-04-14,155.0,BRL,BR,True,False,False,False,False,False,False,854.0,-116.25,-0.75,2022-08-16,False,False,13.99113425925926,True
1151340,018d937e-f886-70e0-a872-4970e8bd9503,BR,2022-10-04 17:12:18,38.75,155.0,75.0,BRL,61,2020-04-14,155.0,BRL,BR,True,False,False,False,False,False,False,903.0,-116.25,-0.75,2022-10-04,False,False,14.005393518518519,True
1151340,018d937e-f886-70e0-a872-4970e8bd9503,BR,2022-11-22 22:19:15,38.75,155.0,75.0,BRL,61,2020-04-14,155.0,BRL,BR,True,False,False,False,False,False,False,952.0,-116.25,-0.75,2022-11-22,False,False,6.916944444444445,True
1151340,018d937e-f886-70e0-a872-4970e8bd9503,BR,2022-12-22 22:35:17,38.75,155.0,75.0,BRL,61,2020-04-14,155.0,BRL,BR,True,False,False,False,False,False,False,982.0,-116.25,-0.75,2022-12-22,False,False,13.986863425925925,True
1151340,018d937e-f886-70e0-a872-4970e8bd9503,BR,2023-01-23 18:04:00,38.75,155.0,75.0,BRL,61,2020-04-14,155.0,BRL,BR,True,False,False,False,False,False,False,1014.0,-116.25,-0.75,2023-01-23,False,False,7.0025,True
1151340,018d937e-f886-70e0-a872-4970e8bd9503,BR,2023-03-16 18:41:04,38.75,155.0,75.0,BRL,61,2020-04-14,155.0,BRL,BR,True,False,False,False,False,False,False,1066.0,-116.25,-0.75,2023-03-16,False,False,7.048333333333333,True
1151340,018d937e-f886-70e0-a872-4970e8bd9503,BR,2023-06-29 19:38:17,38.75,155.0,75.0,BRL,61,2020-04-14,155.0,BRL,BR,True,False,False,False,False,False,False,1171.0,-116.25,-0.75,2023-06-29,False,False,13.988981481481481,True
1151340,018d937e-f886-70e0-a872-4970e8bd9503,BR,2023-08-02 17:19:10,38.75,155.0,75.0,BRL,61,2020-04-14,155.0,BRL,BR,True,False,False,False,False,False,False,1205.0,-116.25,-0.75,2023-08-02,False,False,14.000833333333333,True
1151340,018d937e-f886-70e0-a872-4970e8bd9503,BR,2023-10-23 17:19:59,31.0,155.0,80.0,BRL,61,2020-04-14,155.0,BRL,BR,True,False,False,False,False,False,False,1287.0,-124.0,-0.8,2023-10-23,False,False,8.000486111111112,True
1151340,018d937e-f886-70e0-a872-4970e8bd9503,BR,2023-11-21 20:10:05,31.0,155.0,80.0,BRL,61,2020-04-14,155.0,BRL,BR,True,False,False,False,False,False,False,1316.0,-124.0,-0.8,2023-11-21,False,False,7.001967592592592,True
1151340,018d937e-f886-70e0-a872-4970e8bd9503,BR,2023-12-21 20:28:04,31.0,155.0,80.0,BRL,61,2020-04-14,155.0,BRL,BR,True,False,False,False,False,False,False,1346.0,-124.0,-0.8,2023-12-21,False,False,13.978807870370371,True
1151340,018d937e-f886-70e0-a872-4970e8bd9503,BR,2024-01-30 19:06:40,38.75,155.0,75.0,BRL,61,2020-04-14,155.0,BRL,BR,True,False,False,False,False,False,False,1386.0,-116.25,-0.75,2024-01-30,False,False,12.96511574074074,True
1151340,018d937e-f886-70e0-a872-4970e8bd9503,BR,2024-03-14 17:43:18,38.75,155.0,75.0,BRL,61,2020-04-14,155.0,BRL,BR,True,False,False,False,False,False,False,1430.0,-116.25,-0.75,2024-03-14,False,False,7.001944444444445,True
1151340,018d937e-f886-70e0-a872-4970e8bd9503,BR,2024-04-11 17:18:22,31.0,155.0,80.0,BRL,61,2020-04-14,155.0,BRL,BR,True,False,False,False,False,False,False,1458.0,-124.0,-0.8,2024-04-11,False,False,8.000046296296297,True
1151340,018d937e-f886-70e0-a872-4970e8bd9503,BR,2024-06-27 18:23:28,38.75,155.0,75.0,BRL,61,2020-04-14,155.0,BRL,BR,True,False,False,False,False,False,False,1535.0,-116.25,-0.75,2024-06-27,False,False,13.976157407407408,True
1151340,018d937e-f886-70e0-a872-4970e8bd9503,BR,2024-08-08 17:16:10,38.75,155.0,75.0,BRL,61,2020-04-14,155.0,BRL,BR,True,False,False,False,False,False,False,1577.0,-116.25,-0.75,2024-08-08,False,False,12.99957175925926,True
1151340,018d937e-f886-70e0-a872-4970e8bd9503,BR,2024-10-22 17:16:06,38.75,155.0,75.0,BRL,61,2020-04-14,155.0,BRL,BR,True,False,False,False,False,False,False,1652.0,-116.25,-0.75,2024-10-22,False,False,7.002037037037037,True
1151340,018d937e-f886-70e0-a872-4970e8bd9503,BR,2024-11-27 21:43:21,38.75,155.0,75.0,BRL,61,2020-04-14,155.0,BRL,BR,True,False,False,False,False,False,False,1688.0,-116.25,-0.75,2024-11-27,False,False,6.915196759259259,True
1151340,018d937e-f886-70e0-a872-4970e8bd9503,BR,2024-12-19 20:29:55,38.75,155.0,75.0,BRL,61,2020-04-14,155.0,BRL,BR,True,False,False,False,False,False,False,1710.0,-116.25,-0.75,2024-12-19,False,False,13.932800925925926,True
1151340,018d937e-f886-70e0-a872-4970e8bd9503,BR,2025-03-13 18:20:30,38.75,155.0,75.0,BRL,61,2020-04-14,155.0,BRL,BR,True,False,False,False,False,False,False,1794.0,-116.25,-0.75,2025-03-13,False,False,6.977037037037037,True
1151340,018d937e-f886-70e0-a872-4970e8bd9503,BR,2025-06-26 22:25:40,38.75,155.0,75.0,BRL,61,2020-04-14,155.0,BRL,BR,True,False,False,False,False,False,False,1899.0,-116.25,-0.75,2025-06-26,False,False,13.807488425925927,True
1151340,018d937e-f886-70e0-a872-4970e8bd9503,BR,2025-07-30 17:18:53,38.75,155.0,75.0,BRL,61,2020-04-14,155.0,BRL,BR,True,False,False,False,False,False,False,1933.0,-116.25,-0.75,2025-07-30,False,False,13.997627314814816,True
1151340,018d937e-f886-70e0-a872-4970e8bd9503,BR,2025-09-29 20:03:45,38.75,155.0,75.0,BRL,61,2020-04-14,155.0,BRL,BR,True,False,False,False,False,False,False,1994.0,-116.25,-0.75,2025-09-29,False,False,6.90568287037037,True
1151340,018d937e-f886-70e0-a872-4970e8bd9503,BR,2025-10-17 17:18:38,31.0,155.0,80.0,BRL,61,2020-04-14,155.0,BRL,BR,True,False,False,False,False,False,False,2012.0,-124.0,-0.8,2025-10-17,False,False,7.000219907407407,True
1151340,018d937e-f886-70e0-a872-4970e8bd9503,CA,2020-05-14 18:08:51,41.24,54.99,25.0,CAD,61,2020-04-14,54.99,CAD,CA,True,False,False,False,False,False,False,30.0,-13.75,-0.25004546281142026,2020-05-14,False,False,6.967060185185185,True
1151340,018d937e-f886-70e0-a872-4970e8bd9503,CA,2020-06-25 18:28:25,27.49,54.99,50.0,CAD,61,2020-04-14,54.99,CAD,CA,True,False,False,False,False,False,False,72.0,-27.500000000000004,-0.5000909256228405,2020-06-25,False,False,13.958518518518519,True
1151340,018d937e-f886-70e0-a872-4970e8bd9503,CA,2020-08-04 17:21:25,27.49,54.99,50.0,CAD,61,2020-04-14,54.99,CAD,CA,True,False,False,False,False,False,False,112.0,-27.500000000000004,-0.5000909256228405,2020-08-04,False,False,84.00967592592593,True
1151340,018d937e-f886-70e0-a872-4970e8bd9503,CA,2020-10-20 18:09:16,21.99,54.99,60.0,CAD,61,2020-04-14,54.99,CAD,CA,True,False,False,False,False,False,False,189.0,-33.0,-0.6001091107474086,2020-10-20,False,False,,False
1151340,018d937e-f886-70e0-a872-4970e8bd9503,CA,2020-10-21 18:07:26,21.99,54.99,60.0,CAD,61,2020-04-14,54.99,CAD,CA,True,False,False,False,False,False,False,190.0,-33.0,-0.6001091107474086,2020-10-21,False,False,,False
1151340,018d937e-f886-70e0-a872-4970e8bd9503,CA,2020-10-26 19:07:44,21.99,54.99,60.0,CAD,61,2020-04-14,54.99,CAD,CA,True,False,False,False,False,False,False,195.0,-33.0,-0.6001091107474086,2020-10-26,False,False,,False
1151340,018d937e-f886-70e0-a872-4970e8bd9503,CA,2020-11-25 18:34:03,18.14,54.99,67.0,CAD,61,2020-04-14,54.99,CAD,CA,True,False,False,False,False,False,False,225.0,-36.85,-0.6701218403346063,2020-11-25,False,False,6.002037037037037,True
1151340,018d937e-f886-70e0-a872-4970e8bd9503,CA,2020-12-22 18:57:32,18.14,54.99,67.0,CAD,61,2020-04-14,54.99,CAD,CA,True,False,False,False,False,False,False,252.0,-36.85,-0.6701218403346063,2020-12-22,False,False,13.999849537037036,True
1151340,018d937e-f886-70e0-a872-4970e8bd9503,CA,2021-02-11 18:35:55,18.14,54.99,67.0,CAD,61,2020-04-14,54.99,CAD,CA,True,False,False,False,False,False,False,303.0,-36.85,-0.6701218403346063,2021-02-11,False,False,3.992824074074074,True
1151340,018d937e-f886-70e0-a872-4970e8bd9503,CA,2021-06-10 16:18:10,18.14,54.99,67.0,CAD,61,2020-04-14,54.99,CAD,CA,True,False,False,False,False,False,False,422.0,-36.85,-0.6701218403346063,2021-06-10,False,False,7.045393518518519,True
1151340,018d937e-f886-70e0-a872-4970e8bd9503,CA,2021-06-28 17:37:22,18.14,54.99,67.0,CAD,61,2020-04-14,54.99,CAD,CA,True,False,False,False,False,False,False,440.0,-36.85,-0.6701218403346063,2021-06-28,False,False,10.084791666666666,True
1151340,018d937e-f886-70e0-a872-4970e8bd9503,CA,2021-08-10 17:18:53,18.14,54.99,67.0,CAD,61,2020-04-14,54.99,CAD,CA,True,False,False,False,False,False,False,483.0,-36.85,-0.6701218403346063,2021-08-10,False,False,13.997627314814816,True
1151340,018d937e-f886-70e0-a872-4970e8bd9503,CA,2021-10-12 17:21:38,13.74,54.99,75.0,CAD,61,2020-04-14,54.99,CAD,CA,True,False,False,False,False,False,False,546.0,-41.25,-0.7501363884342608,2021-10-12,False,False,50.116851851851855,True
1151340,018d937e-f886-70e0-a872-4970e8bd9503,CA,2021-12-22 20:27:34,13.74,54.99,75.0,CAD,61,2020-04-14,54.99,CAD,CA,True,False,False,False,False,False,False,617.0,-41.25,-0.7501363884342608,2021-12-22,False,False,14.012233796296297,True
1151340,018d937e-f886-70e0-a872-4970e8bd9503,CA,2022-01-27 20:04:02,13.74,54.99,75.0,CAD,61,2020-04-14,54.99,CAD,CA,True,False,False,False,False,False,False,653.0,-41.25,-0.7501363884342608,2022-01-27,False,False,7.002662037037037,True
1151340,018d937e-f886-70e0-a872-4970e8bd9503,CA,2022-05-01 17:18:38,18.14,54.99,67.0,CAD,61,2020-04-14,54.99,CAD,CA,True,False,False,False,False,False,False,747.0,-36.85,-0.6701218403346063,2022-05-01,False,False,1.9892592592592593,True
1151340,018d937e-f886-70e0-a872-4970e8bd9503,CA,2022-06-09 17:03:18,13.74,54.99,75.0,CAD,61,2020-04-14,54.99,CAD,CA,True,False,False,False,False,False,False,786.0,-41.25,-0.7501363884342608,2022-06-09,False,False,4.026886574074074,True
1151340,018d937e-f886-70e0-a872-4970e8bd9503,CA,2022-06-23 19:41:34,13.74,54.99,75.0,CAD,61,2020-04-14,54.99,CAD,CA,True,False,False,False,False,False,False,800.0,-41.25,-0.7501363884342608,2022-06-23,False,False,13.893761574074073,True
1151340,018d937e-f886-70e0-a872-4970e8bd9503,CA,2022-08-16 17:19:00,13.74,54.99,75.0,CAD,61,2020-04-14,54.99,CAD,CA,True,False,False,False,False,False,False,854.0,-41.25,-0.7501363884342608,2022-08-16,False,False,13.995405092592593,True
1151340,018d937e-f886-70e0-a872-4970e8bd9503,CA,2022-10-04 17:04:07,13.74,54.99,75.0,CAD,61,2020-04-14,54.99,CAD,CA,True,False,False,False,False,False,False,903.0,-41.25,-0.7501363884342608,2022-10-04,False,False,14.011122685185185,True
1151340,018d937e-f886-70e0-a872-4970e8bd9503,CA,2022-11-22 19:50:41,13.74,54.99,75.0,CAD,61,2020-04-14,54.99,CAD,CA,True,False,False,False,False,False,False,952.0,-41.25,-0.7501363884342608,2022-11-22,False,False,7.02193287037037,True
1151340,018d937e-f886-70e0-a872-4970e8bd9503,CA,2022-12-22 20:17:47,13.74,54.99,75.0,CAD,61,2020-04-14,54.99,CAD,CA,True,False,False,False,False,False,False,982.0,-41.25,-0.7501363884342608,2022-12-22,False,False,14.077962962962962,True
1151340,018d937e-f886-70e0-a872-4970e8bd9503,CA,2023-01-23 18:44:29,13.74,54.99,75.0,CAD,61,2020-04-14,54.99,CAD,CA,True,False,False,False,False,False,False,1014.0,-41.25,-0.7501363884342608,2023-01-23,False,False,6.990821759259259,True
1151340,018d937e-f886-70e0-a872-4970e8bd9503,CA,2023-03-16 18:41:03,13.74,54.99,75.0,CAD,61,2020-04-14,54.99,CAD,CA,True,False,False,False,False,False,False,1066.0,-41.25,-0.7501363884342608,2023-03-16,False,False,7.048668981481481,True
1151340,018d937e-f886-70e0-a872-4970e8bd9503,CA,2023-06-29 19:47:18,13.74,54.99,75.0,CAD,61,2020-04-14,54.99,CAD,CA,True,False,False,False,False,False,False,1171.0,-41.25,-0.7501363884342608,2023-06-29,False,False,13.982337962962964,True
1151340,018d937e-f886-70e0-a872-4970e8bd9503,CA,2023-08-02 17:19:17,13.74,54.99,75.0,CAD,61,2020-04-14,54.99,CAD,CA,True,False,False,False,False,False,False,1205.0,-41.25,-0.7501363884342608,2023-08-02,False,False,13.989282407407407,True
1151340,018d937e-f886-70e0-a872-4970e8bd9503,CA,2023-10-23 17:21:21,10.99,54.99,80.0,CAD,61,2020-04-14,54.99,CAD,CA,True,False,False,False,False,False,False,1287.0,-44.0,-0.8001454809965448,2023-10-23,False,False,7.999178240740741,True
1151340,018d937e-f886-70e0-a872-4970e8bd9503,CA,2023-11-21 20:11:14,10.99,54.99,80.0,CAD,61,2020-04-14,54.99,CAD,CA,True,False,False,False,False,False,False,1316.0,-44.0,-0.8001454809965448,2023-11-21,False,False,7.001342592592593,True
1151340,018d937e-f886-70e0-a872-4970e8bd9503,CA,2023-12-21 20:25:40,10.99,54.99,80.0,CAD,61,2020-04-14,54.99,CAD,CA,True,False,False,False,False,False,False,1346.0,-44.0,-0.8001454809965448,2023-12-21,False,False,13.982511574074074,True
1151340,018d937e-f886-70e0-a872-4970e8bd9503,CA,2024-01-30 19:06:51,13.74,54.99,75.0,CAD,61,2020-04-14,54.99,CAD,CA,True,False,False,False,False,False,False,1386.0,-41.25,-0.7501363884342608,2024-01-30,False,False,12.966643518518518,True
1151340,018d937e-f886-70e0-a872-4970e8bd9503,CA,2024-03-14 17:43:29,13.74,54.99,75.0,CAD,61,2020-04-14,54.99,CAD,CA,True,False,False,False,False,False,False,1430.0,-41.25,-0.7501363884342608,2024-03-14,False,False,7.001643518518518,True
1151340,018d937e-f886-70e0-a872-4970e8bd9503,CA,2024-04-11 17:18:08,10.99,54.99,80.0,CAD,61,2020-04-14,54.99,CAD,CA,True,False,False,False,False,False,False,1458.0,-44.0,-0.8001454809965448,2024-04-11,False,False,8.000162037037038,True
1151340,018d937e-f886-70e0-a872-4970e8bd9503,CA,2024-06-27 18:23:21,13.74,54.99,75.0,CAD,61,2020-04-14,54.99,CAD,CA,True,False,False,False,False,False,False,1535.0,-41.25,-0.7501363884342608,2024-06-27,False,False,13.97988425925926,True
1151340,018d937e-f886-70e0-a872-4970e8bd9503,CA,2024-08-08 17:16:10,13.74,54.99,75.0,CAD,61,2020-04-14,54.99,CAD,CA,True,False,False,False,False,False,False,1577.0,-41.25,-0.7501363884342608,2024-08-08,False,False,13.00170138888889,True
1151340,018d937e-f886-70e0-a872-4970e8bd9503,CA,2024-10-22 17:15:38,13.74,54.99,75.0,CAD,61,2020-04-14,54.99,CAD,CA,True,False,False,False,False,False,False,1652.0,-41.25,-0.7501363884342608,2024-10-22,False,False,7.002337962962963,True
1151340,018d937e-f886-70e0-a872-4970e8bd9503,CA,2024-11-27 21:34:48,13.74,54.99,75.0,CAD,61,2020-04-14,54.99,CAD,CA,True,False,False,False,False,False,False,1688.0,-41.25,-0.7501363884342608,2024-11-27,False,False,6.91761574074074,True
1151340,018d937e-f886-70e0-a872-4970e8bd9503,CA,2024-12-19 20:30:15,13.74,54.99,75.0,CAD,61,2020-04-14,54.99,CAD,CA,True,False,False,False,False,False,False,1710.0,-41.25,-0.7501363884342608,2024-12-19,False,False,13.93269675925926,True
1151340,018d937e-f886-70e0-a872-4970e8bd9503,CA,2025-03-13 18:20:16,13.74,54.99,75.0,CAD,61,2020-04-14,54.99,CAD,CA,True,False,False,False,False,False,False,1794.0,-41.25,-0.7501363884342608,2025-03-13,False,False,6.978958333333333,True
1151340,018d937e-f886-70e0-a872-4970e8bd9503,CA,2025-06-26 22:21:44,13.74,54.99,75.0,CAD,61,2020-04-14,54.99,CAD,CA,True,False,False,False,False,False,False,1899.0,-41.25,-0.7501363884342608,2025-06-26,False,False,13.810208333333334,True
1151340,018d937e-f886-70e0-a872-4970e8bd9503,CA,2025-07-30 17:15:52,13.74,54.99,75.0,CAD,61,2020-04-14,54.99,CAD,CA,True,False,False,False,False,False,False,1933.0,-41.25,-0.7501363884342608,2025-07-30,False,False,13.999988425925926,True
1151340,018d937e-f886-70e0-a872-4970e8bd9503,CA,2025-09-29 20:03:47,13.74,54.99,75.0,CAD,61,2020-04-14,54.99,CAD,CA,True,False,False,False,False,False,False,1994.0,-41.25,-0.7501363884342608,2025-09-29,False,False,6.905601851851852,True
1151340,018d937e-f886-70e0-a872-4970e8bd9503,CA,2025-10-17 17:15:52,10.99,54.99,80.0,CAD,61,2020-04-14,54.99,CAD,CA,True,False,False,False,False,False,False,2012.0,-44.0,-0.8001454809965448,2025-10-17,False,False,7.0004282407407405,True
1151340,018d937e-f886-70e0-a872-4970e8bd9503,CN,2020-05-14 17:31:01,96.0,129.0,26.0,CNY,61,2020-04-14,165.0,CNY,CN,True,False,False,False,False,False,False,30.0,-69.0,-0.4181818181818182,2020-05-14,False,False,6.9934375,True
1151340,018d937e-f886-70e0-a872-4970e8bd9503,CN,2020-05-16 18:00:15,96.0,129.0,26.0,CNY,61,2020-04-14,165.0,CNY,CN,True,False,False,False,False,False,False,32.0,-69.0,-0.4181818181818182,2020-05-16,False,False,,False
1151340,018d937e-f886-70e0-a872-4970e8bd9503,CN,2020-05-18 18:00:20,96.0,129.0,26.0,CNY,61,2020-04-14,165.0,CNY,CN,True,False,False,False,False,False,False,34.0,-69.0,-0.4181818181818182,2020-05-18,False,False,,False
1151340,018d937e-f886-70e0-a872-4970e8bd9503,CN,2020-06-25 18:03:58,64.0,129.0,50.0,CNY,61,2020-04-14,165.0,CNY,CN,True,False,False,False,False,False,False,72.0,-101.0,-0.6121212121212121,2020-06-25,False,False,13.978912037037038,True
1151340,018d937e-f886-70e0-a872-4970e8bd9503,CN,2020-08-04 17:21:34,64.0,129.0,50.0,CNY,61,2020-04-14,165.0,CNY,CN,True,False,False,False,False,False,False,112.0,-101.0,-0.6121212121212121,2020-08-04,False,False,7.031793981481481,True
1151340,018d937e-f886-70e0-a872-4970e8bd9503,CN,2020-10-20 17:21:13,51.0,129.0,60.0,CNY,61,2020-04-14,165.0,CNY,CN,True,False,False,False,False,False,False,189.0,-114.0,-0.6909090909090909,2020-10-20,False,False,7.009791666666667,True
1151340,018d937e-f886-70e0-a872-4970e8bd9503,CN,2020-10-20 18:09:14,51.0,129.0,60.0,CNY,61,2020-04-14,165.0,CNY,CN,True,False,False,False,False,False,False,189.0,-114.0,-0.6909090909090909,2020-10-20,False,False,,False
1151340,018d937e-f886-70e0-a872-4970e8bd9503,CN,2020-10-26 19:07:16,51.0,129.0,60.0,CNY,61,2020-04-14,165.0,CNY,CN,True,False,False,False,False,False,False,195.0,-114.0,-0.6909090909090909,2020-10-26,False,False,,False
1151340,018d937e-f886-70e0-a872-4970e8bd9503,CN,2020-11-25 18:22:27,42.0,129.0,67.0,CNY,61,2020-04-14,165.0,CNY,CN,True,False,False,False,False,False,False,225.0,-123.0,-0.7454545454545455,2020-11-25,False,False,6.009108796296296,True
1151340,018d937e-f886-70e0-a872-4970e8bd9503,CN,2020-12-22 19:03:54,42.0,129.0,67.0,CNY,61,2020-04-14,165.0,CNY,CN,True,False,False,False,False,False,False,252.0,-123.0,-0.7454545454545455,2020-12-22,False,False,13.990590277777779,True
1151340,018d937e-f886-70e0-a872-4970e8bd9503,CN,2021-02-11 18:57:29,42.0,129.0,67.0,CNY,61,2020-04-14,165.0,CNY,CN,True,False,False,False,False,False,False,303.0,-123.0,-0.7454545454545455,2021-02-11,False,False,3.9783333333333335,True
1151340,018d937e-f886-70e0-a872-4970e8bd9503,CN,2021-06-10 16:18:11,42.0,129.0,67.0,CNY,61,2020-04-14,165.0,CNY,CN,True,False,False,False,False,False,False,422.0,-123.0,-0.7454545454545455,2021-06-10,False,False,7.045358796296297,True
1151340,018d937e-f886-70e0-a872-4970e8bd9503,CN,2021-06-28 17:28:24,42.0,129.0,67.0,CNY,61,2020-04-14,165.0,CNY,CN,True,False,False,False,False,False,False,440.0,-123.0,-0.7454545454545455,2021-06-28,False,False,10.088136574074074,True
1151340,018d937e-f886-70e0-a872-4970e8bd9503,CN,2021-08-10 17:18:32,42.0,129.0,67.0,CNY,61,2020-04-14,165.0,CNY,CN,True,False,False,False,False,False,False,483.0,-123.0,-0.7454545454545455,2021-08-10,False,False,13.993611111111111,True
1151340,018d937e-f886-70e0-a872-4970e8bd9503,CN,2021-10-12 17:21:32,32.25,129.0,75.0,CNY,61,2020-04-14,165.0,CNY,CN,True,False,False,False,False,False,False,546.0,-132.75,-0.8045454545454546,2021-10-12,False,False,13.987280092592593,True
1151340,018d937e-f886-70e0-a872-4970e8bd9503,CN,2021-11-24 21:08:28,32.25,129.0,75.0,CNY,61,2020-04-14,165.0,CNY,CN,True,False,False,False,False,False,False,589.0,-132.75,-0.8045454545454546,2021-11-24,False,False,6.953854166666667,True
1151340,018d937e-f886-70e0-a872-4970e8bd9503,CN,2021-12-22 23:06:21,32.25,129.0,75.0,CNY,61,2020-04-14,165.0,CNY,CN,True,False,False,False,False,False,False,617.0,-132.75,-0.8045454545454546,2021-12-22,False,False,13.903460648148148,True
1151340,018d937e-f886-70e0-a872-4970e8bd9503,CN,2022-01-27 19:59:34,32.25,129.0,75.0,CNY,61,2020-04-14,165.0,CNY,CN,True,False,False,False,False,False,False,653.0,-132.75,-0.8045454545454546,2022-01-27,False,False,7.004756944444445,True
1151340,018d937e-f886-70e0-a872-4970e8bd9503,CN,2022-05-01 17:12:18,42.57,129.0,67.0,CNY,61,2020-04-14,165.0,CNY,CN,True,False,False,False,False,False,False,747.0,-122.43,-0.742,2022-05-01,False,False,2.000625,True
1151340,018d937e-f886-70e0-a872-4970e8bd9503,CN,2022-06-09 17:09:26,32.25,129.0,75.0,CNY,61,2020-04-14,165.0,CNY,CN,True,False,False,False,False,False,False,786.0,-132.75,-0.8045454545454546,2022-06-09,False,False,4.01730324074074,True
1151340,018d937e-f886-70e0-a872-4970e8bd9503,CN,2022-06-23 19:40:16,32.25,129.0,75.0,CNY,61,2020-04-14,165.0,CNY,CN,True,False,False,False,False,False,False,800.0,-132.75,-0.8045454545454546,2022-06-23,False,False,13.998078703703703,True
1151340,018d937e-f886-70e0-a872-4970e8bd9503,CN,2022-07-08 02:33:27,165.0,165.0,0.0,CNY,61,2020-04-14,165.0,CNY,CN,False,False,False,True,False,False,False,815.0,0.0,0.0,2022-07-08,False,False,,False
1151340,018d937e-f886-70e0-a872-4970e8bd9503,CN,2022-08-16 17:12:25,41.25,165.0,75.0,CNY,61,2020-04-14,165.0,CNY,CN,True,False,False,False,False,False,False,854.0,-123.75,-0.75,2022-08-16,False,False,14.004641203703704,True
1151340,018d937e-f886-70e0-a872-4970e8bd9503,CN,2022-10-04 17:15:21,41.25,165.0,75.0,CNY,61,2020-04-14,165.0,CNY,CN,True,False,False,False,False,False,False,903.0,-123.75,-0.75,2022-10-04,False,False,14.003310185185185,True
1151340,018d937e-f886-70e0-a872-4970e8bd9503,CN,2022-11-22 22:28:08,41.25,165.0,75.0,CNY,61,2020-04-14,165.0,CNY,CN,True,False,False,False,False,False,False,952.0,-123.75,-0.75,2022-11-22,False,False,6.985428240740741,True
1151340,018d937e-f886-70e0-a872-4970e8bd9503,CN,2022-12-22 22:26:42,41.25,165.0,75.0,CNY,61,2020-04-14,165.0,CNY,CN,True,False,False,False,False,False,False,982.0,-123.75,-0.75,2022-12-22,False,False,13.833043981481481,True
1151340,018d937e-f886-70e0-a872-4970e8bd9503,CN,2023-01-23 18:04:20,41.25,165.0,75.0,CNY,61,2020-04-14,165.0,CNY,CN,True,False,False,False,False,False,False,1014.0,-123.75,-0.75,2023-01-23,False,False,7.017361111111111,True
1151340,018d937e-f886-70e0-a872-4970e8bd9503,CN,2023-03-16 18:44:52,41.25,165.0,75.0,CNY,61,2020-04-14,165.0,CNY,CN,True,False,False,False,False,False,False,1066.0,-123.75,-0.75,2023-03-16,False,False,7.042025462962963,True
1151340,018d937e-f886-70e0-a872-4970e8bd9503,CN,2023-06-29 21:33:46,41.25,165.0,75.0,CNY,61,2020-04-14,165.0,CNY,CN,True,False,False,False,False,False,False,1171.0,-123.75,-0.75,2023-06-29,False,False,13.906180555555556,True
1151340,018d937e-f886-70e0-a872-4970e8bd9503,CN,2023-08-02 17:09:17,41.25,165.0,75.0,CNY,61,2020-04-14,165.0,CNY,CN,True,False,False,False,False,False,False,1205.0,-123.75,-0.75,2023-08-02,False,False,14.00775462962963,True
1151340,018d937e-f886-70e0-a872-4970e8bd9503,CN,2023-10-23 17:07:23,33.0,165.0,80.0,CNY,61,2020-04-14,165.0,CNY,CN,True,False,False,False,False,False,False,1287.0,-132.0,-0.8,2023-10-23,False,False,8.008958333333334,True
1151340,018d937e-f886-70e0-a872-4970e8bd9503,CN,2023-11-21 23:36:08,33.0,165.0,80.0,CNY,61,2020-04-14,165.0,CNY,CN,True,False,False,False,False,False,False,1316.0,-132.0,-0.8,2023-11-21,False,False,6.858020833333334,True
1151340,018d937e-f886-70e0-a872-4970e8bd9503,CN,2023-12-21 20:17:23,33.0,165.0,80.0,CNY,61,2020-04-14,165.0,CNY,CN,True,False,False,False,False,False,False,1346.0,-132.0,-0.8,2023-12-21,False,False,13.986041666666667,True
1151340,018d937e-f886-70e0-a872-4970e8bd9503,CN,2024-01-30 19:06:36,41.25,165.0,75.0,CNY,61,2020-04-14,165.0,CNY,CN,True,False,False,False,False,False,False,1386.0,-123.75,-0.75,2024-01-30,False,False,12.965173611111112,True
1151340,018d937e-f886-70e0-a872-4970e8bd9503,CN,2024-03-14 17:43:21,41.25,165.0,75.0,CNY,61,2020-04-14,165.0,CNY,CN,True,False,False,False,False,False,False,1430.0,-123.75,-0.75,2024-03-14,False,False,7.001909722222222,True
1151340,018d937e-f886-70e0-a872-4970e8bd9503,CN,2024-04-11 17:15:27,33.0,165.0,80.0,CNY,61,2020-04-14,165.0,CNY,CN,True,False,False,False,False,False,False,1458.0,-132.0,-0.8,2024-04-11,False,False,8.0,True
1151340,018d937e-f886-70e0-a872-4970e8bd9503,CN,2024-06-27 18:23:28,41.25,165.0,75.0,CNY,61,2020-04-14,165.0,CNY,CN,True,False,False,False,False,False,False,1535.0,-123.75,-0.75,2024-06-27,False,False,13.976122685185185,True
1151340,018d937e-f886-70e0-a872-4970e8bd9503,CN,2024-08-08 17:18:27,41.25,165.0,75.0,CNY,61,2020-04-14,165.0,CNY,CN,True,False,False,False,False,False,False,1577.0,-123.75,-0.75,2024-08-08,False,False,13.00011574074074,True
1151340,018d937e-f886-70e0-a872-4970e8bd9503,CN,2024-10-22 17:15:53,41.25,165.0,75.0,CNY,61,2020-04-14,165.0,CNY,CN,True,False,False,False,False,False,False,1652.0,-123.75,-0.75,2024-10-22,False,False,7.00005787037037,True
1151340,018d937e-f886-70e0-a872-4970e8bd9503,CN,2024-11-27 21:34:44,41.25,165.0,75.0,CNY,61,2020-04-14,165.0,CNY,CN,True,False,False,False,False,False,False,1688.0,-123.75,-0.75,2024-11-27,False,False,6.9175810185185185,True
1151340,018d937e-f886-70e0-a872-4970e8bd9503,CN,2024-12-19 20:35:49,41.25,165.0,75.0,CNY,61,2020-04-14,165.0,CNY,CN,True,False,False,False,False,False,False,1710.0,-123.75,-0.75,2024-12-19,False,False,13.926828703703704,True
1151340,018d937e-f886-70e0-a872-4970e8bd9503,CN,2025-03-13 18:56:44,41.25,165.0,75.0,CNY,61,2020-04-14,165.0,CNY,CN,True,False,False,False,False,False,False,1794.0,-123.75,-0.75,2025-03-13,False,False,6.955648148148148,True
1151340,018d937e-f886-70e0-a872-4970e8bd9503,CN,2025-06-26 22:24:37,41.25,165.0,75.0,CNY,61,2020-04-14,165.0,CNY,CN,True,False,False,False,False,False,False,1899.0,-123.75,-0.75,2025-06-26,False,False,13.811585648148148,True
1151340,018d937e-f886-70e0-a872-4970e8bd9503,CN,2025-07-30 17:15:49,41.25,165.0,75.0,CNY,61,2020-04-14,165.0,CNY,CN,True,False,False,False,False,False,False,1933.0,-123.75,-0.75,2025-07-30,False,False,14.001863425925926,True
1151340,018d937e-f886-70e0-a872-4970e8bd9503,CN,2025-09-29 19:59:58,41.25,165.0,75.0,CNY,61,2020-04-14,165.0,CNY,CN,True,False,False,False,False,False,False,1994.0,-123.75,-0.75,2025-09-29,False,False,6.907962962962963,True
1151340,018d937e-f886-70e0-a872-4970e8bd9503,CN,2025-10-17 17:19:00,33.0,165.0,80.0,CNY,61,2020-04-14,165.0,CNY,CN,True,False,False,False,False,False,False,2012.0,-132.0,-0.8,2025-10-17,False,False,6.9980671296296295,True
1151340,018d937e-f886-70e0-a872-4970e8bd9503,DE,2020-05-14 17:21:15,29.99,39.99,25.0,EUR,61,2020-04-14,39.99,EUR,DE,True,False,False,False,False,False,False,30.0,-10.000000000000004,-0.25006251562890736,2020-05-14,False,False,7.000011574074074,True
1151340,018d937e-f886-70e0-a872-4970e8bd9503,DE,2020-05-16 18:10:16,29.99,39.99,25.0,EUR,61,2020-04-14,39.99,EUR,DE,True,False,False,False,False,False,False,32.0,-10.000000000000004,-0.25006251562890736,2020-05-16,False,False,,False
1151340,018d937e-f886-70e0-a872-4970e8bd9503,DE,2020-06-25 18:30:08,19.99,39.99,50.0,EUR,61,2020-04-14,39.99,EUR,DE,True,False,False,False,False,False,False,72.0,-20.000000000000004,-0.5001250312578145,2020-06-25,False,False,13.960613425925926,True
1151340,018d937e-f886-70e0-a872-4970e8bd9503,DE,2020-08-04 17:21:41,19.99,39.99,50.0,EUR,61,2020-04-14,39.99,EUR,DE,True,False,False,False,False,False,False,112.0,-20.000000000000004,-0.5001250312578145,2020-08-04,False,False,7.031828703703703,True
1151340,018d937e-f886-70e0-a872-4970e8bd9503,DE,2020-10-20 18:09:07,15.99,39.99,60.0,EUR,61,2020-04-14,39.99,EUR,DE,True,False,False,False,False,False,False,189.0,-24.0,-0.6001500375093773,2020-10-20,False,False,6.976458333333333,True
1151340,018d937e-f886-70e0-a872-4970e8bd9503,DE,2020-10-26 19:07:44,15.99,39.99,60.0,EUR,61,2020-04-14,39.99,EUR,DE,True,False,False,False,False,False,False,195.0,-24.0,-0.6001500375093773,2020-10-26,False,False,,False
1151340,018d937e-f886-70e0-a872-4970e8bd9503,DE,2020-11-25 18:28:18,13.19,39.99,67.0,EUR,61,2020-04-14,39.99,EUR,DE,True,False,False,False,False,False,False,225.0,-26.800000000000004,-0.6701675418854713,2020-11-25,False,False,6.005949074074074,True
1151340,018d937e-f886-70e0-a872-4970e8bd9503,DE,2020-12-22 19:02:25,13.19,39.99,67.0,EUR,61,2020-04-14,39.99,EUR,DE,True,False,False,False,False,False,False,252.0,-26.800000000000004,-0.6701675418854713,2020-12-22,False,False,13.992002314814815,True
1151340,018d937e-f886-70e0-a872-4970e8bd9503,DE,2021-02-11 19:00:02,13.19,39.99,67.0,EUR,61,2020-04-14,39.99,EUR,DE,True,False,False,False,False,False,False,303.0,-26.800000000000004,-0.6701675418854713,2021-02-11,False,False,3.9772685185185184,True
1151340,018d937e-f886-70e0-a872-4970e8bd9503,DE,2021-06-10 16:18:10,13.19,39.99,67.0,EUR,61,2020-04-14,39.99,EUR,DE,True,False,False,False,False,False,False,422.0,-26.800000000000004,-0.6701675418854713,2021-06-10,False,False,7.045405092592593,True
1151340,018d937e-f886-70e0-a872-4970e8bd9503,DE,2021-06-28 17:43:14,13.19,39.99,67.0,EUR,61,2020-04-14,39.99,EUR,DE,True,False,False,False,False,False,False,440.0,-26.800000000000004,-0.6701675418854713,2021-06-28,False,False,10.080011574074074,True
1151340,018d937e-f886-70e0-a872-4970e8bd9503,DE,2021-08-10 17:12:26,13.19,39.99,67.0,EUR,61,2020-04-14,39.99,EUR,DE,True,False,False,False,False,False,False,483.0,-26.800000000000004,-0.6701675418854713,2021-08-10,False,False,14.00417824074074,True
1151340,018d937e-f886-70e0-a872-4970e8bd9503,DE,2021-10-12 17:21:34,9.99,39.99,75.0,EUR,61,2020-04-14,39.99,EUR,DE,True,False,False,False,False,False,False,546.0,-30.0,-0.7501875468867216,2021-10-12,False,False,13.997754629629629,True
1151340,018d937e-f886-70e0-a872-4970e8bd9503,DE,2021-11-24 19:55:35,9.99,39.99,75.0,EUR,61,2020-04-14,39.99,EUR,DE,True,False,False,False,False,False,False,589.0,-30.0,-0.7501875468867216,2021-11-24,False,False,7.005833333333333,True
1151340,018d937e-f886-70e0-a872-4970e8bd9503,DE,2021-12-22 23:07:36,9.99,39.99,75.0,EUR,61,2020-04-14,39.99,EUR,DE,True,False,False,False,False,False,False,617.0,-30.0,-0.7501875468867216,2021-12-22,False,False,13.905902777777778,True
1151340,018d937e-f886-70e0-a872-4970e8bd9503,DE,2022-01-27 20:03:42,9.99,39.99,75.0,EUR,61,2020-04-14,39.99,EUR,DE,True,False,False,False,False,False,False,653.0,-30.0,-0.7501875468867216,2022-01-27,False,False,7.0040625,True
1151340,018d937e-f886-70e0-a872-4970e8bd9503,DE,2022-05-01 17:06:16,13.19,39.99,67.0,EUR,61,2020-04-14,39.99,EUR,DE,True,False,False,False,False,False,False,747.0,-26.800000000000004,-0.6701675418854713,2022-05-01,False,False,2.0086458333333335,True
1151340,018d937e-f886-70e0-a872-4970e8bd9503,DE,2022-06-09 17:19:59,9.99,39.99,75.0,EUR,61,2020-04-14,39.99,EUR,DE,True,False,False,False,False,False,False,786.0,-30.0,-0.7501875468867216,2022-06-09,False,False,4.00275462962963,True
1151340,018d937e-f886-70e0-a872-4970e8bd9503,DE,2022-06-24 00:39:29,9.99,39.99,75.0,EUR,61,2020-04-14,39.99,EUR,DE,True,False,False,False,False,False,False,801.0,-30.0,-0.7501875468867216,2022-06-24,False,False,13.794155092592593,True
1151340,018d937e-f886-70e0-a872-4970e8bd9503,DE,2022-08-16 17:12:30,9.99,39.99,75.0,EUR,61,2020-04-14,39.99,EUR,DE,True,False,False,False,False,False,False,854.0,-30.0,-0.7501875468867216,2022-08-16,False,False,14.004120370370371,True
1151340,018d937e-f886-70e0-a872-4970e8bd9503,DE,2022-10-04 17:18:36,9.99,39.99,75.0,EUR,61,2020-04-14,39.99,EUR,DE,True,False,False,False,False,False,False,903.0,-30.0,-0.7501875468867216,2022-10-04,False,False,13.993622685185185,True
1151340,018d937e-f886-70e0-a872-4970e8bd9503,DE,2022-11-22 19:50:31,9.99,39.99,75.0,EUR,61,2020-04-14,39.99,EUR,DE,True,False,False,False,False,False,False,952.0,-30.0,-0.7501875468867216,2022-11-22,False,False,7.0194675925925925,True
1151340,018d937e-f886-70e0-a872-4970e8bd9503,DE,2022-12-22 22:23:05,9.99,39.99,75.0,EUR,61,2020-04-14,39.99,EUR,DE,True,False,False,False,False,False,False,982.0,-30.0,-0.7501875468867216,2022-12-22,False,False,13.826724537037038,True
1151340,018d937e-f886-70e0-a872-4970e8bd9503,DE,2023-01-23 18:13:18,9.99,39.99,75.0,EUR,61,2020-04-14,39.99,EUR,DE,True,False,False,False,False,False,False,1014.0,-30.0,-0.7501875468867216,2023-01-23,False,False,7.000277777777778,True
1151340,018d937e-f886-70e0-a872-4970e8bd9503,DE,2023-03-16 18:41:54,9.99,39.99,75.0,EUR,61,2020-04-14,39.99,EUR,DE,True,False,False,False,False,False,False,1066.0,-30.0,-0.7501875468867216,2023-03-16,False,False,7.052731481481482,True
1151340,018d937e-f886-70e0-a872-4970e8bd9503,DE,2023-06-29 19:51:32,9.99,39.99,75.0,EUR,61,2020-04-14,39.99,EUR,DE,True,False,False,False,False,False,False,1171.0,-30.0,-0.7501875468867216,2023-06-29,False,False,14.076319444444444,True
1151340,018d937e-f886-70e0-a872-4970e8bd9503,DE,2023-08-02 17:19:10,9.99,39.99,75.0,EUR,61,2020-04-14,39.99,EUR,DE,True,False,False,False,False,False,False,1205.0,-30.0,-0.7501875468867216,2023-08-02,False,False,13.995590277777778,True
1151340,018d937e-f886-70e0-a872-4970e8bd9503,DE,2023-10-23 17:22:55,7.99,39.99,80.0,EUR,61,2020-04-14,39.99,EUR,DE,True,False,False,False,False,False,False,1287.0,-32.0,-0.8002000500125032,2023-10-23,False,False,7.9981481481481485,True
1151340,018d937e-f886-70e0-a872-4970e8bd9503,DE,2023-11-21 20:19:46,7.99,39.99,80.0,EUR,61,2020-04-14,39.99,EUR,DE,True,False,False,False,False,False,False,1316.0,-32.0,-0.8002000500125032,2023-11-21,False,False,6.998784722222222,True
1151340,018d937e-f886-70e0-a872-4970e8bd9503,DE,2023-12-21 20:32:35,7.99,39.99,80.0,EUR,61,2020-04-14,39.99,EUR,DE,True,False,False,False,False,False,False,1346.0,-32.0,-0.8002000500125032,2023-12-21,False,False,13.977453703703704,True
1151340,018d937e-f886-70e0-a872-4970e8bd9503,DE,2024-01-30 19:07:14,9.99,39.99,75.0,EUR,61,2020-04-14,39.99,EUR,DE,True,False,False,False,False,False,False,1386.0,-30.0,-0.7501875468867216,2024-01-30,False,False,12.964872685185185,True
1151340,018d937e-f886-70e0-a872-4970e8bd9503,DE,2024-03-14 17:43:24,9.99,39.99,75.0,EUR,61,2020-04-14,39.99,EUR,DE,True,False,False,False,False,False,False,1430.0,-30.0,-0.7501875468867216,2024-03-14,False,False,7.003784722222222,True
1151340,018d937e-f886-70e0-a872-4970e8bd9503,DE,2024-04-11 17:18:13,7.99,39.99,80.0,EUR,61,2020-04-14,39.99,EUR,DE,True,False,False,False,False,False,False,1458.0,-32.0,-0.8002000500125032,2024-04-11,False,False,8.000034722222223,True
1151340,018d937e-f886-70e0-a872-4970e8bd9503,DE,2024-06-27 18:23:28,9.99,39.99,75.0,EUR,61,2020-04-14,39.99,EUR,DE,True,False,False,False,False,False,False,1535.0,-30.0,-0.7501875468867216,2024-06-27,False,False,13.980069444444444,True
1151340,018d937e-f886-70e0-a872-4970e8bd9503,DE,2024-08-08 17:18:29,9.99,39.99,75.0,EUR,61,2020-04-14,39.99,EUR,DE,True,False,False,False,False,False,False,1577.0,-30.0,-0.7501875468867216,2024-08-08,False,False,12.998078703703703,True
1151340,018d937e-f886-70e0-a872-4970e8bd9503,DE,2024-10-22 17:16:08,9.99,39.99,75.0,EUR,61,2020-04-14,39.99,EUR,DE,True,False,False,False,False,False,False,1652.0,-30.0,-0.7501875468867216,2024-10-22,False,False,6.999837962962963,True
1151340,018d937e-f886-70e0-a872-4970e8bd9503,DE,2024-11-27 21:34:48,9.99,39.99,75.0,EUR,61,2020-04-14,39.99,EUR,DE,True,False,False,False,False,False,False,1688.0,-30.0,-0.7501875468867216,2024-11-27,False,False,6.917789351851852,True
1151340,018d937e-f886-70e0-a872-4970e8bd9503,DE,2024-12-19 20:29:52,9.99,39.99,75.0,EUR,61,2020-04-14,39.99,EUR,DE,True,False,False,False,False,False,False,1710.0,-30.0,-0.7501875468867216,2024-12-19,False,False,13.933148148148149,True
1151340,018d937e-f886-70e0-a872-4970e8bd9503,DE,2025-03-13 18:09:37,9.99,39.99,75.0,EUR,61,2020-04-14,39.99,EUR,DE,True,False,False,False,False,False,False,1794.0,-30.0,-0.7501875468867216,2025-03-13,False,False,6.988518518518519,True
1151340,018d937e-f886-70e0-a872-4970e8bd9503,DE,2025-06-26 22:25:16,9.99,39.99,75.0,EUR,61,2020-04-14,39.99,EUR,DE,True,False,False,False,False,False,False,1899.0,-30.0,-0.7501875468867216,2025-06-26,False,False,13.80775462962963,True
1151340,018d937e-f886-70e0-a872-4970e8bd9503,DE,2025-07-30 17:18:28,9.99,39.99,75.0,EUR,61,2020-04-14,39.99,EUR,DE,True,False,False,False,False,False,False,1933.0,-30.0,-0.7501875468867216,2025-07-30,False,False,14.000266203703704,True
1151340,018d937e-f886-70e0-a872-4970e8bd9503,DE,2025-09-29 19:39:18,9.99,39.99,75.0,EUR,61,2020-04-14,39.99,EUR,DE,True,False,False,False,False,False,False,1994.0,-30.0,-0.7501875468867216,2025-09-29,False,False,6.922662037037037,True
1151340,018d937e-f886-70e0-a872-4970e8bd9503,DE,2025-10-17 17:19:06,7.99,39.99,80.0,EUR,61,2020-04-14,39.99,EUR,DE,True,False,False,False,False,False,False,2012.0,-32.0,-0.8002000500125032,2025-10-17,False,False,6.99775462962963,True
1151340,018d937e-f886-70e0-a872-4970e8bd9503,FR,2020-05-14 17:21:15,29.99,39.99,25.0,EUR,61,2020-04-14,39.99,EUR,FR,True,False,False,False,False,False,False,30.0,-10.000000000000004,-0.25006251562890736,2020-05-14,False,False,7.000011574074074,True
1151340,018d937e-f886-70e0-a872-4970e8bd9503,FR,2020-05-16 18:10:16,29.99,39.99,25.0,EUR,61,2020-04-14,39.99,EUR,FR,True,False,False,False,False,False,False,32.0,-10.000000000000004,-0.25006251562890736,2020-05-16,False,False,,False
1151340,018d937e-f886-70e0-a872-4970e8bd9503,FR,2020-06-25 18:30:08,19.99,39.99,50.0,EUR,61,2020-04-14,39.99,EUR,FR,True,False,False,False,False,False,False,72.0,-20.000000000000004,-0.5001250312578145,2020-06-25,False,False,13.960613425925926,True
1151340,018d937e-f886-70e0-a872-4970e8bd9503,FR,2020-08-04 17:21:41,19.99,39.99,50.0,EUR,61,2020-04-14,39.99,EUR,FR,True,False,False,False,False,False,False,112.0,-20.000000000000004,-0.5001250312578145,2020-08-04,False,False,7.031828703703703,True
1151340,018d937e-f886-70e0-a872-4970e8bd9503,FR,2020-10-20 18:09:07,15.99,39.99,60.0,EUR,61,2020-04-14,39.99,EUR,FR,True,False,False,False,False,False,False,189.0,-24.0,-0.6001500375093773,2020-10-20,False,False,6.976458333333333,True
1151340,018d937e-f886-70e0-a872-4970e8bd9503,FR,2020-10-26 19:07:44,15.99,39.99,60.0,EUR,61,2020-04-14,39.99,EUR,FR,True,False,False,False,False,False,False,195.0,-24.0,-0.6001500375093773,2020-10-26,False,False,,False
1151340,018d937e-f886-70e0-a872-4970e8bd9503,FR,2020-11-25 18:28:18,13.19,39.99,67.0,EUR,61,2020-04-14,39.99,EUR,FR,True,False,False,False,False,False,False,225.0,-26.800000000000004,-0.6701675418854713,2020-11-25,False,False,6.005949074074074,True
1151340,018d937e-f886-70e0-a872-4970e8bd9503,FR,2020-12-22 19:02:25,13.19,39.99,67.0,EUR,61,2020-04-14,39.99,EUR,FR,True,False,False,False,False,False,False,252.0,-26.800000000000004,-0.6701675418854713,2020-12-22,False,False,13.992002314814815,True
1151340,018d937e-f886-70e0-a872-4970e8bd9503,FR,2021-02-11 19:00:02,13.19,39.99,67.0,EUR,61,2020-04-14,39.99,EUR,FR,True,False,False,False,False,False,False,303.0,-26.800000000000004,-0.6701675418854713,2021-02-11,False,False,3.9772685185185184,True
1151340,018d937e-f886-70e0-a872-4970e8bd9503,FR,2021-06-10 16:18:10,13.19,39.99,67.0,EUR,61,2020-04-14,39.99,EUR,FR,True,False,False,False,False,False,False,422.0,-26.800000000000004,-0.6701675418854713,2021-06-10,False,False,7.045405092592593,True
1151340,018d937e-f886-70e0-a872-4970e8bd9503,FR,2021-06-28 17:43:14,13.19,39.99,67.0,EUR,61,2020-04-14,39.99,EUR,FR,True,False,False,False,False,False,False,440.0,-26.800000000000004,-0.6701675418854713,2021-06-28,False,False,10.080011574074074,True
1151340,018d937e-f886-70e0-a872-4970e8bd9503,FR,2021-08-10 17:12:26,13.19,39.99,67.0,EUR,61,2020-04-14,39.99,EUR,FR,True,False,False,False,False,False,False,483.0,-26.800000000000004,-0.6701675418854713,2021-08-10,False,False,14.00417824074074,True
1151340,018d937e-f886-70e0-a872-4970e8bd9503,FR,2021-10-12 17:21:34,9.99,39.99,75.0,EUR,61,2020-04-14,39.99,EUR,FR,True,False,False,False,False,False,False,546.0,-30.0,-0.7501875468867216,2021-10-12,False,False,13.997754629629629,True
1151340,018d937e-f886-70e0-a872-4970e8bd9503,FR,2021-11-24 19:55:35,9.99,39.99,75.0,EUR,61,2020-04-14,39.99,EUR,FR,True,False,False,False,False,False,False,589.0,-30.0,-0.7501875468867216,2021-11-24,False,False,7.005833333333333,True
1151340,018d937e-f886-70e0-a872-4970e8bd9503,FR,2021-12-22 23:07:36,9.99,39.99,75.0,EUR,61,2020-04-14,39.99,EUR,FR,True,False,False,False,False,False,False,617.0,-30.0,-0.7501875468867216,2021-12-22,False,False,13.905902777777778,True
1151340,018d937e-f886-70e0-a872-4970e8bd9503,FR,2022-01-27 20:03:42,9.99,39.99,75.0,EUR,61,2020-04-14,39.99,EUR,FR,True,False,False,False,False,False,False,653.0,-30.0,-0.7501875468867216,2022-01-27,False,False,7.0040625,True
1151340,018d937e-f886-70e0-a872-4970e8bd9503,FR,2022-05-01 17:06:16,13.19,39.99,67.0,EUR,61,2020-04-14,39.99,EUR,FR,True,False,False,False,False,False,False,747.0,-26.800000000000004,-0.6701675418854713,2022-05-01,False,False,2.0086458333333335,True
1151340,018d937e-f886-70e0-a872-4970e8bd9503,FR,2022-06-09 17:19:59,9.99,39.99,75.0,EUR,61,2020-04-14,39.99,EUR,FR,True,False,False,False,False,False,False,786.0,-30.0,-0.7501875468867216,2022-06-09,False,False,4.00275462962963,True
1151340,018d937e-f886-70e0-a872-4970e8bd9503,FR,2022-06-24 00:39:29,9.99,39.99,75.0,EUR,61,2020-04-14,39.99,EUR,FR,True,False,False,False,False,False,False,801.0,-30.0,-0.7501875468867216,2022-06-24,False,False,13.794155092592593,True
1151340,018d937e-f886-70e0-a872-4970e8bd9503,FR,2022-08-16 17:12:30,9.99,39.99,75.0,EUR,61,2020-04-14,39.99,EUR,FR,True,False,False,False,False,False,False,854.0,-30.0,-0.7501875468867216,2022-08-16,False,False,14.004120370370371,True
1151340,018d937e-f886-70e0-a872-4970e8bd9503,FR,2022-10-04 17:18:36,9.99,39.99,75.0,EUR,61,2020-04-14,39.99,EUR,FR,True,False,False,False,False,False,False,903.0,-30.0,-0.7501875468867216,2022-10-04,False,False,13.993622685185185,True
1151340,018d937e-f886-70e0-a872-4970e8bd9503,FR,2022-11-22 19:50:31,9.99,39.99,75.0,EUR,61,2020-04-14,39.99,EUR,FR,True,False,False,False,False,False,False,952.0,-30.0,-0.7501875468867216,2022-11-22,False,False,7.0194675925925925,True
1151340,018d937e-f886-70e0-a872-4970e8bd9503,FR,2022-12-22 22:23:05,9.99,39.99,75.0,EUR,61,2020-04-14,39.99,EUR,FR,True,False,False,False,False,False,False,982.0,-30.0,-0.7501875468867216,2022-12-22,False,False,13.826724537037038,True
1151340,018d937e-f886-70e0-a872-4970e8bd9503,FR,2023-01-23 18:13:18,9.99,39.99,75.0,EUR,61,2020-04-14,39.99,EUR,FR,True,False,False,False,False,False,False,1014.0,-30.0,-0.7501875468867216,2023-01-23,False,False,7.000277777777778,True
1151340,018d937e-f886-70e0-a872-4970e8bd9503,FR,2023-03-16 18:41:54,9.99,39.99,75.0,EUR,61,2020-04-14,39.99,EUR,FR,True,False,False,False,False,False,False,1066.0,-30.0,-0.7501875468867216,2023-03-16,False,False,7.052731481481482,True
1151340,018d937e-f886-70e0-a872-4970e8bd9503,FR,2023-06-29 19:51:32,9.99,39.99,75.0,EUR,61,2020-04-14,39.99,EUR,FR,True,False,False,False,False,False,False,1171.0,-30.0,-0.7501875468867216,2023-06-29,False,False,14.076319444444444,True
1151340,018d937e-f886-70e0-a872-4970e8bd9503,FR,2023-08-02 17:19:10,9.99,39.99,75.0,EUR,61,2020-04-14,39.99,EUR,FR,True,False,False,False,False,False,False,1205.0,-30.0,-0.7501875468867216,2023-08-02,False,False,13.995590277777778,True
1151340,018d937e-f886-70e0-a872-4970e8bd9503,FR,2023-10-23 17:22:55,7.99,39.99,80.0,EUR,61,2020-04-14,39.99,EUR,FR,True,False,False,False,False,False,False,1287.0,-32.0,-0.8002000500125032,2023-10-23,False,False,7.9981481481481485,True
1151340,018d937e-f886-70e0-a872-4970e8bd9503,FR,2023-11-21 20:19:46,7.99,39.99,80.0,EUR,61,2020-04-14,39.99,EUR,FR,True,False,False,False,False,False,False,1316.0,-32.0,-0.8002000500125032,2023-11-21,False,False,6.998784722222222,True
1151340,018d937e-f886-70e0-a872-4970e8bd9503,FR,2023-12-21 20:32:35,7.99,39.99,80.0,EUR,61,2020-04-14,39.99,EUR,FR,True,False,False,False,False,False,False,1346.0,-32.0,-0.8002000500125032,2023-12-21,False,False,13.977453703703704,True
1151340,018d937e-f886-70e0-a872-4970e8bd9503,FR,2024-01-30 19:07:14,9.99,39.99,75.0,EUR,61,2020-04-14,39.99,EUR,FR,True,False,False,False,False,False,False,1386.0,-30.0,-0.7501875468867216,2024-01-30,False,False,12.964872685185185,True
1151340,018d937e-f886-70e0-a872-4970e8bd9503,FR,2024-03-14 17:43:24,9.99,39.99,75.0,EUR,61,2020-04-14,39.99,EUR,FR,True,False,False,False,False,False,False,1430.0,-30.0,-0.7501875468867216,2024-03-14,False,False,7.003784722222222,True
1151340,018d937e-f886-70e0-a872-4970e8bd9503,FR,2024-04-11 17:18:13,7.99,39.99,80.0,EUR,61,2020-04-14,39.99,EUR,FR,True,False,False,False,False,False,False,1458.0,-32.0,-0.8002000500125032,2024-04-11,False,False,8.000034722222223,True
1151340,018d937e-f886-70e0-a872-4970e8bd9503,FR,2024-06-27 18:23:28,9.99,39.99,75.0,EUR,61,2020-04-14,39.99,EUR,FR,True,False,False,False,False,False,False,1535.0,-30.0,-0.7501875468867216,2024-06-27,False,False,13.980069444444444,True
1151340,018d937e-f886-70e0-a872-4970e8bd9503,FR,2024-08-08 17:18:29,9.99,39.99,75.0,EUR,61,2020-04-14,39.99,EUR,FR,True,False,False,False,False,False,False,1577.0,-30.0,-0.7501875468867216,2024-08-08,False,False,12.998078703703703,True
1151340,018d937e-f886-70e0-a872-4970e8bd9503,FR,2024-10-22 17:16:08,9.99,39.99,75.0,EUR,61,2020-04-14,39.99,EUR,FR,True,False,False,False,False,False,False,1652.0,-30.0,-0.7501875468867216,2024-10-22,False,False,6.999837962962963,True
1151340,018d937e-f886-70e0-a872-4970e8bd9503,FR,2024-11-27 21:34:48,9.99,39.99,75.0,EUR,61,2020-04-14,39.99,EUR,FR,True,False,False,False,False,False,False,1688.0,-30.0,-0.7501875468867216,2024-11-27,False,False,6.917789351851852,True
1151340,018d937e-f886-70e0-a872-4970e8bd9503,FR,2024-12-19 20:29:52,9.99,39.99,75.0,EUR,61,2020-04-14,39.99,EUR,FR,True,False,False,False,False,False,False,1710.0,-30.0,-0.7501875468867216,2024-12-19,False,False,13.933148148148149,True
1151340,018d937e-f886-70e0-a872-4970e8bd9503,FR,2025-03-13 18:09:37,9.99,39.99,75.0,EUR,61,2020-04-14,39.99,EUR,FR,True,False,False,False,False,False,False,1794.0,-30.0,-0.7501875468867216,2025-03-13,False,False,6.988518518518519,True
1151340,018d937e-f886-70e0-a872-4970e8bd9503,FR,2025-06-26 22:25:16,9.99,39.99,75.0,EUR,61,2020-04-14,39.99,EUR,FR,True,False,False,False,False,False,False,1899.0,-30.0,-0.7501875468867216,2025-06-26,False,False,13.80775462962963,True
1151340,018d937e-f886-70e0-a872-4970e8bd9503,FR,2025-07-30 17:18:28,9.99,39.99,75.0,EUR,61,2020-04-14,39.99,EUR,FR,True,False,False,False,False,False,False,1933.0,-30.0,-0.7501875468867216,2025-07-30,False,False,14.000266203703704,True
1151340,018d937e-f886-70e0-a872-4970e8bd9503,FR,2025-09-29 19:39:18,9.99,39.99,75.0,EUR,61,2020-04-14,39.99,EUR,FR,True,False,False,False,False,False,False,1994.0,-30.0,-0.7501875468867216,2025-09-29,False,False,6.922662037037037,True
1151340,018d937e-f886-70e0-a872-4970e8bd9503,FR,2025-10-17 17:19:06,7.99,39.99,80.0,EUR,61,2020-04-14,39.99,EUR,FR,True,False,False,False,False,False,False,2012.0,-32.0,-0.8002000500125032,2025-10-17,False,False,6.99775462962963,True
1151340,018d937e-f886-70e0-a872-4970e8bd9503,GB,2020-05-14 18:08:52,26.24,34.99,25.0,GBP,61,2020-04-14,34.99,GBP,GB,True,False,False,False,False,False,False,30.0,-8.750000000000004,-0.25007144898542455,2020-05-14,False,False,6.966944444444445,True
1151340,018d937e-f886-70e0-a872-4970e8bd9503,GB,2020-06-25 18:26:47,17.49,34.99,50.0,GBP,61,2020-04-14,34.99,GBP,GB,True,False,False,False,False,False,False,72.0,-17.500000000000004,-0.5001428979708489,2020-06-25,False,False,13.955,True
1151340,018d937e-f886-70e0-a872-4970e8bd9503,GB,2020-08-04 17:21:23,17.49,34.99,50.0,GBP,61,2020-04-14,34.99,GBP,GB,True,False,False,False,False,False,False,112.0,-17.500000000000004,-0.5001428979708489,2020-08-04,False,False,7.031944444444444,True
1151340,018d937e-f886-70e0-a872-4970e8bd9503,GB,2020-10-20 17:33:21,13.99,34.99,60.0,GBP,61,2020-04-14,34.99,GBP,GB,True,False,False,False,False,False,False,189.0,-21.0,-0.6001714775650187,2020-10-20,False,False,7.001354166666666,True
1151340,018d937e-f886-70e0-a872-4970e8bd9503,GB,2020-10-21 18:07:28,13.99,34.99,60.0,GBP,61,2020-04-14,34.99,GBP,GB,True,False,False,False,False,False,False,190.0,-21.0,-0.6001714775650187,2020-10-21,False,False,,False
1151340,018d937e-f886-70e0-a872-4970e8bd9503,GB,2020-10-26 19:07:44,13.99,34.99,60.0,GBP,61,2020-04-14,34.99,GBP,GB,True,False,False,False,False,False,False,195.0,-21.0,-0.6001714775650187,2020-10-26,False,False,,False
1151340,018d937e-f886-70e0-a872-4970e8bd9503,GB,2020-11-25 18:32:59,11.54,34.99,67.0,GBP,61,2020-04-14,34.99,GBP,GB,True,False,False,False,False,False,False,225.0,-23.450000000000003,-0.6701914832809375,2020-11-25,False,False,6.001793981481481,True
1151340,018d937e-f886-70e0-a872-4970e8bd9503,GB,2020-12-22 18:59:31,11.54,34.99,67.0,GBP,61,2020-04-14,34.99,GBP,GB,True,False,False,False,False,False,False,252.0,-23.450000000000003,-0.6701914832809375,2020-12-22,False,False,13.99880787037037,True
1151340,018d937e-f886-70e0-a872-4970e8bd9503,GB,2021-02-11 18:58:46,11.54,34.99,67.0,GBP,61,2020-04-14,34.99,GBP,GB,True,False,False,False,False,False,False,303.0,-23.450000000000003,-0.6701914832809375,2021-02-11,False,False,3.9742824074074075,True
1151340,018d937e-f886-70e0-a872-4970e8bd9503,GB,2021-06-10 16:18:09,11.54,34.99,67.0,GBP,61,2020-04-14,34.99,GBP,GB,True,False,False,False,False,False,False,422.0,-23.450000000000003,-0.6701914832809375,2021-06-10,False,False,7.045381944444444,True
1151340,018d937e-f886-70e0-a872-4970e8bd9503,GB,2021-06-24 17:08:05,11.54,34.99,67.0,GBP,61,2020-04-14,34.99,GBP,GB,True,False,False,False,False,False,False,436.0,-23.450000000000003,-0.6701914832809375,2021-06-24,False,False,14.103807870370371,True
1151340,018d937e-f886-70e0-a872-4970e8bd9503,GB,2021-08-10 17:03:11,11.54,34.99,67.0,GBP,61,2020-04-14,34.99,GBP,GB,True,False,False,False,False,False,False,483.0,-23.450000000000003,-0.6701914832809375,2021-08-10,False,False,14.010925925925926,True
1151340,018d937e-f886-70e0-a872-4970e8bd9503,GB,2021-10-12 17:09:20,8.74,34.99,75.0,GBP,61,2020-04-14,34.99,GBP,GB,True,False,False,False,False,False,False,546.0,-26.25,-0.7502143469562732,2021-10-12,False,False,13.999965277777777,True
1151340,018d937e-f886-70e0-a872-4970e8bd9503,GB,2021-11-24 19:59:35,8.74,34.99,75.0,GBP,61,2020-04-14,34.99,GBP,GB,True,False,False,False,False,False,False,589.0,-26.25,-0.7502143469562732,2021-11-24,False,False,7.058645833333333,True
1151340,018d937e-f886-70e0-a872-4970e8bd9503,GB,2021-12-22 20:26:01,8.74,34.99,75.0,GBP,61,2020-04-14,34.99,GBP,GB,True,False,False,False,False,False,False,617.0,-26.25,-0.7502143469562732,2021-12-22,False,False,14.076539351851851,True
1151340,018d937e-f886-70e0-a872-4970e8bd9503,GB,2022-01-27 20:06:27,8.74,34.99,75.0,GBP,61,2020-04-14,34.99,GBP,GB,True,False,False,False,False,False,False,653.0,-26.25,-0.7502143469562732,2022-01-27,False,False,7.001979166666667,True
1151340,018d937e-f886-70e0-a872-4970e8bd9503,GB,2022-05-01 17:12:17,11.54,34.99,67.0,GBP,61,2020-04-14,34.99,GBP,GB,True,False,False,False,False,False,False,747.0,-23.450000000000003,-0.6701914832809375,2022-05-01,False,False,2.004224537037037,True
1151340,018d937e-f886-70e0-a872-4970e8bd9503,GB,2022-06-09 17:19:27,8.74,34.99,75.0,GBP,61,2020-04-14,34.99,GBP,GB,True,False,False,False,False,False,False,786.0,-26.25,-0.7502143469562732,2022-06-09,False,False,4.008113425925926,True
1151340,018d937e-f886-70e0-a872-4970e8bd9503,GB,2022-06-23 19:44:08,8.74,34.99,75.0,GBP,61,2020-04-14,34.99,GBP,GB,True,False,False,False,False,False,False,800.0,-26.25,-0.7502143469562732,2022-06-23,False,False,13.99738425925926,True
1151340,018d937e-f886-70e0-a872-4970e8bd9503,GB,2022-08-16 17:15:28,8.74,34.99,75.0,GBP,61,2020-04-14,34.99,GBP,GB,True,False,False,False,False,False,False,854.0,-26.25,-0.7502143469562732,2022-08-16,False,False,14.002789351851852,True
1151340,018d937e-f886-70e0-a872-4970e8bd9503,GB,2022-10-04 17:09:21,8.74,34.99,75.0,GBP,61,2020-04-14,34.99,GBP,GB,True,False,False,False,False,False,False,903.0,-26.25,-0.7502143469562732,2022-10-04,False,False,14.006412037037038,True
1151340,018d937e-f886-70e0-a872-4970e8bd9503,GB,2022-11-22 19:48:13,8.74,34.99,75.0,GBP,61,2020-04-14,34.99,GBP,GB,True,False,False,False,False,False,False,952.0,-26.25,-0.7502143469562732,2022-11-22,False,False,7.021805555555556,True
1151340,018d937e-f886-70e0-a872-4970e8bd9503,GB,2022-12-22 19:55:42,8.74,34.99,75.0,GBP,61,2020-04-14,34.99,GBP,GB,True,False,False,False,False,False,False,982.0,-26.25,-0.7502143469562732,2022-12-22,False,False,13.92880787037037,True
1151340,018d937e-f886-70e0-a872-4970e8bd9503,GB,2023-03-16 18:41:58,8.74,34.99,75.0,GBP,61,2020-04-14,34.99,GBP,GB,True,False,False,False,False,False,False,1066.0,-26.25,-0.7502143469562732,2023-03-16,False,False,7.047523148148148,True
1151340,018d937e-f886-70e0-a872-4970e8bd9503,GB,2023-06-29 19:46:15,8.74,34.99,75.0,GBP,61,2020-04-14,34.99,GBP,GB,True,False,False,False,False,False,False,1171.0,-26.25,-0.7502143469562732,2023-06-29,False,False,13.983356481481481,True
1151340,018d937e-f886-70e0-a872-4970e8bd9503,GB,2023-08-02 17:19:01,8.74,34.99,75.0,GBP,61,2020-04-14,34.99,GBP,GB,True,False,False,False,False,False,False,1205.0,-26.25,-0.7502143469562732,2023-08-02,False,False,13.991597222222222,True
1151340,018d937e-f886-70e0-a872-4970e8bd9503,GB,2023-10-23 17:14:00,6.99,34.99,80.0,GBP,61,2020-04-14,34.99,GBP,GB,True,False,False,False,False,False,False,1287.0,-28.0,-0.8002286367533581,2023-10-23,False,False,8.004340277777779,True
1151340,018d937e-f886-70e0-a872-4970e8bd9503,GB,2023-11-21 20:05:10,6.99,34.99,80.0,GBP,61,2020-04-14,34.99,GBP,GB,True,False,False,False,False,False,False,1316.0,-28.0,-0.8002286367533581,2023-11-21,False,False,7.003715277777777,True
1151340,018d937e-f886-70e0-a872-4970e8bd9503,GB,2023-12-21 20:27:19,6.99,34.99,80.0,GBP,61,2020-04-14,34.99,GBP,GB,True,False,False,False,False,False,False,1346.0,-28.0,-0.8002286367533581,2023-12-21,False,False,13.981111111111112,True
1151340,018d937e-f886-70e0-a872-4970e8bd9503,GB,2024-01-30 19:06:46,8.74,34.99,75.0,GBP,61,2020-04-14,34.99,GBP,GB,True,False,False,False,False,False,False,1386.0,-26.25,-0.7502143469562732,2024-01-30,False,False,12.966527777777777,True
1151340,018d937e-f886-70e0-a872-4970e8bd9503,GB,2024-03-14 17:37:39,8.74,34.99,75.0,GBP,61,2020-04-14,34.99,GBP,GB,True,False,False,False,False,False,False,1430.0,-26.25,-0.7502143469562732,2024-03-14,False,False,7.005868055555555,True
1151340,018d937e-f886-70e0-a872-4970e8bd9503,GB,2024-04-11 17:15:21,6.99,34.99,80.0,GBP,61,2020-04-14,34.99,GBP,GB,True,False,False,False,False,False,False,1458.0,-28.0,-0.8002286367533581,2024-04-11,False,False,8.002106481481482,True
1151340,018d937e-f886-70e0-a872-4970e8bd9503,GB,2024-06-27 18:23:31,8.74,34.99,75.0,GBP,61,2020-04-14,34.99,GBP,GB,True,False,False,False,False,False,False,1535.0,-26.25,-0.7502143469562732,2024-06-27,False,False,13.976111111111111,True
1151340,018d937e-f886-70e0-a872-4970e8bd9503,GB,2024-08-08 17:19:02,8.74,34.99,75.0,GBP,61,2020-04-14,34.99,GBP,GB,True,False,False,False,False,False,False,1577.0,-26.25,-0.7502143469562732,2024-08-08,False,False,12.99744212962963,True
1151340,018d937e-f886-70e0-a872-4970e8bd9503,GB,2024-10-22 17:15:48,8.74,34.99,75.0,GBP,61,2020-04-14,34.99,GBP,GB,True,False,False,False,False,False,False,1652.0,-26.25,-0.7502143469562732,2024-10-22,False,False,7.000196759259259,True
1151340,018d937e-f886-70e0-a872-4970e8bd9503,GB,2024-11-27 21:34:48,8.74,34.99,75.0,GBP,61,2020-04-14,34.99,GBP,GB,True,False,False,False,False,False,False,1688.0,-26.25,-0.7502143469562732,2024-11-27,False,False,6.91912037037037,True
1151340,018d937e-f886-70e0-a872-4970e8bd9503,GB,2024-12-19 21:26:42,8.74,34.99,75.0,GBP,61,2020-04-14,34.99,GBP,GB,True,False,False,False,False,False,False,1710.0,-26.25,-0.7502143469562732,2024-12-19,False,False,13.893657407407407,True
1151340,018d937e-f886-70e0-a872-4970e8bd9503,GB,2025-03-13 18:06:02,8.74,34.99,75.0,GBP,61,2020-04-14,34.99,GBP,GB,True,False,False,False,False,False,False,1794.0,-26.25,-0.7502143469562732,2025-03-13,False,False,6.98712962962963,True
1151340,018d937e-f886-70e0-a872-4970e8bd9503,GB,2025-06-26 22:26:50,8.74,34.99,75.0,GBP,61,2020-04-14,34.99,GBP,GB,True,False,False,False,False,False,False,1899.0,-26.25,-0.7502143469562732,2025-06-26,False,False,13.806585648148149,True
1151340,018d937e-f886-70e0-a872-4970e8bd9503,GB,2025-07-30 17:16:00,8.74,34.99,75.0,GBP,61,2020-04-14,34.99,GBP,GB,True,False,False,False,False,False,False,1933.0,-26.25,-0.7502143469562732,2025-07-30,False,False,13.9996875,True
1151340,018d937e-f886-70e0-a872-4970e8bd9503,GB,2025-09-29 19:59:53,8.74,34.99,75.0,GBP,61,2020-04-14,34.99,GBP,GB,True,False,False,False,False,False,False,1994.0,-26.25,-0.7502143469562732,2025-09-29,False,False,6.908391203703704,True
1151340,018d937e-f886-70e0-a872-4970e8bd9503,GB,2025-10-17 17:15:50,6.99,34.99,80.0,GBP,61,2020-04-14,34.99,GBP,GB,True,False,False,False,False,False,False,2012.0,-28.0,-0.8002286367533581,2025-10-17,False,False,7.000069444444445,True
1151340,018d937e-f886-70e0-a872-4970e8bd9503,JP,2024-12-07 16:21:22,4800.0,4800.0,0.0,JPY,61,2020-04-14,4800.0,JPY,JP,False,False,False,False,False,False,False,1698.0,0.0,0.0,2024-12-07,False,False,,False
1151340,018d937e-f886-70e0-a872-4970e8bd9503,JP,2024-12-19 20:41:08,1200.0,4800.0,75.0,JPY,61,2020-04-14,4800.0,JPY,JP,True,False,False,False,False,False,False,1710.0,-3600.0,-0.75,2024-12-19,False,False,13.923020833333334,True
1151340,018d937e-f886-70e0-a872-4970e8bd9503,JP,2025-03-13 19:23:07,1200.0,4800.0,75.0,JPY,61,2020-04-14,4800.0,JPY,JP,True,False,False,False,False,False,False,1794.0,-3600.0,-0.75,2025-03-13,False,False,6.936701388888889,True
1151340,018d937e-f886-70e0-a872-4970e8bd9503,JP,2025-06-26 23:09:42,1200.0,4800.0,75.0,JPY,61,2020-04-14,4800.0,JPY,JP,True,False,False,False,False,False,False,1899.0,-3600.0,-0.75,2025-06-26,False,False,13.781793981481481,True
1151340,018d937e-f886-70e0-a872-4970e8bd9503,JP,2025-07-30 17:16:33,1200.0,4800.0,75.0,JPY,61,2020-04-14,4800.0,JPY,JP,True,False,False,False,False,False,False,1933.0,-3600.0,-0.75,2025-07-30,False,False,13.999444444444444,True
1151340,018d937e-f886-70e0-a872-4970e8bd9503,JP,2025-09-29 20:28:41,1200.0,4800.0,75.0,JPY,61,2020-04-14,4800.0,JPY,JP,True,False,False,False,False,False,False,1994.0,-3600.0,-0.75,2025-09-29,False,False,6.895787037037037,True
1151340,018d937e-f886-70e0-a872-4970e8bd9503,JP,2025-10-17 17:16:06,960.0,4800.0,80.0,JPY,61,2020-04-14,4800.0,JPY,JP,True,False,False,False,False,False,False,2012.0,-3840.0,-0.8,2025-10-17,False,False,7.000046296296296,True
1151340,018d937e-f886-70e0-a872-4970e8bd9503,PL,2020-05-14 17:21:15,131.95600000000002,175.95600000000002,25.0,PLN,61,2020-04-14,169.9,PLN,PL,True,True,True,False,False,False,False,30.0,-37.94399999999999,-0.22333137139493808,2020-05-14,True,True,7.000011574074074,True
1151340,018d937e-f886-70e0-a872-4970e8bd9503,PL,2020-05-16 18:10:16,131.95600000000002,175.95600000000002,25.0,PLN,61,2020-04-14,169.9,PLN,PL,True,False,False,False,False,False,False,32.0,-37.94399999999999,-0.22333137139493808,2020-05-16,True,True,,False
1151340,018d937e-f886-70e0-a872-4970e8bd9503,PL,2020-06-25 18:30:08,87.956,175.95600000000002,50.0,PLN,61,2020-04-14,169.9,PLN,PL,True,False,False,False,False,False,False,72.0,-81.944,-0.48230723955267807,2020-06-25,True,True,13.960613425925926,True
1151340,018d937e-f886-70e0-a872-4970e8bd9503,PL,2020-08-04 17:21:41,87.956,175.95600000000002,50.0,PLN,61,2020-04-14,169.9,PLN,PL,True,False,False,False,False,False,False,112.0,-81.944,-0.48230723955267807,2020-08-04,True,True,7.031828703703703,True
1151340,018d937e-f886-70e0-a872-4970e8bd9503,PL,2020-10-20 18:09:07,70.35600000000001,175.95600000000002,60.0,PLN,61,2020-04-14,169.9,PLN,PL,True,False,False,False,False,False,False,189.0,-99.544,-0.585897586815774,2020-10-20,True,True,6.976458333333333,True
1151340,018d937e-f886-70e0-a872-4970e8bd9503,PL,2020-10-26 19:07:44,70.35600000000001,175.95600000000002,60.0,PLN,61,2020-04-14,169.9,PLN,PL,True,False,False,False,False,False,False,195.0,-99.544,-0.585897586815774,2020-10-26,True,True,,False
1151340,018d937e-f886-70e0-a872-4970e8bd9503,PL,2020-11-25 18:28:18,58.036,175.95600000000002,67.0,PLN,61,2020-04-14,169.9,PLN,PL,True,False,False,False,False,False,False,225.0,-111.864,-0.6584108298999412,2020-11-25,True,True,6.005949074074074,True
1151340,018d937e-f886-70e0-a872-4970e8bd9503,PL,2020-12-22 19:02:25,58.036,175.95600000000002,67.0,PLN,61,2020-04-14,169.9,PLN,PL,True,False,False,False,False,False,False,252.0,-111.864,-0.6584108298999412,2020-12-22,True,True,13.992002314814815,True
1151340,018d937e-f886-70e0-a872-4970e8bd9503,PL,2021-02-11 19:00:02,58.036,175.95600000000002,67.0,PLN,61,2020-04-14,169.9,PLN,PL,True,False,False,False,False,False,False,303.0,-111.864,-0.6584108298999412,2021-02-11,True,True,3.9772685185185184,True
1151340,018d937e-f886-70e0-a872-4970e8bd9503,PL,2021-06-10 16:18:10,58.036,175.95600000000002,67.0,PLN,61,2020-04-14,169.9,PLN,PL,True,False,False,False,False,False,False,422.0,-111.864,-0.6584108298999412,2021-06-10,True,True,7.045405092592593,True
1151340,018d937e-f886-70e0-a872-4970e8bd9503,PL,2021-06-28 17:43:14,58.036,175.95600000000002,67.0,PLN,61,2020-04-14,169.9,PLN,PL,True,False,False,False,False,False,False,440.0,-111.864,-0.6584108298999412,2021-06-28,True,True,10.080011574074074,True
1151340,018d937e-f886-70e0-a872-4970e8bd9503,PL,2021-08-10 17:12:26,58.036,175.95600000000002,67.0,PLN,61,2020-04-14,169.9,PLN,PL,True,False,False,False,False,False,False,483.0,-111.864,-0.6584108298999412,2021-08-10,True,True,14.00417824074074,True
1151340,018d937e-f886-70e0-a872-4970e8bd9503,PL,2021-10-12 17:21:34,43.956,175.95600000000002,75.0,PLN,61,2020-04-14,169.9,PLN,PL,True,False,False,False,False,False,False,546.0,-125.944,-0.7412831077104178,2021-10-12,True,True,13.997754629629629,True
1151340,018d937e-f886-70e0-a872-4970e8bd9503,PL,2021-11-24 19:55:35,43.956,175.95600000000002,75.0,PLN,61,2020-04-14,169.9,PLN,PL,True,False,False,False,False,False,False,589.0,-125.944,-0.7412831077104178,2021-11-24,True,True,7.005833333333333,True
1151340,018d937e-f886-70e0-a872-4970e8bd9503,PL,2021-12-22 23:07:36,43.956,175.95600000000002,75.0,PLN,61,2020-04-14,169.9,PLN,PL,True,False,False,False,False,False,False,617.0,-125.944,-0.7412831077104178,2021-12-22,True,True,13.905902777777778,True
1151340,018d937e-f886-70e0-a872-4970e8bd9503,PL,2022-01-27 20:03:42,43.956,175.95600000000002,75.0,PLN,61,2020-04-14,169.9,PLN,PL,True,False,False,False,False,False,False,653.0,-125.944,-0.7412831077104178,2022-01-27,True,True,7.0040625,True
1151340,018d937e-f886-70e0-a872-4970e8bd9503,PL,2022-05-01 17:06:16,58.036,175.95600000000002,67.0,PLN,61,2020-04-14,169.9,PLN,PL,True,False,False,False,False,False,False,747.0,-111.864,-0.6584108298999412,2022-05-01,True,True,2.0086458333333335,True
1151340,018d937e-f886-70e0-a872-4970e8bd9503,PL,2022-06-09 17:19:59,43.956,175.95600000000002,75.0,PLN,61,2020-04-14,169.9,PLN,PL,True,False,False,False,False,False,False,786.0,-125.944,-0.7412831077104178,2022-06-09,True,True,4.00275462962963,True
1151340,018d937e-f886-70e0-a872-4970e8bd9503,PL,2022-06-24 00:39:29,43.956,175.95600000000002,75.0,PLN,61,2020-04-14,169.9,PLN,PL,True,False,False,False,False,False,False,801.0,-125.944,-0.7412831077104178,2022-06-24,True,True,13.794155092592593,True
1151340,018d937e-f886-70e0-a872-4970e8bd9503,PL,2022-08-16 17:12:30,43.956,175.95600000000002,75.0,PLN,61,2020-04-14,169.9,PLN,PL,True,False,False,False,False,False,False,854.0,-125.944,-0.7412831077104178,2022-08-16,True,True,14.004120370370371,True
1151340,018d937e-f886-70e0-a872-4970e8bd9503,PL,2022-10-04 17:18:36,43.956,175.95600000000002,75.0,PLN,61,2020-04-14,169.9,PLN,PL,True,False,False,False,False,False,False,903.0,-125.944,-0.7412831077104178,2022-10-04,True,True,13.993622685185185,True
1151340,018d937e-f886-70e0-a872-4970e8bd9503,PL,2022-11-22 19:50:31,43.956,175.95600000000002,75.0,PLN,61,2020-04-14,169.9,PLN,PL,True,False,False,False,False,False,False,952.0,-125.944,-0.7412831077104178,2022-11-22,True,True,7.0194675925925925,True
1151340,018d937e-f886-70e0-a872-4970e8bd9503,PL,2022-12-22 22:23:05,43.956,175.95600000000002,75.0,PLN,61,2020-04-14,169.9,PLN,PL,True,False,False,False,False,False,False,982.0,-125.944,-0.7412831077104178,2022-12-22,True,True,13.826724537037038,True
1151340,018d937e-f886-70e0-a872-4970e8bd9503,PL,2023-01-23 18:13:18,43.956,175.95600000000002,75.0,PLN,61,2020-04-14,169.9,PLN,PL,True,False,False,False,False,False,False,1014.0,-125.944,-0.7412831077104178,2023-01-23,True,True,7.000277777777778,True
1151340,018d937e-f886-70e0-a872-4970e8bd9503,PL,2023-03-16 18:41:54,43.956,175.95600000000002,75.0,PLN,61,2020-04-14,169.9,PLN,PL,True,False,False,False,False,False,False,1066.0,-125.944,-0.7412831077104178,2023-03-16,True,True,7.052731481481482,True
1151340,018d937e-f886-70e0-a872-4970e8bd9503,PL,2023-06-29 19:51:32,43.956,175.95600000000002,75.0,PLN,61,2020-04-14,169.9,PLN,PL,True,False,False,False,False,False,False,1171.0,-125.944,-0.7412831077104178,2023-06-29,True,True,14.076319444444444,True
1151340,018d937e-f886-70e0-a872-4970e8bd9503,PL,2023-08-02 17:19:10,43.956,175.95600000000002,75.0,PLN,61,2020-04-14,169.9,PLN,PL,True,False,False,False,False,False,False,1205.0,-125.944,-0.7412831077104178,2023-08-02,True,True,13.995590277777778,True
1151340,018d937e-f886-70e0-a872-4970e8bd9503,PL,2023-10-23 17:22:55,35.156000000000006,175.95600000000002,80.0,PLN,61,2020-04-14,169.9,PLN,PL,True,False,False,False,False,False,False,1287.0,-134.744,-0.7930782813419659,2023-10-23,True,True,7.9981481481481485,True
1151340,018d937e-f886-70e0-a872-4970e8bd9503,PL,2023-11-21 20:19:46,35.156000000000006,175.95600000000002,80.0,PLN,61,2020-04-14,169.9,PLN,PL,True,False,False,False,False,False,False,1316.0,-134.744,-0.7930782813419659,2023-11-21,True,True,6.998784722222222,True
1151340,018d937e-f886-70e0-a872-4970e8bd9503,PL,2023-12-21 20:32:35,35.156000000000006,175.95600000000002,80.0,PLN,61,2020-04-14,169.9,PLN,PL,True,False,False,False,False,False,False,1346.0,-134.744,-0.7930782813419659,2023-12-21,True,True,13.977453703703704,True
1151340,018d937e-f886-70e0-a872-4970e8bd9503,PL,2024-01-30 19:07:14,43.956,175.95600000000002,75.0,PLN,61,2020-04-14,169.9,PLN,PL,True,False,False,False,False,False,False,1386.0,-125.944,-0.7412831077104178,2024-01-30,True,True,12.964872685185185,True
1151340,018d937e-f886-70e0-a872-4970e8bd9503,PL,2024-03-14 17:43:24,43.956,175.95600000000002,75.0,PLN,61,2020-04-14,169.9,PLN,PL,True,False,False,False,False,False,False,1430.0,-125.944,-0.7412831077104178,2024-03-14,True,True,7.003784722222222,True
1151340,018d937e-f886-70e0-a872-4970e8bd9503,PL,2024-04-11 17:18:13,35.156000000000006,175.95600000000002,80.0,PLN,61,2020-04-14,169.9,PLN,PL,True,False,False,False,False,False,False,1458.0,-134.744,-0.7930782813419659,2024-04-11,True,True,8.000034722222223,True
1151340,018d937e-f886-70e0-a872-4970e8bd9503,PL,2024-06-27 18:23:28,41.49692307692308,166.11230769230772,75.0,PLN,61,2020-04-14,169.9,PLN,PL,True,False,False,False,False,False,False,1535.0,-128.40307692307692,-0.7557567800063385,2024-06-27,True,True,13.980069444444444,True
1151340,018d937e-f886-70e0-a872-4970e8bd9503,PL,2024-08-08 17:18:29,41.49692307692308,166.11230769230772,75.0,PLN,61,2020-04-14,169.9,PLN,PL,True,False,False,False,False,False,False,1577.0,-128.40307692307692,-0.7557567800063385,2024-08-08,True,True,12.998078703703703,True
1151340,018d937e-f886-70e0-a872-4970e8bd9503,PL,2024-10-22 17:16:08,41.49692307692308,166.11230769230772,75.0,PLN,61,2020-04-14,169.9,PLN,PL,True,False,False,False,False,False,False,1652.0,-128.40307692307692,-0.7557567800063385,2024-10-22,True,True,6.999837962962963,True
1151340,018d937e-f886-70e0-a872-4970e8bd9503,PL,2024-11-27 21:34:48,41.49692307692308,166.11230769230772,75.0,PLN,61,2020-04-14,169.9,PLN,PL,True,False,False,False,False,False,False,1688.0,-128.40307692307692,-0.7557567800063385,2024-11-27,True,True,6.917789351851852,True
1151340,018d937e-f886-70e0-a872-4970e8bd9503,PL,2024-12-19 20:29:52,41.49692307692308,166.11230769230772,75.0,PLN,61,2020-04-14,169.9,PLN,PL,True,False,False,False,False,False,False,1710.0,-128.40307692307692,-0.7557567800063385,2024-12-19,True,True,13.933148148148149,True
1151340,018d937e-f886-70e0-a872-4970e8bd9503,PL,2025-03-13 18:09:37,41.49692307692308,166.11230769230772,75.0,PLN,61,2020-04-14,169.9,PLN,PL,True,False,False,False,False,False,False,1794.0,-128.40307692307692,-0.7557567800063385,2025-03-13,True,True,6.988518518518519,True
1151340,018d937e-f886-70e0-a872-4970e8bd9503,PL,2025-06-26 22:25:16,41.91882352941177,167.80117647058825,75.0,PLN,61,2020-04-14,169.9,PLN,PL,True,False,False,False,False,False,False,1899.0,-127.98117647058824,-0.7532735519163521,2025-06-26,True,True,13.80775462962963,True
1151340,018d937e-f886-70e0-a872-4970e8bd9503,PL,2025-07-30 17:18:28,41.91882352941177,167.80117647058825,75.0,PLN,61,2020-04-14,169.9,PLN,PL,True,False,False,False,False,False,False,1933.0,-127.98117647058824,-0.7532735519163521,2025-07-30,True,True,14.000266203703704,True
1151340,018d937e-f886-70e0-a872-4970e8bd9503,PL,2025-09-29 19:39:18,41.91882352941177,167.80117647058825,75.0,PLN,61,2020-04-14,169.9,PLN,PL,True,False,False,False,False,False,False,1994.0,-127.98117647058824,-0.7532735519163521,2025-09-29,True,True,6.922662037037037,True
1151340,018d937e-f886-70e0-a872-4970e8bd9503,PL,2025-10-17 17:19:06,33.52666666666667,167.80117647058825,80.0,PLN,61,2020-04-14,169.9,PLN,PL,True,False,False,False,False,False,False,2012.0,-136.37333333333333,-0.8026682362173827,2025-10-17,True,True,6.99775462962963,True
1151340,018d937e-f886-70e0-a872-4970e8bd9503,TR,2020-05-14 18:08:53,3.3862500000000004,4.515000000000001,25.0,USD,61,2020-04-14,23.99,USD,TR,True,True,True,False,False,False,False,30.0,-20.603749999999998,-0.8588474364318466,2020-05-14,True,True,6.967199074074074,True
1151340,018d937e-f886-70e0-a872-4970e8bd9503,TR,2020-06-25 17:50:43,2.2575000000000003,4.515000000000001,50.0,USD,61,2020-04-14,23.99,USD,TR,True,False,False,False,False,False,False,72.0,-21.732499999999998,-0.9058982909545644,2020-06-25,True,True,13.9871875,True
1151340,018d937e-f886-70e0-a872-4970e8bd9503,TR,2020-08-04 17:21:30,2.2575000000000003,4.515000000000001,50.0,USD,61,2020-04-14,23.99,USD,TR,True,False,False,False,False,False,False,112.0,-21.732499999999998,-0.9058982909545644,2020-08-04,True,True,7.031805555555556,True
1151340,018d937e-f886-70e0-a872-4970e8bd9503,TR,2020-10-20 18:09:39,1.8060000000000003,4.515000000000001,60.0,USD,61,2020-04-14,23.99,USD,TR,True,False,False,False,False,False,False,189.0,-22.183999999999997,-0.9247186327636515,2020-10-20,True,True,6.97625,True
1151340,018d937e-f886-70e0-a872-4970e8bd9503,TR,2020-10-26 19:07:45,1.8060000000000003,4.515000000000001,60.0,USD,61,2020-04-14,23.99,USD,TR,True,False,False,False,False,False,False,195.0,-22.183999999999997,-0.9247186327636515,2020-10-26,True,True,,False
1151340,018d937e-f886-70e0-a872-4970e8bd9503,TR,2020-11-25 18:28:48,1.48995,4.515000000000001,67.0,USD,61,2020-04-14,23.99,USD,TR,True,False,False,False,False,False,False,225.0,-22.500049999999998,-0.9378928720300125,2020-11-25,True,True,6.004467592592593,True
1151340,018d937e-f886-70e0-a872-4970e8bd9503,TR,2020-12-22 19:00:21,1.48995,4.515000000000001,67.0,USD,61,2020-04-14,23.99,USD,TR,True,False,False,False,False,False,False,252.0,-22.500049999999998,-0.9378928720300125,2020-12-22,True,True,13.996423611111112,True
1151340,018d937e-f886-70e0-a872-4970e8bd9503,TR,2021-02-11 18:58:31,1.48995,4.515000000000001,67.0,USD,61,2020-04-14,23.99,USD,TR,True,False,False,False,False,False,False,303.0,-22.500049999999998,-0.9378928720300125,2021-02-11,True,True,3.977962962962963,True
1151340,018d937e-f886-70e0-a872-4970e8bd9503,TR,2021-06-10 16:18:07,1.48995,4.515000000000001,67.0,USD,61,2020-04-14,23.99,USD,TR,True,False,False,False,False,False,False,422.0,-22.500049999999998,-0.9378928720300125,2021-06-10,True,True,7.045439814814815,True
1151340,018d937e-f886-70e0-a872-4970e8bd9503,TR,2021-06-28 17:37:27,1.48995,4.515000000000001,67.0,USD,61,2020-04-14,23.99,USD,TR,True,False,False,False,False,False,False,440.0,-22.500049999999998,-0.9378928720300125,2021-06-28,True,True,10.084212962962964,True
1151340,018d937e-f886-70e0-a872-4970e8bd9503,TR,2021-08-10 17:18:54,1.48995,4.515000000000001,67.0,USD,61,2020-04-14,23.99,USD,TR,True,False,False,False,False,False,False,483.0,-22.500049999999998,-0.9378928720300125,2021-08-10,True,True,13.997581018518519,True
1151340,018d937e-f886-70e0-a872-4970e8bd9503,TR,2021-10-12 17:21:20,1.1287500000000001,4.515000000000001,75.0,USD,61,2020-04-14,23.99,USD,TR,True,False,False,False,False,False,False,546.0,-22.86125,-0.9529491454772822,2021-10-12,True,True,13.997893518518518,True
1151340,018d937e-f886-70e0-a872-4970e8bd9503,TR,2021-11-24 19:48:30,1.1287500000000001,4.515000000000001,75.0,USD,61,2020-04-14,23.99,USD,TR,True,False,False,False,False,False,False,589.0,-22.86125,-0.9529491454772822,2021-11-24,True,True,7.067997685185185,True
1151340,018d937e-f886-70e0-a872-4970e8bd9503,TR,2021-12-22 20:16:27,1.1287500000000001,4.515000000000001,75.0,USD,61,2020-04-14,23.99,USD,TR,True,False,False,False,False,False,False,617.0,-22.86125,-0.9529491454772822,2021-12-22,True,True,14.091631944444444,True
1151340,018d937e-f886-70e0-a872-4970e8bd9503,TR,2022-01-27 20:05:21,1.1287500000000001,4.515000000000001,75.0,USD,61,2020-04-14,23.99,USD,TR,True,False,False,False,False,False,False,653.0,-22.86125,-0.9529491454772822,2022-01-27,True,True,7.001689814814815,True
1151340,018d937e-f886-70e0-a872-4970e8bd9503,TR,2022-05-01 17:18:32,1.48995,4.515000000000001,67.0,USD,61,2020-04-14,23.99,USD,TR,True,False,False,False,False,False,False,747.0,-22.500049999999998,-0.9378928720300125,2022-05-01,True,True,1.9915046296296297,True
1151340,018d937e-f886-70e0-a872-4970e8bd9503,TR,2022-06-09 17:19:55,1.1287500000000001,4.515000000000001,75.0,USD,61,2020-04-14,23.99,USD,TR,True,False,False,False,False,False,False,786.0,-22.86125,-0.9529491454772822,2022-06-09,True,True,4.0277314814814815,True
1151340,018d937e-f886-70e0-a872-4970e8bd9503,TR,2022-06-24 00:36:32,1.1287500000000001,4.515000000000001,75.0,USD,61,2020-04-14,23.99,USD,TR,True,False,False,False,False,False,False,801.0,-22.86125,-0.9529491454772822,2022-06-24,True,True,13.791666666666666,True
1151340,018d937e-f886-70e0-a872-4970e8bd9503,TR,2022-07-08 02:33:25,12.215000000000002,12.215000000000002,0.0,USD,61,2020-04-14,23.99,USD,TR,False,False,False,True,False,False,False,815.0,-11.774999999999997,-0.4908295122967903,2022-07-08,True,True,,False
1151340,018d937e-f886-70e0-a872-4970e8bd9503,TR,2022-08-16 17:19:04,3.0537500000000004,12.215000000000002,75.0,USD,61,2020-04-14,23.99,USD,TR,True,False,False,False,False,False,False,854.0,-20.936249999999998,-0.8727073780741976,2022-08-16,True,True,13.99119212962963,True
1151340,018d937e-f886-70e0-a872-4970e8bd9503,TR,2022-10-04 17:06:23,3.0537500000000004,12.215000000000002,75.0,USD,61,2020-04-14,23.99,USD,TR,True,False,False,False,False,False,False,903.0,-20.936249999999998,-0.8727073780741976,2022-10-04,True,True,14.009444444444444,True
1151340,018d937e-f886-70e0-a872-4970e8bd9503,TR,2022-11-22 22:28:09,3.0537500000000004,12.215000000000002,75.0,USD,61,2020-04-14,23.99,USD,TR,True,False,False,False,False,False,False,952.0,-20.936249999999998,-0.8727073780741976,2022-11-22,True,True,6.910150462962963,True
1151340,018d937e-f886-70e0-a872-4970e8bd9503,TR,2022-12-22 19:55:25,3.0537500000000004,12.215000000000002,75.0,USD,61,2020-04-14,23.99,USD,TR,True,False,False,False,False,False,False,982.0,-20.936249999999998,-0.8727073780741976,2022-12-22,True,True,13.999444444444444,True
1151340,018d937e-f886-70e0-a872-4970e8bd9503,TR,2023-01-23 18:04:00,3.0537500000000004,12.215000000000002,75.0,USD,61,2020-04-14,23.99,USD,TR,True,False,False,False,False,False,False,1014.0,-20.936249999999998,-0.8727073780741976,2023-01-23,True,True,7.017581018518518,True
1151340,018d937e-f886-70e0-a872-4970e8bd9503,TR,2023-03-16 18:41:51,3.0537500000000004,12.215000000000002,75.0,USD,61,2020-04-14,23.99,USD,TR,True,False,False,False,False,False,False,1066.0,-20.936249999999998,-0.8727073780741976,2023-03-16,True,True,6.957569444444444,True
1151340,018d937e-f886-70e0-a872-4970e8bd9503,TR,2023-06-29 19:28:51,3.0537500000000004,12.215000000000002,75.0,USD,61,2020-04-14,23.99,USD,TR,True,False,False,False,False,False,False,1171.0,-20.936249999999998,-0.8727073780741976,2023-06-29,True,True,47.90755787037037,True
1151340,018d937e-f886-70e0-a872-4970e8bd9503,TR,2023-10-23 17:22:22,2.443,12.215000000000002,80.0,USD,61,2020-04-14,23.99,USD,TR,True,False,False,False,False,False,False,1287.0,-21.546999999999997,-0.898165902459358,2023-10-23,True,True,7.998460648148148,True
1151340,018d937e-f886-70e0-a872-4970e8bd9503,TR,2023-11-21 16:09:21,24.178700000000003,24.178700000000003,0.0,USD,61,2020-04-14,23.99,USD,TR,False,False,False,True,False,False,False,1316.0,0.1887000000000043,0.00786577740725325,2023-11-21,True,True,,False
1151340,018d937e-f886-70e0-a872-4970e8bd9503,TR,2023-11-21 20:16:42,4.8216,24.147900000000003,80.0,USD,61,2020-04-14,23.99,USD,TR,True,False,False,False,False,False,False,1316.0,-19.1684,-0.7990162567736556,2023-11-21,True,True,6.997268518518519,True
1151340,018d937e-f886-70e0-a872-4970e8bd9503,TR,2023-12-21 23:56:19,4.892650000000001,24.504550000000002,80.0,USD,61,2020-04-14,23.99,USD,TR,True,False,False,False,False,False,False,1346.0,-19.09735,-0.7960546060858691,2023-12-21,True,True,13.831817129629629,True
1151340,018d937e-f886-70e0-a872-4970e8bd9503,TR,2024-01-30 23:56:28,6.3658,25.49505,75.0,USD,61,2020-04-14,23.99,USD,TR,True,False,False,False,False,False,False,1386.0,-17.6242,-0.7346477699041267,2024-01-30,True,True,12.765393518518518,True
1151340,018d937e-f886-70e0-a872-4970e8bd9503,TR,2024-02-11 07:10:01,5.99,23.99,75.0,USD,61,2020-04-14,23.99,USD,TR,True,True,False,False,False,False,False,1398.0,-18.0,-0.7503126302626094,2024-02-11,False,False,,False
1151340,018d937e-f886-70e0-a872-4970e8bd9503,TR,2024-03-14 17:43:25,5.99,23.99,75.0,USD,61,2020-04-14,23.99,USD,TR,True,False,False,False,False,False,False,1430.0,-18.0,-0.7503126302626094,2024-03-14,False,False,7.00181712962963,True
1151340,018d937e-f886-70e0-a872-4970e8bd9503,TR,2024-04-11 17:15:32,4.79,23.99,80.0,USD,61,2020-04-14,23.99,USD,TR,True,False,False,False,False,False,False,1458.0,-19.2,-0.8003334722801168,2024-04-11,False,False,7.999907407407408,True
1151340,018d937e-f886-70e0-a872-4970e8bd9503,TR,2024-06-27 18:23:47,5.99,23.99,75.0,USD,61,2020-04-14,23.99,USD,TR,True,False,False,False,False,False,False,1535.0,-18.0,-0.7503126302626094,2024-06-27,False,False,13.979594907407407,True
1151340,018d937e-f886-70e0-a872-4970e8bd9503,TR,2024-08-08 17:15:37,5.99,23.99,75.0,USD,61,2020-04-14,23.99,USD,TR,True,False,False,False,False,False,False,1577.0,-18.0,-0.7503126302626094,2024-08-08,False,False,13.00011574074074,True
1151340,018d937e-f886-70e0-a872-4970e8bd9503,TR,2024-10-22 17:18:19,5.99,23.99,75.0,USD,61,2020-04-14,23.99,USD,TR,True,False,False,False,False,False,False,1652.0,-18.0,-0.7503126302626094,2024-10-22,False,False,7.000532407407407,True
1151340,018d937e-f886-70e0-a872-4970e8bd9503,TR,2024-11-27 22:02:50,5.99,23.99,75.0,USD,61,2020-04-14,23.99,USD,TR,True,False,False,False,False,False,False,1688.0,-18.0,-0.7503126302626094,2024-11-27,False,False,6.8982986111111115,True
1151340,018d937e-f886-70e0-a872-4970e8bd9503,TR,2024-12-19 23:02:45,5.99,23.99,75.0,USD,61,2020-04-14,23.99,USD,TR,True,False,False,False,False,False,False,1710.0,-18.0,-0.7503126302626094,2024-12-19,False,False,13.826863425925925,True
1151340,018d937e-f886-70e0-a872-4970e8bd9503,TR,2025-03-13 19:00:40,5.99,23.99,75.0,USD,61,2020-04-14,23.99,USD,TR,True,False,False,False,False,False,False,1794.0,-18.0,-0.7503126302626094,2025-03-13,False,False,6.949224537037037,True
1151340,018d937e-f886-70e0-a872-4970e8bd9503,TR,2025-06-26 22:34:55,5.99,23.99,75.0,USD,61,2020-04-14,23.99,USD,TR,True,False,False,False,False,False,False,1899.0,-18.0,-0.7503126302626094,2025-06-26,False,False,13.804247685185185,True
1151340,018d937e-f886-70e0-a872-4970e8bd9503,TR,2025-07-30 17:15:56,5.99,23.99,75.0,USD,61,2020-04-14,23.99,USD,TR,True,False,False,False,False,False,False,1933.0,-18.0,-0.7503126302626094,2025-07-30,False,False,14.001655092592593,True
1151340,018d937e-f886-70e0-a872-4970e8bd9503,TR,2025-09-29 20:03:50,5.99,23.99,75.0,USD,61,2020-04-14,23.99,USD,TR,True,False,False,False,False,False,False,1994.0,-18.0,-0.7503126302626094,2025-09-29,False,False,6.905289351851851,True
1151340,018d937e-f886-70e0-a872-4970e8bd9503,TR,2025-10-17 17:18:22,4.79,23.99,80.0,USD,61,2020-04-14,23.99,USD,TR,True,False,False,False,False,False,False,2012.0,-19.2,-0.8003334722801168,2025-10-17,False,False,6.998275462962963,True
1151340,018d937e-f886-70e0-a872-4970e8bd9503,US,2020-05-14 18:09:00,29.99,39.99,25.0,USD,61,2020-04-14,39.99,USD,US,True,False,False,False,False,False,False,30.0,-10.000000000000004,-0.25006251562890736,2020-05-14,False,False,6.966875,True
1151340,018d937e-f886-70e0-a872-4970e8bd9503,US,2020-06-25 18:32:42,19.99,39.99,50.0,USD,61,2020-04-14,39.99,USD,US,True,False,False,False,False,False,False,72.0,-20.000000000000004,-0.5001250312578145,2020-06-25,False,False,13.952604166666667,True
1151340,018d937e-f886-70e0-a872-4970e8bd9503,US,2020-08-04 17:21:40,19.99,39.99,50.0,USD,61,2020-04-14,39.99,USD,US,True,False,False,False,False,False,False,112.0,-20.000000000000004,-0.5001250312578145,2020-08-04,False,False,7.031712962962963,True
1151340,018d937e-f886-70e0-a872-4970e8bd9503,US,2020-10-20 18:09:32,15.99,39.99,60.0,USD,61,2020-04-14,39.99,USD,US,True,False,False,False,False,False,False,189.0,-24.0,-0.6001500375093773,2020-10-20,False,False,6.976203703703704,True
1151340,018d937e-f886-70e0-a872-4970e8bd9503,US,2020-10-26 19:07:52,15.99,39.99,60.0,USD,61,2020-04-14,39.99,USD,US,True,False,False,False,False,False,False,195.0,-24.0,-0.6001500375093773,2020-10-26,False,False,,False
1151340,018d937e-f886-70e0-a872-4970e8bd9503,US,2020-11-25 18:33:38,13.19,39.99,67.0,USD,61,2020-04-14,39.99,USD,US,True,False,False,False,False,False,False,225.0,-26.800000000000004,-0.6701675418854713,2020-11-25,False,False,6.002650462962963,True
1151340,018d937e-f886-70e0-a872-4970e8bd9503,US,2020-12-22 18:57:09,13.19,39.99,67.0,USD,61,2020-04-14,39.99,USD,US,True,False,False,False,False,False,False,252.0,-26.800000000000004,-0.6701675418854713,2020-12-22,False,False,13.994467592592592,True
1151340,018d937e-f886-70e0-a872-4970e8bd9503,US,2021-02-11 19:02:07,13.19,39.99,67.0,USD,61,2020-04-14,39.99,USD,US,True,False,False,False,False,False,False,303.0,-26.800000000000004,-0.6701675418854713,2021-02-11,False,False,3.9747569444444446,True
1151340,018d937e-f886-70e0-a872-4970e8bd9503,US,2021-06-10 16:18:10,13.19,39.99,67.0,USD,61,2020-04-14,39.99,USD,US,True,False,False,False,False,False,False,422.0,-26.800000000000004,-0.6701675418854713,2021-06-10,False,False,7.045393518518519,True
1151340,018d937e-f886-70e0-a872-4970e8bd9503,US,2021-06-28 17:31:21,13.19,39.99,67.0,USD,61,2020-04-14,39.99,USD,US,True,False,False,False,False,False,False,440.0,-26.800000000000004,-0.6701675418854713,2021-06-28,False,False,9.991215277777778,True
1151340,018d937e-f886-70e0-a872-4970e8bd9503,US,2021-08-10 17:15:28,13.19,39.99,67.0,USD,61,2020-04-14,39.99,USD,US,True,False,False,False,False,False,False,483.0,-26.800000000000004,-0.6701675418854713,2021-08-10,False,False,14.002384259259259,True
1151340,018d937e-f886-70e0-a872-4970e8bd9503,US,2021-10-12 17:21:37,9.99,39.99,75.0,USD,61,2020-04-14,39.99,USD,US,True,False,False,False,False,False,False,546.0,-30.0,-0.7501875468867216,2021-10-12,False,False,13.991423611111111,True
1151340,018d937e-f886-70e0-a872-4970e8bd9503,US,2021-11-24 19:58:13,9.99,39.99,75.0,USD,61,2020-04-14,39.99,USD,US,True,False,False,False,False,False,False,589.0,-30.0,-0.7501875468867216,2021-11-24,False,False,7.004155092592592,True
1151340,018d937e-f886-70e0-a872-4970e8bd9503,US,2021-12-22 20:08:18,9.99,39.99,75.0,USD,61,2020-04-14,39.99,USD,US,True,False,False,False,False,False,False,617.0,-30.0,-0.7501875468867216,2021-12-22,False,False,14.021921296296297,True
1151340,018d937e-f886-70e0-a872-4970e8bd9503,US,2022-01-27 20:03:12,9.99,39.99,75.0,USD,61,2020-04-14,39.99,USD,US,True,False,False,False,False,False,False,653.0,-30.0,-0.7501875468867216,2022-01-27,False,False,7.004641203703704,True
1151340,018d937e-f886-70e0-a872-4970e8bd9503,US,2022-05-01 17:15:18,13.19,39.99,67.0,USD,61,2020-04-14,39.99,USD,US,True,False,False,False,False,False,False,747.0,-26.800000000000004,-0.6701675418854713,2022-05-01,False,False,1.9937152777777778,True
1151340,018d937e-f886-70e0-a872-4970e8bd9503,US,2022-06-09 17:12:31,9.99,39.99,75.0,USD,61,2020-04-14,39.99,USD,US,True,False,False,False,False,False,False,786.0,-30.0,-0.7501875468867216,2022-06-09,False,False,4.001759259259259,True
1151340,018d937e-f886-70e0-a872-4970e8bd9503,US,2022-06-24 00:42:18,9.99,39.99,75.0,USD,61,2020-04-14,39.99,USD,US,True,False,False,False,False,False,False,801.0,-30.0,-0.7501875468867216,2022-06-24,False,False,13.79082175925926,True
1151340,018d937e-f886-70e0-a872-4970e8bd9503,US,2022-08-16 17:18:56,9.99,39.99,75.0,USD,61,2020-04-14,39.99,USD,US,True,False,False,False,False,False,False,854.0,-30.0,-0.7501875468867216,2022-08-16,False,False,14.000277777777777,True
1151340,018d937e-f886-70e0-a872-4970e8bd9503,US,2022-10-04 17:06:23,9.99,39.99,75.0,USD,61,2020-04-14,39.99,USD,US,True,False,False,False,False,False,False,903.0,-30.0,-0.7501875468867216,2022-10-04,False,False,14.008449074074074,True
1151340,018d937e-f886-70e0-a872-4970e8bd9503,US,2022-11-22 19:53:35,9.99,39.99,75.0,USD,61,2020-04-14,39.99,USD,US,True,False,False,False,False,False,False,952.0,-30.0,-0.7501875468867216,2022-11-22,False,False,7.0195949074074075,True
1151340,018d937e-f886-70e0-a872-4970e8bd9503,US,2022-12-22 19:52:01,9.99,39.99,75.0,USD,61,2020-04-14,39.99,USD,US,True,False,False,False,False,False,False,982.0,-30.0,-0.7501875468867216,2022-12-22,False,False,13.99554398148148,True
1151340,018d937e-f886-70e0-a872-4970e8bd9503,US,2023-01-23 18:50:51,9.99,39.99,75.0,USD,61,2020-04-14,39.99,USD,US,True,False,False,False,False,False,False,1014.0,-30.0,-0.7501875468867216,2023-01-23,False,False,6.969814814814815,True
1151340,018d937e-f886-70e0-a872-4970e8bd9503,US,2023-03-16 18:47:59,9.99,39.99,75.0,USD,61,2020-04-14,39.99,USD,US,True,False,False,False,False,False,False,1066.0,-30.0,-0.7501875468867216,2023-03-16,False,False,6.9533101851851855,True
1151340,018d937e-f886-70e0-a872-4970e8bd9503,US,2023-06-29 19:39:11,9.99,39.99,75.0,USD,61,2020-04-14,39.99,USD,US,True,False,False,False,False,False,False,1171.0,-30.0,-0.7501875468867216,2023-06-29,False,False,13.990104166666667,True
1151340,018d937e-f886-70e0-a872-4970e8bd9503,US,2023-08-02 17:15:28,9.99,39.99,75.0,USD,61,2020-04-14,39.99,USD,US,True,False,False,False,False,False,False,1205.0,-30.0,-0.7501875468867216,2023-08-02,False,False,14.00332175925926,True
1151340,018d937e-f886-70e0-a872-4970e8bd9503,US,2023-10-23 17:27:11,7.99,39.99,80.0,USD,61,2020-04-14,39.99,USD,US,True,False,False,False,False,False,False,1287.0,-32.0,-0.8002000500125032,2023-10-23,False,False,7.995115740740741,True
1151340,018d937e-f886-70e0-a872-4970e8bd9503,US,2023-11-21 20:05:37,7.99,39.99,80.0,USD,61,2020-04-14,39.99,USD,US,True,False,False,False,False,False,False,1316.0,-32.0,-0.8002000500125032,2023-11-21,False,False,7.003472222222222,True
1151340,018d937e-f886-70e0-a872-4970e8bd9503,US,2023-12-21 20:28:48,7.99,39.99,80.0,USD,61,2020-04-14,39.99,USD,US,True,False,False,False,False,False,False,1346.0,-32.0,-0.8002000500125032,2023-12-21,False,False,13.978206018518518,True
1151340,018d937e-f886-70e0-a872-4970e8bd9503,US,2024-01-30 19:06:50,9.99,39.99,75.0,USD,61,2020-04-14,39.99,USD,US,True,False,False,False,False,False,False,1386.0,-30.0,-0.7501875468867216,2024-01-30,False,False,12.965034722222223,True
1151340,018d937e-f886-70e0-a872-4970e8bd9503,US,2024-03-14 17:36:49,9.99,39.99,75.0,USD,61,2020-04-14,39.99,USD,US,True,False,False,False,False,False,False,1430.0,-30.0,-0.7501875468867216,2024-03-14,False,False,7.006423611111111,True
1151340,018d937e-f886-70e0-a872-4970e8bd9503,US,2024-04-11 17:18:09,7.99,39.99,80.0,USD,61,2020-04-14,39.99,USD,US,True,False,False,False,False,False,False,1458.0,-32.0,-0.8002000500125032,2024-04-11,False,False,8.000185185185185,True
1151340,018d937e-f886-70e0-a872-4970e8bd9503,US,2024-06-27 18:23:24,9.99,39.99,75.0,USD,61,2020-04-14,39.99,USD,US,True,False,False,False,False,False,False,1535.0,-30.0,-0.7501875468867216,2024-06-27,False,False,13.979988425925926,True
1151340,018d937e-f886-70e0-a872-4970e8bd9503,US,2024-08-08 17:16:10,9.99,39.99,75.0,USD,61,2020-04-14,39.99,USD,US,True,False,False,False,False,False,False,1577.0,-30.0,-0.7501875468867216,2024-08-08,False,False,12.999583333333334,True
1151340,018d937e-f886-70e0-a872-4970e8bd9503,US,2024-10-22 17:18:27,9.99,39.99,75.0,USD,61,2020-04-14,39.99,USD,US,True,False,False,False,False,False,False,1652.0,-30.0,-0.7501875468867216,2024-10-22,False,False,7.0001851851851855,True
1151340,018d937e-f886-70e0-a872-4970e8bd9503,US,2024-11-27 21:34:54,9.99,39.99,75.0,USD,61,2020-04-14,39.99,USD,US,True,False,False,False,False,False,False,1688.0,-30.0,-0.7501875468867216,2024-11-27,False,False,6.917708333333334,True
1151340,018d937e-f886-70e0-a872-4970e8bd9503,US,2024-12-19 23:02:31,9.99,39.99,75.0,USD,61,2020-04-14,39.99,USD,US,True,False,False,False,False,False,False,1710.0,-30.0,-0.7501875468867216,2024-12-19,False,False,13.822997685185186,True
1151340,018d937e-f886-70e0-a872-4970e8bd9503,US,2025-03-13 18:15:03,9.99,39.99,75.0,USD,61,2020-04-14,39.99,USD,US,True,False,False,False,False,False,False,1794.0,-30.0,-0.7501875468867216,2025-03-13,False,False,6.9826041666666665,True
1151340,018d937e-f886-70e0-a872-4970e8bd9503,US,2025-06-26 22:23:15,9.99,39.99,75.0,USD,61,2020-04-14,39.99,USD,US,True,False,False,False,False,False,False,1899.0,-30.0,-0.7501875468867216,2025-06-26,False,False,13.812372685185185,True
1151340,018d937e-f886-70e0-a872-4970e8bd9503,US,2025-07-30 17:15:42,9.99,39.99,75.0,USD,61,2020-04-14,39.99,USD,US,True,False,False,False,False,False,False,1933.0,-30.0,-0.7501875468867216,2025-07-30,False,False,14.000185185185185,True
1151340,018d937e-f886-70e0-a872-4970e8bd9503,US,2025-09-29 20:03:30,9.99,39.99,75.0,USD,61,2020-04-14,39.99,USD,US,True,False,False,False,False,False,False,1994.0,-30.0,-0.7501875468867216,2025-09-29,False,False,6.905555555555556,True
1151340,018d937e-f886-70e0-a872-4970e8bd9503,US,2025-10-17 17:19:06,7.99,39.99,80.0,USD,61,2020-04-14,39.99,USD,US,True,False,False,False,False,False,False,2012.0,-32.0,-0.8002000500125032,2025-10-17,False,False,6.999756944444444,True
1174180,018d937f-3a3b-7210-bd2d-0d1dfb1d84c0,AR,2019-12-12 18:21:26,47.99,59.99,20.0,USD,61,2019-12-05,59.99,USD,AR,True,False,False,False,False,False,False,7.0,-12.0,-0.200033338889815,2019-12-12,False,False,1.9998842592592592,True
1174180,018d937f-3a3b-7210-bd2d-0d1dfb1d84c0,AR,2019-12-19 18:26:52,47.99,59.99,20.0,USD,61,2019-12-05,59.99,USD,AR,True,False,False,False,False,False,False,14.0,-12.0,-0.200033338889815,2019-12-19,False,False,13.99693287037037,True
1174180,018d937f-3a3b-7210-bd2d-0d1dfb1d84c0,AR,2020-01-23 18:33:53,47.99,59.99,20.0,USD,61,2019-12-05,59.99,USD,AR,True,False,False,False,False,False,False,49.0,-12.0,-0.200033338889815,2020-01-23,False,False,13.991261574074073,True
1174180,018d937f-3a3b-7210-bd2d-0d1dfb1d84c0,AR,2020-03-17 18:21:22,47.99,59.99,20.0,USD,61,2019-12-05,59.99,USD,AR,True,False,False,False,False,False,False,103.0,-12.0,-0.200033338889815,2020-03-17,False,False,6.990138888888889,True
1174180,018d937f-3a3b-7210-bd2d-0d1dfb1d84c0,AR,2020-05-11 17:23:26,47.99,59.99,20.0,USD,61,2019-12-05,59.99,USD,AR,True,False,False,False,False,False,False,158.0,-12.0,-0.200033338889815,2020-05-11,False,False,13.998726851851853,True
1174180,018d937f-3a3b-7210-bd2d-0d1dfb1d84c0,AR,2020-06-25 17:51:09,47.99,59.99,20.0,USD,61,2019-12-05,59.99,USD,AR,True,False,False,False,False,False,False,203.0,-12.0,-0.200033338889815,2020-06-25,False,False,13.984074074074075,True
1174180,018d937f-3a3b-7210-bd2d-0d1dfb1d84c0,AR,2020-07-30 17:21:17,47.99,59.99,20.0,USD,61,2019-12-05,59.99,USD,AR,True,False,False,False,False,False,False,238.0,-12.0,-0.200033338889815,2020-07-30,False,False,14.000034722222223,True
1174180,018d937f-3a3b-7210-bd2d-0d1dfb1d84c0,AR,2020-09-23 18:49:09,40.19,59.99,33.0,USD,61,2019-12-05,59.99,USD,AR,True,False,False,False,False,False,False,293.0,-19.800000000000004,-0.33005500916819475,2020-09-23,False,False,13.971041666666666,True
1174180,018d937f-3a3b-7210-bd2d-0d1dfb1d84c0,AR,2020-10-29 17:22:18,40.19,59.99,33.0,USD,61,2019-12-05,59.99,USD,AR,True,False,False,False,False,False,False,329.0,-19.800000000000004,-0.33005500916819475,2020-10-29,False,False,4.043900462962963,True
1174180,018d937f-3a3b-7210-bd2d-0d1dfb1d84c0,AR,2020-11-25 18:25:08,40.19,59.99,33.0,USD,61,2019-12-05,59.99,USD,AR,True,False,False,False,False,False,False,356.0,-19.800000000000004,-0.33005500916819475,2020-11-25,False,False,6.008148148148148,True
1174180,018d937f-3a3b-7210-bd2d-0d1dfb1d84c0,AR,2020-12-09 18:07:17,40.19,59.99,33.0,USD,61,2019-12-05,59.99,USD,AR,True,False,False,False,False,False,False,370.0,-19.800000000000004,-0.33005500916819475,2020-12-09,False,False,5.009837962962963,True
1174180,018d937f-3a3b-7210-bd2d-0d1dfb1d84c0,AR,2020-12-22 19:01:16,40.19,59.99,33.0,USD,61,2019-12-05,59.99,USD,AR,True,False,False,False,False,False,False,383.0,-19.800000000000004,-0.33005500916819475,2020-12-22,False,False,13.99431712962963,True
1174180,018d937f-3a3b-7210-bd2d-0d1dfb1d84c0,AR,2021-01-15 18:21:11,40.19,59.99,33.0,USD,61,2019-12-05,59.99,USD,AR,True,False,False,False,False,False,False,407.0,-19.800000000000004,-0.33005500916819475,2021-01-15,False,False,14.000034722222223,True
1174180,018d937f-3a3b-7210-bd2d-0d1dfb1d84c0,AR,2021-02-11 18:57:54,40.19,59.99,33.0,USD,61,2019-12-05,59.99,USD,AR,True,False,False,False,False,False,False,434.0,-19.800000000000004,-0.33005500916819475,2021-02-11,False,False,3.9791435185185184,True
1174180,018d937f-3a3b-7210-bd2d-0d1dfb1d84c0,AR,2021-03-18 17:21:11,40.19,59.99,33.0,USD,61,2019-12-05,59.99,USD,AR,True,False,False,False,False,False,False,469.0,-19.800000000000004,-0.33005500916819475,2021-03-18,False,False,13.998668981481481,True
1174180,018d937f-3a3b-7210-bd2d-0d1dfb1d84c0,AR,2021-05-17 17:18:29,40.19,59.99,33.0,USD,61,2019-12-05,59.99,USD,AR,True,False,False,False,False,False,False,529.0,-19.800000000000004,-0.33005500916819475,2021-05-17,False,False,14.006701388888889,True
1174180,018d937f-3a3b-7210-bd2d-0d1dfb1d84c0,AR,2021-06-28 17:36:32,40.19,59.99,33.0,USD,61,2019-12-05,59.99,USD,AR,True,False,False,False,False,False,False,571.0,-19.800000000000004,-0.33005500916819475,2021-06-28,False,False,10.086701388888889,True
1174180,018d937f-3a3b-7210-bd2d-0d1dfb1d84c0,AR,2021-07-15 17:18:43,40.19,59.99,33.0,USD,61,2019-12-05,59.99,USD,AR,True,False,False,False,False,False,False,588.0,-19.800000000000004,-0.33005500916819475,2021-07-15,False,False,14.004108796296297,True
1174180,018d937f-3a3b-7210-bd2d-0d1dfb1d84c0,AR,2021-09-09 17:24:41,40.19,59.99,33.0,USD,61,2019-12-05,59.99,USD,AR,True,False,False,False,False,False,False,644.0,-19.800000000000004,-0.33005500916819475,2021-09-09,False,False,14.002592592592592,True
1174180,018d937f-3a3b-7210-bd2d-0d1dfb1d84c0,AR,2021-10-28 19:04:12,40.19,59.99,33.0,USD,61,2019-12-05,59.99,USD,AR,True,False,False,False,False,False,False,693.0,-19.800000000000004,-0.33005500916819475,2021-10-28,False,False,4.05,True
1174180,018d937f-3a3b-7210-bd2d-0d1dfb1d84c0,AR,2021-11-04 17:20:59,40.19,59.99,33.0,USD,61,2019-12-05,59.99,USD,AR,True,False,False,False,False,False,False,700.0,-19.800000000000004,-0.33005500916819475,2021-11-04,False,False,14.040081018518519,True
1174180,018d937f-3a3b-7210-bd2d-0d1dfb1d84c0,AR,2021-11-24 20:04:07,29.99,59.99,50.0,USD,61,2019-12-05,59.99,USD,AR,True,False,False,False,False,False,False,720.0,-30.000000000000004,-0.5000833472245374,2021-11-24,False,False,6.936631944444445,True
1174180,018d937f-3a3b-7210-bd2d-0d1dfb1d84c0,AR,2021-12-09 16:03:09,29.99,59.99,50.0,USD,61,2019-12-05,59.99,USD,AR,True,False,False,False,False,False,False,735.0,-30.000000000000004,-0.5000833472245374,2021-12-09,False,False,4.108217592592593,True
1174180,018d937f-3a3b-7210-bd2d-0d1dfb1d84c0,AR,2021-12-23 01:36:46,29.99,59.99,50.0,USD,61,2019-12-05,59.99,USD,AR,True,False,False,False,False,False,False,749.0,-30.000000000000004,-0.5000833472245374,2021-12-23,False,False,13.696527777777778,True
1174180,018d937f-3a3b-7210-bd2d-0d1dfb1d84c0,AR,2022-01-12 19:50:51,29.99,59.99,50.0,USD,61,2019-12-05,59.99,USD,AR,True,False,False,False,False,False,False,769.0,-30.000000000000004,-0.5000833472245374,2022-01-12,False,False,13.927442129629629,True
1174180,018d937f-3a3b-7210-bd2d-0d1dfb1d84c0,AR,2022-01-27 20:04:19,29.99,59.99,50.0,USD,61,2019-12-05,59.99,USD,AR,True,False,False,False,False,False,False,784.0,-30.000000000000004,-0.5000833472245374,2022-01-27,False,False,7.004710648148148,True
1174180,018d937f-3a3b-7210-bd2d-0d1dfb1d84c0,AR,2022-03-24 17:33:56,29.99,59.99,50.0,USD,61,2019-12-05,59.99,USD,AR,True,False,False,False,False,False,False,840.0,-30.000000000000004,-0.5000833472245374,2022-03-24,False,False,13.991006944444445,True
1174180,018d937f-3a3b-7210-bd2d-0d1dfb1d84c0,AR,2022-05-05 17:52:20,29.99,59.99,50.0,USD,61,2019-12-05,59.99,USD,AR,True,False,False,False,False,False,False,882.0,-30.000000000000004,-0.5000833472245374,2022-05-05,False,False,13.977511574074073,True
1174180,018d937f-3a3b-7210-bd2d-0d1dfb1d84c0,AR,2022-06-16 17:15:41,29.99,59.99,50.0,USD,61,2019-12-05,59.99,USD,AR,True,False,False,False,False,False,False,924.0,-30.000000000000004,-0.5000833472245374,2022-06-16,False,False,21.10181712962963,True
1174180,018d937f-3a3b-7210-bd2d-0d1dfb1d84c0,AR,2022-07-21 17:10:01,29.99,59.99,50.0,USD,61,2019-12-05,59.99,USD,AR,True,False,False,False,False,False,False,959.0,-30.000000000000004,-0.5000833472245374,2022-07-21,False,False,14.001921296296297,True
1174180,018d937f-3a3b-7210-bd2d-0d1dfb1d84c0,AR,2022-09-01 17:19:48,29.99,59.99,50.0,USD,61,2019-12-05,59.99,USD,AR,True,False,False,False,False,False,False,1001.0,-30.000000000000004,-0.5000833472245374,2022-09-01,False,False,13.995069444444445,True
1174180,018d937f-3a3b-7210-bd2d-0d1dfb1d84c0,AR,2022-10-18 17:12:32,29.99,59.99,50.0,USD,61,2019-12-05,59.99,USD,AR,True,False,False,False,False,False,False,1048.0,-30.000000000000004,-0.5000833472245374,2022-10-18,False,False,14.004375,True
1174180,018d937f-3a3b-7210-bd2d-0d1dfb1d84c0,AR,2022-11-22 19:54:33,19.79,59.99,67.0,USD,61,2019-12-05,59.99,USD,AR,True,False,False,False,False,False,False,1083.0,-40.2,-0.6701116852808802,2022-11-22,False,False,7.019814814814815,True
1174180,018d937f-3a3b-7210-bd2d-0d1dfb1d84c0,AR,2022-12-05 18:44:46,19.79,59.99,67.0,USD,61,2019-12-05,59.99,USD,AR,True,False,False,False,False,False,False,1096.0,-40.2,-0.6701116852808802,2022-12-05,False,False,13.982858796296297,True
1174180,018d937f-3a3b-7210-bd2d-0d1dfb1d84c0,AR,2022-12-23 01:03:45,19.79,59.99,67.0,USD,61,2019-12-05,59.99,USD,AR,True,False,False,False,False,False,False,1114.0,-40.2,-0.6701116852808802,2022-12-23,False,False,13.884895833333333,True
1174180,018d937f-3a3b-7210-bd2d-0d1dfb1d84c0,AR,2023-01-19 18:10:07,19.79,59.99,67.0,USD,61,2019-12-05,59.99,USD,AR,True,False,False,False,False,False,False,1141.0,-40.2,-0.6701116852808802,2023-01-19,False,False,55.10982638888889,True
1174180,018d937f-3a3b-7210-bd2d-0d1dfb1d84c0,AR,2023-03-16 21:06:32,19.79,59.99,67.0,USD,61,2019-12-05,59.99,USD,AR,True,False,False,False,False,False,False,1197.0,-40.2,-0.6701116852808802,2023-03-16,False,False,6.857175925925926,True
1174180,018d937f-3a3b-7210-bd2d-0d1dfb1d84c0,AR,2023-04-14 19:25:01,19.79,59.99,67.0,USD,61,2019-12-05,59.99,USD,AR,True,False,False,False,False,False,False,1226.0,-40.2,-0.6701116852808802,2023-04-14,False,False,13.995347222222222,True
1174180,018d937f-3a3b-7210-bd2d-0d1dfb1d84c0,AR,2023-05-29 20:38:45,19.79,59.99,67.0,USD,61,2019-12-05,59.99,USD,AR,True,False,False,False,False,False,False,1271.0,-40.2,-0.6701116852808802,2023-05-29,False,False,13.985856481481482,True
1174180,018d937f-3a3b-7210-bd2d-0d1dfb1d84c0,AR,2023-06-29 19:40:13,19.79,59.99,67.0,USD,61,2019-12-05,59.99,USD,AR,True,False,False,False,False,False,False,1302.0,-40.2,-0.6701116852808802,2023-06-29,False,False,13.990381944444444,True
1174180,018d937f-3a3b-7210-bd2d-0d1dfb1d84c0,AR,2023-07-20 17:19:01,19.79,59.99,67.0,USD,61,2019-12-05,59.99,USD,AR,True,False,False,False,False,False,False,1323.0,-40.2,-0.6701116852808802,2023-07-20,False,False,13.99994212962963,True
1174180,018d937f-3a3b-7210-bd2d-0d1dfb1d84c0,AR,2023-09-07 17:19:13,19.79,59.99,67.0,USD,61,2019-12-05,59.99,USD,AR,True,False,False,False,False,False,False,1372.0,-40.2,-0.6701116852808802,2023-09-07,False,False,14.000613425925925,True
1174180,018d937f-3a3b-7210-bd2d-0d1dfb1d84c0,AR,2023-10-23 17:03:43,23.99,59.99,60.0,USD,61,2019-12-05,59.99,USD,AR,True,False,False,False,False,False,False,1418.0,-36.0,-0.600100016669445,2023-10-23,False,False,14.01013888888889,True
1174180,018d937f-3a3b-7210-bd2d-0d1dfb1d84c0,AR,2023-11-21 20:07:01,19.79,59.99,67.0,USD,61,2019-12-05,59.99,USD,AR,True,False,False,False,False,False,False,1447.0,-40.2,-0.6701116852808802,2023-11-21,False,False,7.0042939814814815,True
1174180,018d937f-3a3b-7210-bd2d-0d1dfb1d84c0,AR,2023-12-07 18:34:58,19.79,59.99,67.0,USD,61,2019-12-05,59.99,USD,AR,True,False,False,False,False,False,False,1463.0,-40.2,-0.6701116852808802,2023-12-07,False,False,28.061481481481483,True
1174180,018d937f-3a3b-7210-bd2d-0d1dfb1d84c0,AR,2024-02-08 18:48:38,19.8,59.99,67.0,USD,61,2019-12-05,59.99,USD,AR,True,False,False,False,False,False,False,1526.0,-40.19,-0.6699449908318054,2024-02-08,False,False,13.978981481481481,True
1174180,018d937f-3a3b-7210-bd2d-0d1dfb1d84c0,AR,2024-03-14 18:01:30,19.79,59.99,67.0,USD,61,2019-12-05,59.99,USD,AR,True,False,False,False,False,False,False,1561.0,-40.2,-0.6701116852808802,2024-03-14,False,False,6.989293981481482,True
1174180,018d937f-3a3b-7210-bd2d-0d1dfb1d84c0,AR,2024-04-11 17:18:10,23.99,59.99,60.0,USD,61,2019-12-05,59.99,USD,AR,True,False,False,False,False,False,False,1589.0,-36.0,-0.600100016669445,2024-04-11,False,False,13.999340277777778,True
1174180,018d937f-3a3b-7210-bd2d-0d1dfb1d84c0,AR,2024-05-27 17:22:05,23.99,59.99,60.0,USD,61,2019-12-05,59.99,USD,AR,True,False,False,False,False,False,False,1635.0,-36.0,-0.600100016669445,2024-05-27,False,False,13.997928240740741,True
1174180,018d937f-3a3b-7210-bd2d-0d1dfb1d84c0,AR,2024-06-27 18:21:40,19.79,59.99,67.0,USD,61,2019-12-05,59.99,USD,AR,True,False,False,False,False,False,False,1666.0,-40.2,-0.6701116852808802,2024-06-27,False,False,13.981215277777778,True
1174180,018d937f-3a3b-7210-bd2d-0d1dfb1d84c0,AR,2024-07-15 17:21:50,19.79,59.99,67.0,USD,61,2019-12-05,59.99,USD,AR,True,False,False,False,False,False,False,1684.0,-40.2,-0.6701116852808802,2024-07-15,False,False,13.997523148148149,True
1174180,018d937f-3a3b-7210-bd2d-0d1dfb1d84c0,AR,2024-08-29 17:18:47,23.99,59.99,60.0,USD,61,2019-12-05,59.99,USD,AR,True,False,False,False,False,False,False,1729.0,-36.0,-0.600100016669445,2024-08-29,False,False,14.000011574074074,True
1174180,018d937f-3a3b-7210-bd2d-0d1dfb1d84c0,AR,2024-11-27 20:40:54,19.79,59.99,67.0,USD,61,2019-12-05,59.99,USD,AR,True,False,False,False,False,False,False,1819.0,-40.2,-0.6701116852808802,2024-11-27,False,False,6.9218981481481485,True
1174180,018d937f-3a3b-7210-bd2d-0d1dfb1d84c0,AR,2024-12-05 18:17:05,19.79,59.99,67.0,USD,61,2019-12-05,59.99,USD,AR,True,False,False,False,False,False,False,1827.0,-40.2,-0.6701116852808802,2024-12-05,False,False,28.021215277777777,True
1174180,018d937f-3a3b-7210-bd2d-0d1dfb1d84c0,AR,2025-01-23 18:21:33,14.99,59.99,75.0,USD,61,2019-12-05,59.99,USD,AR,True,False,False,False,False,False,False,1876.0,-45.0,-0.7501250208368061,2025-01-23,False,False,14.00013888888889,True
1174180,018d937f-3a3b-7210-bd2d-0d1dfb1d84c0,AR,2025-03-13 19:05:57,14.99,59.99,75.0,USD,61,2019-12-05,59.99,USD,AR,True,False,False,False,False,False,False,1925.0,-45.0,-0.7501250208368061,2025-03-13,False,False,6.947268518518518,True
1174180,018d937f-3a3b-7210-bd2d-0d1dfb1d84c0,AR,2025-04-03 17:15:54,14.99,59.99,75.0,USD,61,2019-12-05,59.99,USD,AR,True,False,False,False,False,False,False,1946.0,-45.0,-0.7501250208368061,2025-04-03,False,False,13.99974537037037,True
1174180,018d937f-3a3b-7210-bd2d-0d1dfb1d84c0,AR,2025-05-19 17:42:18,14.99,59.99,75.0,USD,61,2019-12-05,59.99,USD,AR,True,False,False,False,False,False,False,1992.0,-45.0,-0.7501250208368061,2025-05-19,False,False,14.053611111111111,True
1174180,018d937f-3a3b-7210-bd2d-0d1dfb1d84c0,AR,2025-06-26 22:15:16,14.99,59.99,75.0,USD,61,2019-12-05,59.99,USD,AR,True,False,False,False,False,False,False,2030.0,-45.0,-0.7501250208368061,2025-06-26,False,False,27.792418981481482,True
1174180,018d937f-3a3b-7210-bd2d-0d1dfb1d84c0,AR,2025-08-25 17:27:39,14.99,59.99,75.0,USD,61,2019-12-05,59.99,USD,AR,True,False,False,False,False,False,False,2090.0,-45.0,-0.7501250208368061,2025-08-25,False,False,13.996284722222223,True
1174180,018d937f-3a3b-7210-bd2d-0d1dfb1d84c0,AR,2025-09-29 20:35:46,14.99,59.99,75.0,USD,61,2019-12-05,59.99,USD,AR,True,False,False,False,False,False,False,2125.0,-45.0,-0.7501250208368061,2025-09-29,False,False,6.883229166666666,True
1174180,018d937f-3a3b-7210-bd2d-0d1dfb1d84c0,AR,2025-10-08 17:16:03,14.99,59.99,75.0,USD,61,2019-12-05,59.99,USD,AR,True,False,False,False,False,False,False,2134.0,-45.0,-0.7501250208368061,2025-10-08,False,False,12.008217592592592,True
1174180,018d937f-3a3b-7210-bd2d-0d1dfb1d84c0,AU,2019-12-12 18:21:27,71.96,89.95,20.0,AUD,61,2019-12-05,89.95,AUD,AU,True,False,False,False,False,False,False,7.0,-17.99000000000001,-0.20000000000000007,2019-12-12,False,False,1.9999652777777779,True
1174180,018d937f-3a3b-7210-bd2d-0d1dfb1d84c0,AU,2019-12-19 18:26:17,71.96,89.95,20.0,AUD,61,2019-12-05,89.95,AUD,AU,True,False,False,False,False,False,False,14.0,-17.99000000000001,-0.20000000000000007,2019-12-19,False,False,13.996898148148148,True
1174180,018d937f-3a3b-7210-bd2d-0d1dfb1d84c0,AU,2020-01-23 18:22:33,71.96,89.95,20.0,AUD,61,2019-12-05,89.95,AUD,AU,True,False,False,False,False,False,False,49.0,-17.99000000000001,-0.20000000000000007,2020-01-23,False,False,13.999027777777778,True
1174180,018d937f-3a3b-7210-bd2d-0d1dfb1d84c0,AU,2020-03-17 18:21:08,71.96,89.95,20.0,AUD,61,2019-12-05,89.95,AUD,AU,True,False,False,False,False,False,False,103.0,-17.99000000000001,-0.20000000000000007,2020-03-17,False,False,6.990428240740741,True
1174180,018d937f-3a3b-7210-bd2d-0d1dfb1d84c0,AU,2020-05-11 17:23:20,71.96,89.95,20.0,AUD,61,2019-12-05,89.95,AUD,AU,True,False,False,False,False,False,False,158.0,-17.99000000000001,-0.20000000000000007,2020-05-11,False,False,13.99894675925926,True
1174180,018d937f-3a3b-7210-bd2d-0d1dfb1d84c0,AU,2020-06-25 17:56:42,71.96,89.95,20.0,AUD,61,2019-12-05,89.95,AUD,AU,True,False,False,False,False,False,False,203.0,-17.99000000000001,-0.20000000000000007,2020-06-25,False,False,13.98366898148148,True
1174180,018d937f-3a3b-7210-bd2d-0d1dfb1d84c0,AU,2020-07-30 17:21:23,71.96,89.95,20.0,AUD,61,2019-12-05,89.95,AUD,AU,True,False,False,False,False,False,False,238.0,-17.99000000000001,-0.20000000000000007,2020-07-30,False,False,13.999907407407408,True
1174180,018d937f-3a3b-7210-bd2d-0d1dfb1d84c0,AU,2020-09-23 18:49:15,60.27,89.95,33.0,AUD,61,2019-12-05,89.95,AUD,AU,True,False,False,False,False,False,False,293.0,-29.68,-0.32996108949416336,2020-09-23,False,False,13.970821759259259,True
1174180,018d937f-3a3b-7210-bd2d-0d1dfb1d84c0,AU,2020-10-29 17:24:28,60.26,89.95,33.0,AUD,61,2019-12-05,89.95,AUD,AU,True,False,False,False,False,False,False,329.0,-29.690000000000005,-0.33007226236798226,2020-10-29,False,False,4.0428125,True
1174180,018d937f-3a3b-7210-bd2d-0d1dfb1d84c0,AU,2020-11-25 18:26:47,60.26,89.95,33.0,AUD,61,2019-12-05,89.95,AUD,AU,True,False,False,False,False,False,False,356.0,-29.690000000000005,-0.33007226236798226,2020-11-25,False,False,6.0068981481481485,True
1174180,018d937f-3a3b-7210-bd2d-0d1dfb1d84c0,AU,2020-12-09 18:07:10,60.26,89.95,33.0,AUD,61,2019-12-05,89.95,AUD,AU,True,False,False,False,False,False,False,370.0,-29.690000000000005,-0.33007226236798226,2020-12-09,False,False,5.009803240740741,True
1174180,018d937f-3a3b-7210-bd2d-0d1dfb1d84c0,AU,2020-12-22 18:59:14,60.26,89.95,33.0,AUD,61,2019-12-05,89.95,AUD,AU,True,False,False,False,False,False,False,383.0,-29.690000000000005,-0.33007226236798226,2020-12-22,False,False,13.997453703703703,True
1174180,018d937f-3a3b-7210-bd2d-0d1dfb1d84c0,AU,2021-01-15 18:21:13,60.26,89.95,33.0,AUD,61,2019-12-05,89.95,AUD,AU,True,False,False,False,False,False,False,407.0,-29.690000000000005,-0.33007226236798226,2021-01-15,False,False,14.000034722222223,True
1174180,018d937f-3a3b-7210-bd2d-0d1dfb1d84c0,AU,2021-02-11 18:59:32,60.26,89.95,33.0,AUD,61,2019-12-05,89.95,AUD,AU,True,False,False,False,False,False,False,434.0,-29.690000000000005,-0.33007226236798226,2021-02-11,False,False,3.9747800925925927,True
1174180,018d937f-3a3b-7210-bd2d-0d1dfb1d84c0,AU,2021-03-18 17:21:08,60.26,89.95,33.0,AUD,61,2019-12-05,89.95,AUD,AU,True,False,False,False,False,False,False,469.0,-29.690000000000005,-0.33007226236798226,2021-03-18,False,False,13.998472222222222,True
1174180,018d937f-3a3b-7210-bd2d-0d1dfb1d84c0,AU,2021-05-17 17:18:27,60.27,89.95,33.0,AUD,61,2019-12-05,89.95,AUD,AU,True,False,False,False,False,False,False,529.0,-29.68,-0.32996108949416336,2021-05-17,False,False,14.006909722222222,True
1174180,018d937f-3a3b-7210-bd2d-0d1dfb1d84c0,AU,2021-06-28 17:33:33,60.26,89.95,33.0,AUD,61,2019-12-05,89.95,AUD,AU,True,False,False,False,False,False,False,571.0,-29.690000000000005,-0.33007226236798226,2021-06-28,False,False,10.085567129629629,True
1174180,018d937f-3a3b-7210-bd2d-0d1dfb1d84c0,AU,2021-07-15 17:06:29,60.26,89.95,33.0,AUD,61,2019-12-05,89.95,AUD,AU,True,False,False,False,False,False,False,588.0,-29.690000000000005,-0.33007226236798226,2021-07-15,False,False,13.999675925925926,True
1174180,018d937f-3a3b-7210-bd2d-0d1dfb1d84c0,AU,2021-09-09 17:20:12,60.26,89.95,33.0,AUD,61,2019-12-05,89.95,AUD,AU,True,False,False,False,False,False,False,644.0,-29.690000000000005,-0.33007226236798226,2021-09-09,False,False,14.001377314814814,True
1174180,018d937f-3a3b-7210-bd2d-0d1dfb1d84c0,AU,2021-10-28 19:03:14,60.26,89.95,33.0,AUD,61,2019-12-05,89.95,AUD,AU,True,False,False,False,False,False,False,693.0,-29.690000000000005,-0.33007226236798226,2021-10-28,False,False,4.044930555555555,True
1174180,018d937f-3a3b-7210-bd2d-0d1dfb1d84c0,AU,2021-11-04 17:20:52,60.26,89.95,33.0,AUD,61,2019-12-05,89.95,AUD,AU,True,False,False,False,False,False,False,700.0,-29.690000000000005,-0.33007226236798226,2021-11-04,False,False,14.04023148148148,True
1174180,018d937f-3a3b-7210-bd2d-0d1dfb1d84c0,AU,2021-11-24 20:03:19,44.97,89.95,50.0,AUD,61,2019-12-05,89.95,AUD,AU,True,False,False,False,False,False,False,720.0,-44.980000000000004,-0.5000555864369094,2021-11-24,False,False,7.000381944444444,True
1174180,018d937f-3a3b-7210-bd2d-0d1dfb1d84c0,AU,2021-12-09 16:03:10,44.97,89.95,50.0,AUD,61,2019-12-05,89.95,AUD,AU,True,False,False,False,False,False,False,735.0,-44.980000000000004,-0.5000555864369094,2021-12-09,False,False,4.087928240740741,True
1174180,018d937f-3a3b-7210-bd2d-0d1dfb1d84c0,AU,2021-12-22 23:22:46,44.97,89.95,50.0,AUD,61,2019-12-05,89.95,AUD,AU,True,False,False,False,False,False,False,748.0,-44.980000000000004,-0.5000555864369094,2021-12-22,False,False,13.892696759259259,True
1174180,018d937f-3a3b-7210-bd2d-0d1dfb1d84c0,AU,2022-01-12 19:50:52,44.97,89.95,50.0,AUD,61,2019-12-05,89.95,AUD,AU,True,False,False,False,False,False,False,769.0,-44.980000000000004,-0.5000555864369094,2022-01-12,False,False,13.931678240740741,True
1174180,018d937f-3a3b-7210-bd2d-0d1dfb1d84c0,AU,2022-01-27 20:01:38,44.97,89.95,50.0,AUD,61,2019-12-05,89.95,AUD,AU,True,False,False,False,False,False,False,784.0,-44.980000000000004,-0.5000555864369094,2022-01-27,False,False,7.005254629629629,True
1174180,018d937f-3a3b-7210-bd2d-0d1dfb1d84c0,AU,2022-03-10 18:27:35,44.97,89.95,50.0,AUD,61,2019-12-05,89.95,AUD,AU,True,False,False,False,False,False,False,826.0,-44.980000000000004,-0.5000555864369094,2022-03-10,False,False,27.95101851851852,True
1174180,018d937f-3a3b-7210-bd2d-0d1dfb1d84c0,AU,2022-05-05 17:21:55,44.97,89.95,50.0,AUD,61,2019-12-05,89.95,AUD,AU,True,False,False,False,False,False,False,882.0,-44.980000000000004,-0.5000555864369094,2022-05-05,False,False,13.98712962962963,True
1174180,018d937f-3a3b-7210-bd2d-0d1dfb1d84c0,AU,2022-06-16 17:15:54,44.97,89.95,50.0,AUD,61,2019-12-05,89.95,AUD,AU,True,False,False,False,False,False,False,924.0,-44.980000000000004,-0.5000555864369094,2022-06-16,False,False,21.099479166666665,True
1174180,018d937f-3a3b-7210-bd2d-0d1dfb1d84c0,AU,2022-07-21 17:10:05,44.97,89.95,50.0,AUD,61,2019-12-05,89.95,AUD,AU,True,False,False,False,False,False,False,959.0,-44.980000000000004,-0.5000555864369094,2022-07-21,False,False,14.006805555555555,True
1174180,018d937f-3a3b-7210-bd2d-0d1dfb1d84c0,AU,2022-09-01 17:19:08,44.97,89.95,50.0,AUD,61,2019-12-05,89.95,AUD,AU,True,False,False,False,False,False,False,1001.0,-44.980000000000004,-0.5000555864369094,2022-09-01,False,False,13.997789351851852,True
1174180,018d937f-3a3b-7210-bd2d-0d1dfb1d84c0,AU,2022-10-18 17:06:25,44.97,89.95,50.0,AUD,61,2019-12-05,89.95,AUD,AU,True,False,False,False,False,False,False,1048.0,-44.980000000000004,-0.5000555864369094,2022-10-18,False,False,14.008599537037037,True
1174180,018d937f-3a3b-7210-bd2d-0d1dfb1d84c0,AU,2022-11-22 19:56:20,29.68,89.95,67.0,AUD,61,2019-12-05,89.95,AUD,AU,True,False,False,False,False,False,False,1083.0,-60.27,-0.6700389105058366,2022-11-22,False,False,7.01917824074074,True
1174180,018d937f-3a3b-7210-bd2d-0d1dfb1d84c0,AU,2022-12-05 18:38:17,29.68,89.95,67.0,AUD,61,2019-12-05,89.95,AUD,AU,True,False,False,False,False,False,False,1096.0,-60.27,-0.6700389105058366,2022-12-05,False,False,13.987523148148147,True
1174180,018d937f-3a3b-7210-bd2d-0d1dfb1d84c0,AU,2022-12-22 19:46:18,29.68,89.95,67.0,AUD,61,2019-12-05,89.95,AUD,AU,True,False,False,False,False,False,False,1113.0,-60.27,-0.6700389105058366,2022-12-22,False,False,14.110219907407407,True
1174180,018d937f-3a3b-7210-bd2d-0d1dfb1d84c0,AU,2023-01-19 18:21:32,29.68,89.95,67.0,AUD,61,2019-12-05,89.95,AUD,AU,True,False,False,False,False,False,False,1141.0,-60.27,-0.6700389105058366,2023-01-19,False,False,14.003842592592592,True
1174180,018d937f-3a3b-7210-bd2d-0d1dfb1d84c0,AU,2023-03-04 20:48:19,29.68,89.95,67.0,AUD,61,2019-12-05,89.95,AUD,AU,True,False,False,False,False,False,False,1185.0,-60.27,-0.6700389105058366,2023-03-04,False,False,10.999965277777777,True
1174180,018d937f-3a3b-7210-bd2d-0d1dfb1d84c0,AU,2023-03-16 21:07:06,29.68,89.95,67.0,AUD,61,2019-12-05,89.95,AUD,AU,True,False,False,False,False,False,False,1197.0,-60.27,-0.6700389105058366,2023-03-16,False,False,6.9472453703703705,True
1174180,018d937f-3a3b-7210-bd2d-0d1dfb1d84c0,AU,2023-04-14 19:25:01,29.68,89.95,67.0,AUD,61,2019-12-05,89.95,AUD,AU,True,False,False,False,False,False,False,1226.0,-60.27,-0.6700389105058366,2023-04-14,False,False,13.995347222222222,True
1174180,018d937f-3a3b-7210-bd2d-0d1dfb1d84c0,AU,2023-05-29 20:38:49,29.68,89.95,67.0,AUD,61,2019-12-05,89.95,AUD,AU,True,False,False,False,False,False,False,1271.0,-60.27,-0.6700389105058366,2023-05-29,False,False,13.985810185185185,True
1174180,018d937f-3a3b-7210-bd2d-0d1dfb1d84c0,AU,2023-06-30 00:43:43,29.68,89.95,67.0,AUD,61,2019-12-05,89.95,AUD,AU,True,False,False,False,False,False,False,1303.0,-60.27,-0.6700389105058366,2023-06-30,False,False,13.7765625,True
1174180,018d937f-3a3b-7210-bd2d-0d1dfb1d84c0,AU,2023-07-20 17:06:34,29.68,89.95,67.0,AUD,61,2019-12-05,89.95,AUD,AU,True,False,False,False,False,False,False,1323.0,-60.27,-0.6700389105058366,2023-07-20,False,False,63.00855324074074,True
1174180,018d937f-3a3b-7210-bd2d-0d1dfb1d84c0,AU,2023-10-23 17:33:28,35.98,89.95,60.0,AUD,61,2019-12-05,89.95,AUD,AU,True,False,False,False,False,False,False,1418.0,-53.970000000000006,-0.6000000000000001,2023-10-23,False,False,13.989490740740742,True
1174180,018d937f-3a3b-7210-bd2d-0d1dfb1d84c0,AU,2023-11-21 20:10:34,29.68,89.95,67.0,AUD,61,2019-12-05,89.95,AUD,AU,True,False,False,False,False,False,False,1447.0,-60.27,-0.6700389105058366,2023-11-21,False,False,7.005497685185185,True
1174180,018d937f-3a3b-7210-bd2d-0d1dfb1d84c0,AU,2023-12-07 18:34:58,29.68,89.95,67.0,AUD,61,2019-12-05,89.95,AUD,AU,True,False,False,False,False,False,False,1463.0,-60.27,-0.6700389105058366,2023-12-07,False,False,28.067719907407408,True
1174180,018d937f-3a3b-7210-bd2d-0d1dfb1d84c0,AU,2024-02-08 18:49:45,29.68,89.95,67.0,AUD,61,2019-12-05,89.95,AUD,AU,True,False,False,False,False,False,False,1526.0,-60.27,-0.6700389105058366,2024-02-08,False,False,13.976435185185185,True
1174180,018d937f-3a3b-7210-bd2d-0d1dfb1d84c0,AU,2024-03-14 18:07:11,29.68,89.95,67.0,AUD,61,2019-12-05,89.95,AUD,AU,True,False,False,False,False,False,False,1561.0,-60.27,-0.6700389105058366,2024-03-14,False,False,6.985196759259259,True
1174180,018d937f-3a3b-7210-bd2d-0d1dfb1d84c0,AU,2024-04-11 17:18:32,35.98,89.95,60.0,AUD,61,2019-12-05,89.95,AUD,AU,True,False,False,False,False,False,False,1589.0,-53.970000000000006,-0.6000000000000001,2024-04-11,False,False,13.999247685185185,True
1174180,018d937f-3a3b-7210-bd2d-0d1dfb1d84c0,AU,2024-05-27 17:16:47,35.98,89.95,60.0,AUD,61,2019-12-05,89.95,AUD,AU,True,False,False,False,False,False,False,1635.0,-53.970000000000006,-0.6000000000000001,2024-05-27,False,False,13.999814814814815,True
1174180,018d937f-3a3b-7210-bd2d-0d1dfb1d84c0,AU,2024-06-27 18:21:35,29.68,89.95,67.0,AUD,61,2019-12-05,89.95,AUD,AU,True,False,False,False,False,False,False,1666.0,-60.27,-0.6700389105058366,2024-06-27,False,False,13.977511574074073,True
1174180,018d937f-3a3b-7210-bd2d-0d1dfb1d84c0,AU,2024-07-15 17:22:04,29.68,89.95,67.0,AUD,61,2019-12-05,89.95,AUD,AU,True,False,False,False,False,False,False,1684.0,-60.27,-0.6700389105058366,2024-07-15,False,False,13.999444444444444,True
1174180,018d937f-3a3b-7210-bd2d-0d1dfb1d84c0,AU,2024-08-29 17:15:51,35.98,89.95,60.0,AUD,61,2019-12-05,89.95,AUD,AU,True,False,False,False,False,False,False,1729.0,-53.970000000000006,-0.6000000000000001,2024-08-29,False,False,14.00005787037037,True
1174180,018d937f-3a3b-7210-bd2d-0d1dfb1d84c0,AU,2024-11-27 20:38:24,29.68,89.95,67.0,AUD,61,2019-12-05,89.95,AUD,AU,True,False,False,False,False,False,False,1819.0,-60.27,-0.6700389105058366,2024-11-27,False,False,6.923634259259259,True
1174180,018d937f-3a3b-7210-bd2d-0d1dfb1d84c0,AU,2024-12-05 18:17:05,29.68,89.95,67.0,AUD,61,2019-12-05,89.95,AUD,AU,True,False,False,False,False,False,False,1827.0,-60.27,-0.6700389105058366,2024-12-05,False,False,28.021226851851853,True
1174180,018d937f-3a3b-7210-bd2d-0d1dfb1d84c0,AU,2025-01-23 18:23:39,22.48,89.95,75.0,AUD,61,2019-12-05,89.95,AUD,AU,True,False,False,False,False,False,False,1876.0,-67.47,-0.7500833796553641,2025-01-23,False,False,13.995729166666667,True
1174180,018d937f-3a3b-7210-bd2d-0d1dfb1d84c0,AU,2025-03-13 19:24:11,22.48,89.95,75.0,AUD,61,2019-12-05,89.95,AUD,AU,True,False,False,False,False,False,False,1925.0,-67.47,-0.7500833796553641,2025-03-13,False,False,6.9347916666666665,True
1174180,018d937f-3a3b-7210-bd2d-0d1dfb1d84c0,AU,2025-04-03 17:19:18,22.48,89.95,75.0,AUD,61,2019-12-05,89.95,AUD,AU,True,False,False,False,False,False,False,1946.0,-67.47,-0.7500833796553641,2025-04-03,False,False,13.9975,True
1174180,018d937f-3a3b-7210-bd2d-0d1dfb1d84c0,AU,2025-05-19 17:42:18,22.48,89.95,75.0,AUD,61,2019-12-05,89.95,AUD,AU,True,False,False,False,False,False,False,1992.0,-67.47,-0.7500833796553641,2025-05-19,False,False,14.060208333333334,True
1174180,018d937f-3a3b-7210-bd2d-0d1dfb1d84c0,AU,2025-06-26 22:17:03,22.48,89.95,75.0,AUD,61,2019-12-05,89.95,AUD,AU,True,False,False,False,False,False,False,2030.0,-67.47,-0.7500833796553641,2025-06-26,False,False,27.792094907407407,True
1174180,018d937f-3a3b-7210-bd2d-0d1dfb1d84c0,AU,2025-08-25 17:27:21,22.48,89.95,75.0,AUD,61,2019-12-05,89.95,AUD,AU,True,False,False,False,False,False,False,2090.0,-67.47,-0.7500833796553641,2025-08-25,False,False,13.9971875,True
1174180,018d937f-3a3b-7210-bd2d-0d1dfb1d84c0,AU,2025-09-29 20:29:53,22.48,89.95,75.0,AUD,61,2019-12-05,89.95,AUD,AU,True,False,False,False,False,False,False,2125.0,-67.47,-0.7500833796553641,2025-09-29,False,False,6.887337962962963,True
1174180,018d937f-3a3b-7210-bd2d-0d1dfb1d84c0,AU,2025-10-08 17:18:16,22.48,89.95,75.0,AUD,61,2019-12-05,89.95,AUD,AU,True,False,False,False,False,False,False,2134.0,-67.47,-0.7500833796553641,2025-10-08,False,False,12.003206018518519,True
1174180,018d937f-3a3b-7210-bd2d-0d1dfb1d84c0,BR,2019-12-12 18:21:18,191.2,239.0,20.0,BRL,61,2019-12-05,299.9,BRL,BR,True,False,False,False,False,False,False,7.0,-108.69999999999999,-0.36245415138379455,2019-12-12,False,False,1.9998842592592592,True
1174180,018d937f-3a3b-7210-bd2d-0d1dfb1d84c0,BR,2019-12-19 18:25:01,191.2,239.0,20.0,BRL,61,2019-12-05,299.9,BRL,BR,True,False,False,False,False,False,False,14.0,-108.69999999999999,-0.36245415138379455,2019-12-19,False,False,13.999456018518519,True
1174180,018d937f-3a3b-7210-bd2d-0d1dfb1d84c0,BR,2020-01-23 18:23:42,191.2,239.0,20.0,BRL,61,2019-12-05,299.9,BRL,BR,True,False,False,False,False,False,False,49.0,-108.69999999999999,-0.36245415138379455,2020-01-23,False,False,13.998206018518518,True
1174180,018d937f-3a3b-7210-bd2d-0d1dfb1d84c0,BR,2020-03-17 18:21:10,191.2,239.0,20.0,BRL,61,2019-12-05,299.9,BRL,BR,True,False,False,False,False,False,False,103.0,-108.69999999999999,-0.36245415138379455,2020-03-17,False,False,6.990266203703704,True
1174180,018d937f-3a3b-7210-bd2d-0d1dfb1d84c0,BR,2020-05-11 17:21:46,191.2,239.0,20.0,BRL,61,2019-12-05,299.9,BRL,BR,True,False,False,False,False,False,False,158.0,-108.69999999999999,-0.36245415138379455,2020-05-11,False,False,13.999803240740741,True
1174180,018d937f-3a3b-7210-bd2d-0d1dfb1d84c0,BR,2020-06-25 17:55:57,191.2,239.0,20.0,BRL,61,2019-12-05,299.9,BRL,BR,True,False,False,False,False,False,False,203.0,-108.69999999999999,-0.36245415138379455,2020-06-25,False,False,13.979293981481481,True
1174180,018d937f-3a3b-7210-bd2d-0d1dfb1d84c0,BR,2020-07-30 17:21:19,191.2,239.0,20.0,BRL,61,2019-12-05,299.9,BRL,BR,True,False,False,False,False,False,False,238.0,-108.69999999999999,-0.36245415138379455,2020-07-30,False,False,13.999976851851851,True
1174180,018d937f-3a3b-7210-bd2d-0d1dfb1d84c0,BR,2020-09-23 18:49:12,160.13,239.0,33.0,BRL,61,2019-12-05,299.9,BRL,BR,True,False,False,False,False,False,False,293.0,-139.76999999999998,-0.466055351783928,2020-09-23,False,False,13.971041666666666,True
1174180,018d937f-3a3b-7210-bd2d-0d1dfb1d84c0,BR,2020-10-29 17:22:05,160.13,239.0,33.0,BRL,61,2019-12-05,299.9,BRL,BR,True,False,False,False,False,False,False,329.0,-139.76999999999998,-0.466055351783928,2020-10-29,False,False,4.04425925925926,True
1174180,018d937f-3a3b-7210-bd2d-0d1dfb1d84c0,BR,2020-11-25 18:31:26,160.13,239.0,33.0,BRL,61,2019-12-05,299.9,BRL,BR,True,False,False,False,False,False,False,356.0,-139.76999999999998,-0.466055351783928,2020-11-25,False,False,6.003402777777778,True
1174180,018d937f-3a3b-7210-bd2d-0d1dfb1d84c0,BR,2020-12-09 18:07:16,160.13,239.0,33.0,BRL,61,2019-12-05,299.9,BRL,BR,True,False,False,False,False,False,False,370.0,-139.76999999999998,-0.466055351783928,2020-12-09,False,False,5.009780092592592,True
1174180,018d937f-3a3b-7210-bd2d-0d1dfb1d84c0,BR,2020-12-22 18:58:05,160.13,239.0,33.0,BRL,61,2019-12-05,299.9,BRL,BR,True,False,False,False,False,False,False,383.0,-139.76999999999998,-0.466055351783928,2020-12-22,False,False,13.998680555555556,True
1174180,018d937f-3a3b-7210-bd2d-0d1dfb1d84c0,BR,2021-01-15 18:21:11,160.13,239.0,33.0,BRL,61,2019-12-05,299.9,BRL,BR,True,False,False,False,False,False,False,407.0,-139.76999999999998,-0.466055351783928,2021-01-15,False,False,14.000069444444444,True
1174180,018d937f-3a3b-7210-bd2d-0d1dfb1d84c0,BR,2021-02-11 19:02:57,160.13,239.0,33.0,BRL,61,2019-12-05,299.9,BRL,BR,True,False,False,False,False,False,False,434.0,-139.76999999999998,-0.466055351783928,2021-02-11,False,False,3.9732754629629627,True
1174180,018d937f-3a3b-7210-bd2d-0d1dfb1d84c0,BR,2021-03-18 17:21:10,160.13,239.0,33.0,BRL,61,2019-12-05,299.9,BRL,BR,True,False,False,False,False,False,False,469.0,-139.76999999999998,-0.466055351783928,2021-03-18,False,False,13.99855324074074,True
1174180,018d937f-3a3b-7210-bd2d-0d1dfb1d84c0,BR,2021-05-17 17:18:34,160.13,239.0,33.0,BRL,61,2019-12-05,299.9,BRL,BR,True,False,False,False,False,False,False,529.0,-139.76999999999998,-0.466055351783928,2021-05-17,False,False,14.006956018518519,True
1174180,018d937f-3a3b-7210-bd2d-0d1dfb1d84c0,BR,2021-06-28 17:42:32,160.13,239.0,33.0,BRL,61,2019-12-05,299.9,BRL,BR,True,False,False,False,False,False,False,571.0,-139.76999999999998,-0.466055351783928,2021-06-28,False,False,10.08300925925926,True
1174180,018d937f-3a3b-7210-bd2d-0d1dfb1d84c0,BR,2021-07-15 17:24:18,160.13,239.0,33.0,BRL,61,2019-12-05,299.9,BRL,BR,True,False,False,False,False,False,False,588.0,-139.76999999999998,-0.466055351783928,2021-07-15,False,False,13.999918981481482,True
1174180,018d937f-3a3b-7210-bd2d-0d1dfb1d84c0,BR,2021-09-09 17:51:37,160.13,239.0,33.0,BRL,61,2019-12-05,299.9,BRL,BR,True,False,False,False,False,False,False,644.0,-139.76999999999998,-0.466055351783928,2021-09-09,False,False,53.094479166666666,True
1174180,018d937f-3a3b-7210-bd2d-0d1dfb1d84c0,BR,2021-11-04 17:20:56,160.13,239.0,33.0,BRL,61,2019-12-05,299.9,BRL,BR,True,False,False,False,False,False,False,700.0,-139.76999999999998,-0.466055351783928,2021-11-04,False,False,14.040208333333334,True
1174180,018d937f-3a3b-7210-bd2d-0d1dfb1d84c0,BR,2021-11-24 21:47:26,119.5,239.0,50.0,BRL,61,2019-12-05,299.9,BRL,BR,True,False,False,False,False,False,False,720.0,-180.39999999999998,-0.6015338446148716,2021-11-24,False,False,6.934560185185185,True
1174180,018d937f-3a3b-7210-bd2d-0d1dfb1d84c0,BR,2021-12-09 16:03:07,119.5,239.0,50.0,BRL,61,2019-12-05,299.9,BRL,BR,True,False,False,False,False,False,False,735.0,-180.39999999999998,-0.6015338446148716,2021-12-09,False,False,4.087986111111111,True
1174180,018d937f-3a3b-7210-bd2d-0d1dfb1d84c0,BR,2021-12-22 23:15:44,119.5,239.0,50.0,BRL,61,2019-12-05,299.9,BRL,BR,True,False,False,False,False,False,False,748.0,-180.39999999999998,-0.6015338446148716,2021-12-22,False,False,13.893275462962963,True
1174180,018d937f-3a3b-7210-bd2d-0d1dfb1d84c0,BR,2022-01-12 19:52:33,119.5,239.0,50.0,BRL,61,2019-12-05,299.9,BRL,BR,True,False,False,False,False,False,False,769.0,-180.39999999999998,-0.6015338446148716,2022-01-12,False,False,13.926226851851851,True
1174180,018d937f-3a3b-7210-bd2d-0d1dfb1d84c0,BR,2022-01-27 20:04:13,119.5,239.0,50.0,BRL,61,2019-12-05,299.9,BRL,BR,True,False,False,False,False,False,False,784.0,-180.39999999999998,-0.6015338446148716,2022-01-27,False,False,7.004664351851852,True
1174180,018d937f-3a3b-7210-bd2d-0d1dfb1d84c0,BR,2022-03-10 18:27:44,119.5,239.0,50.0,BRL,61,2019-12-05,299.9,BRL,BR,True,False,False,False,False,False,False,826.0,-180.39999999999998,-0.6015338446148716,2022-03-10,False,False,27.94724537037037,True
1174180,018d937f-3a3b-7210-bd2d-0d1dfb1d84c0,BR,2022-05-05 17:21:59,119.5,239.0,50.0,BRL,61,2019-12-05,299.9,BRL,BR,True,False,False,False,False,False,False,882.0,-180.39999999999998,-0.6015338446148716,2022-05-05,False,False,13.993819444444444,True
1174180,018d937f-3a3b-7210-bd2d-0d1dfb1d84c0,BR,2022-06-16 17:06:23,119.5,239.0,50.0,BRL,61,2019-12-05,299.9,BRL,BR,True,False,False,False,False,False,False,924.0,-180.39999999999998,-0.6015338446148716,2022-06-16,False,False,21.108159722222222,True
1174180,018d937f-3a3b-7210-bd2d-0d1dfb1d84c0,BR,2022-07-21 17:18:47,119.5,239.0,50.0,BRL,61,2019-12-05,299.9,BRL,BR,True,False,False,False,False,False,False,959.0,-180.39999999999998,-0.6015338446148716,2022-07-21,False,False,14.000069444444444,True
1174180,018d937f-3a3b-7210-bd2d-0d1dfb1d84c0,BR,2022-09-01 17:19:30,119.5,239.0,50.0,BRL,61,2019-12-05,299.9,BRL,BR,True,False,False,False,False,False,False,1001.0,-180.39999999999998,-0.6015338446148716,2022-09-01,False,False,13.995289351851852,True
1174180,018d937f-3a3b-7210-bd2d-0d1dfb1d84c0,BR,2022-10-18 17:06:23,119.5,239.0,50.0,BRL,61,2019-12-05,299.9,BRL,BR,True,False,False,False,False,False,False,1048.0,-180.39999999999998,-0.6015338446148716,2022-10-18,False,False,14.008599537037037,True
1174180,018d937f-3a3b-7210-bd2d-0d1dfb1d84c0,BR,2022-11-22 19:50:38,78.87,239.0,67.0,BRL,61,2019-12-05,299.9,BRL,BR,True,False,False,False,False,False,False,1083.0,-221.02999999999997,-0.7370123374458153,2022-11-22,False,False,7.0211805555555555,True
1174180,018d937f-3a3b-7210-bd2d-0d1dfb1d84c0,BR,2022-12-05 18:58:22,78.87,239.0,67.0,BRL,61,2019-12-05,299.9,BRL,BR,True,False,False,False,False,False,False,1096.0,-221.02999999999997,-0.7370123374458153,2022-12-05,False,False,13.981851851851852,True
1174180,018d937f-3a3b-7210-bd2d-0d1dfb1d84c0,BR,2022-12-22 18:20:49,78.87,239.0,67.0,BRL,61,2019-12-05,299.9,BRL,BR,True,False,False,False,False,False,False,1113.0,-221.02999999999997,-0.7370123374458153,2022-12-22,False,False,14.060659722222223,True
1174180,018d937f-3a3b-7210-bd2d-0d1dfb1d84c0,BR,2023-01-19 18:06:46,78.87,239.0,67.0,BRL,61,2019-12-05,299.9,BRL,BR,True,False,False,False,False,False,False,1141.0,-221.02999999999997,-0.7370123374458153,2023-01-19,False,False,14.013275462962962,True
1174180,018d937f-3a3b-7210-bd2d-0d1dfb1d84c0,BR,2023-02-02 19:53:01,299.9,299.9,0.0,BRL,61,2019-12-05,299.9,BRL,BR,False,False,False,True,False,False,False,1155.0,0.0,0.0,2023-02-02,False,False,,False
1174180,018d937f-3a3b-7210-bd2d-0d1dfb1d84c0,BR,2023-03-04 20:48:18,98.96,299.9,67.0,BRL,61,2019-12-05,299.9,BRL,BR,True,False,False,False,False,False,False,1185.0,-200.94,-0.6700233411137045,2023-03-04,False,False,10.999976851851851,True
1174180,018d937f-3a3b-7210-bd2d-0d1dfb1d84c0,BR,2023-03-16 21:06:55,98.96,299.9,67.0,BRL,61,2019-12-05,299.9,BRL,BR,True,False,False,False,False,False,False,1197.0,-200.94,-0.6700233411137045,2023-03-16,False,False,6.947986111111111,True
1174180,018d937f-3a3b-7210-bd2d-0d1dfb1d84c0,BR,2023-04-14 19:24:57,98.96,299.9,67.0,BRL,61,2019-12-05,299.9,BRL,BR,True,False,False,False,False,False,False,1226.0,-200.94,-0.6700233411137045,2023-04-14,False,False,13.995393518518519,True
1174180,018d937f-3a3b-7210-bd2d-0d1dfb1d84c0,BR,2023-05-29 20:38:47,98.96,299.9,67.0,BRL,61,2019-12-05,299.9,BRL,BR,True,False,False,False,False,False,False,1271.0,-200.94,-0.6700233411137045,2023-05-29,False,False,13.985833333333334,True
1174180,018d937f-3a3b-7210-bd2d-0d1dfb1d84c0,BR,2023-06-29 19:39:53,98.96,299.9,67.0,BRL,61,2019-12-05,299.9,BRL,BR,True,False,False,False,False,False,False,1302.0,-200.94,-0.6700233411137045,2023-06-29,False,False,13.989016203703704,True
1174180,018d937f-3a3b-7210-bd2d-0d1dfb1d84c0,BR,2023-07-20 17:06:36,98.96,299.9,67.0,BRL,61,2019-12-05,299.9,BRL,BR,True,False,False,False,False,False,False,1323.0,-200.94,-0.6700233411137045,2023-07-20,False,False,14.009675925925926,True
1174180,018d937f-3a3b-7210-bd2d-0d1dfb1d84c0,BR,2023-09-07 17:12:42,98.96,299.9,67.0,BRL,61,2019-12-05,299.9,BRL,BR,True,False,False,False,False,False,False,1372.0,-200.94,-0.6700233411137045,2023-09-07,False,False,13.997881944444444,True
1174180,018d937f-3a3b-7210-bd2d-0d1dfb1d84c0,BR,2023-10-23 17:20:01,119.96,299.9,60.0,BRL,61,2019-12-05,299.9,BRL,BR,True,False,False,False,False,False,False,1418.0,-179.94,-0.6,2023-10-23,False,False,13.998819444444445,True
1174180,018d937f-3a3b-7210-bd2d-0d1dfb1d84c0,BR,2023-11-21 20:11:32,98.96,299.9,67.0,BRL,61,2019-12-05,299.9,BRL,BR,True,False,False,False,False,False,False,1447.0,-200.94,-0.6700233411137045,2023-11-21,False,False,7.002106481481482,True
1174180,018d937f-3a3b-7210-bd2d-0d1dfb1d84c0,BR,2023-12-07 18:35:05,98.96,299.9,67.0,BRL,61,2019-12-05,299.9,BRL,BR,True,False,False,False,False,False,False,1463.0,-200.94,-0.6700233411137045,2023-12-07,False,False,28.06140046296296,True
1174180,018d937f-3a3b-7210-bd2d-0d1dfb1d84c0,BR,2024-02-08 18:33:32,98.97,299.9,67.0,BRL,61,2019-12-05,299.9,BRL,BR,True,False,False,False,False,False,False,1526.0,-200.92999999999998,-0.6699899966655551,2024-02-08,False,False,13.987615740740742,True
1174180,018d937f-3a3b-7210-bd2d-0d1dfb1d84c0,BR,2024-03-14 18:07:31,98.96,299.9,67.0,BRL,61,2019-12-05,299.9,BRL,BR,True,False,False,False,False,False,False,1561.0,-200.94,-0.6700233411137045,2024-03-14,False,False,6.985138888888889,True
1174180,018d937f-3a3b-7210-bd2d-0d1dfb1d84c0,BR,2024-04-11 17:18:23,119.96,299.9,60.0,BRL,61,2019-12-05,299.9,BRL,BR,True,False,False,False,False,False,False,1589.0,-179.94,-0.6,2024-04-11,False,False,13.999375,True
1174180,018d937f-3a3b-7210-bd2d-0d1dfb1d84c0,BR,2024-05-27 17:16:42,119.96,299.9,60.0,BRL,61,2019-12-05,299.9,BRL,BR,True,False,False,False,False,False,False,1635.0,-179.94,-0.6,2024-05-27,False,False,13.99943287037037,True
1174180,018d937f-3a3b-7210-bd2d-0d1dfb1d84c0,BR,2024-06-27 18:22:55,98.96,299.9,67.0,BRL,61,2019-12-05,299.9,BRL,BR,True,False,False,False,False,False,False,1666.0,-200.94,-0.6700233411137045,2024-06-27,False,False,13.976574074074074,True
1174180,018d937f-3a3b-7210-bd2d-0d1dfb1d84c0,BR,2024-07-15 17:20:05,98.96,299.9,67.0,BRL,61,2019-12-05,299.9,BRL,BR,True,False,False,False,False,False,False,1684.0,-200.94,-0.6700233411137045,2024-07-15,False,False,14.000717592592592,True
1174180,018d937f-3a3b-7210-bd2d-0d1dfb1d84c0,BR,2024-08-29 17:18:34,119.96,299.9,60.0,BRL,61,2019-12-05,299.9,BRL,BR,True,False,False,False,False,False,False,1729.0,-179.94,-0.6,2024-08-29,False,False,14.000219907407407,True
1174180,018d937f-3a3b-7210-bd2d-0d1dfb1d84c0,BR,2024-11-27 20:43:36,98.96,299.9,67.0,BRL,61,2019-12-05,299.9,BRL,BR,True,False,False,False,False,False,False,1819.0,-200.94,-0.6700233411137045,2024-11-27,False,False,6.920011574074074,True
1174180,018d937f-3a3b-7210-bd2d-0d1dfb1d84c0,BR,2024-12-05 18:16:23,98.96,299.9,67.0,BRL,61,2019-12-05,299.9,BRL,BR,True,False,False,False,False,False,False,1827.0,-200.94,-0.6700233411137045,2024-12-05,False,False,28.025532407407407,True
1174180,018d937f-3a3b-7210-bd2d-0d1dfb1d84c0,BR,2025-01-23 18:21:29,74.97,299.9,75.0,BRL,61,2019-12-05,299.9,BRL,BR,True,False,False,False,False,False,False,1876.0,-224.92999999999998,-0.7500166722240746,2025-01-23,False,False,13.997233796296296,True
1174180,018d937f-3a3b-7210-bd2d-0d1dfb1d84c0,BR,2025-03-13 19:09:45,74.97,299.9,75.0,BRL,61,2019-12-05,299.9,BRL,BR,True,False,False,False,False,False,False,1925.0,-224.92999999999998,-0.7500166722240746,2025-03-13,False,False,6.942905092592593,True
1174180,018d937f-3a3b-7210-bd2d-0d1dfb1d84c0,BR,2025-04-03 17:18:43,74.97,299.9,75.0,BRL,61,2019-12-05,299.9,BRL,BR,True,False,False,False,False,False,False,1946.0,-224.92999999999998,-0.7500166722240746,2025-04-03,False,False,13.9978125,True
1174180,018d937f-3a3b-7210-bd2d-0d1dfb1d84c0,BR,2025-05-19 17:44:48,74.97,299.9,75.0,BRL,61,2019-12-05,299.9,BRL,BR,True,False,False,False,False,False,False,1992.0,-224.92999999999998,-0.7500166722240746,2025-05-19,False,False,14.0546875,True
1174180,018d937f-3a3b-7210-bd2d-0d1dfb1d84c0,BR,2025-06-26 22:19:32,74.97,299.9,75.0,BRL,61,2019-12-05,299.9,BRL,BR,True,False,False,False,False,False,False,2030.0,-224.92999999999998,-0.7500166722240746,2025-06-26,False,False,27.791689814814816,True
1174180,018d937f-3a3b-7210-bd2d-0d1dfb1d84c0,BR,2025-08-25 17:19:43,74.97,299.9,75.0,BRL,61,2019-12-05,299.9,BRL,BR,True,False,False,False,False,False,False,2090.0,-224.92999999999998,-0.7500166722240746,2025-08-25,False,False,13.999537037037037,True
1174180,018d937f-3a3b-7210-bd2d-0d1dfb1d84c0,BR,2025-09-29 20:36:09,74.97,299.9,75.0,BRL,61,2019-12-05,299.9,BRL,BR,True,False,False,False,False,False,False,2125.0,-224.92999999999998,-0.7500166722240746,2025-09-29,False,False,6.883275462962963,True
1174180,018d937f-3a3b-7210-bd2d-0d1dfb1d84c0,BR,2025-10-08 17:15:41,74.97,299.9,75.0,BRL,61,2019-12-05,299.9,BRL,BR,True,False,False,False,False,False,False,2134.0,-224.92999999999998,-0.7500166722240746,2025-10-08,False,False,12.001886574074074,True
1174180,018d937f-3a3b-7210-bd2d-0d1dfb1d84c0,CA,2019-12-12 18:21:14,63.99,79.99,20.0,CAD,61,2019-12-05,79.99,CAD,CA,True,False,False,False,False,False,False,7.0,-15.999999999999993,-0.20002500312539062,2019-12-12,False,False,2.0000115740740743,True
1174180,018d937f-3a3b-7210-bd2d-0d1dfb1d84c0,CA,2019-12-19 18:22:04,63.99,79.99,20.0,CAD,61,2019-12-05,79.99,CAD,CA,True,False,False,False,False,False,False,14.0,-15.999999999999993,-0.20002500312539062,2019-12-19,False,False,13.999363425925926,True
1174180,018d937f-3a3b-7210-bd2d-0d1dfb1d84c0,CA,2020-01-23 18:29:17,63.99,79.99,20.0,CAD,61,2019-12-05,79.99,CAD,CA,True,False,False,False,False,False,False,49.0,-15.999999999999993,-0.20002500312539062,2020-01-23,False,False,13.994467592592592,True
1174180,018d937f-3a3b-7210-bd2d-0d1dfb1d84c0,CA,2020-03-17 18:21:18,63.99,79.99,20.0,CAD,61,2019-12-05,79.99,CAD,CA,True,False,False,False,False,False,False,103.0,-15.999999999999993,-0.20002500312539062,2020-03-17,False,False,6.990266203703704,True
1174180,018d937f-3a3b-7210-bd2d-0d1dfb1d84c0,CA,2020-05-11 17:21:57,63.99,79.99,20.0,CAD,61,2019-12-05,79.99,CAD,CA,True,False,False,False,False,False,False,158.0,-15.999999999999993,-0.20002500312539062,2020-05-11,False,False,14.000324074074074,True
1174180,018d937f-3a3b-7210-bd2d-0d1dfb1d84c0,CA,2020-06-25 18:02:54,63.99,79.99,20.0,CAD,61,2019-12-05,79.99,CAD,CA,True,False,False,False,False,False,False,203.0,-15.999999999999993,-0.20002500312539062,2020-06-25,False,False,13.979386574074073,True
1174180,018d937f-3a3b-7210-bd2d-0d1dfb1d84c0,CA,2020-07-30 17:21:27,63.99,79.99,20.0,CAD,61,2019-12-05,79.99,CAD,CA,True,False,False,False,False,False,False,238.0,-15.999999999999993,-0.20002500312539062,2020-07-30,False,False,69.03184027777777,True
1174180,018d937f-3a3b-7210-bd2d-0d1dfb1d84c0,CA,2020-09-23 18:49:14,53.59,79.99,33.0,CAD,61,2019-12-05,79.99,CAD,CA,True,False,False,False,False,False,False,293.0,-26.39999999999999,-0.33004125515689453,2020-09-23,False,False,,False
1174180,018d937f-3a3b-7210-bd2d-0d1dfb1d84c0,CA,2020-10-29 17:24:55,53.59,79.99,33.0,CAD,61,2019-12-05,79.99,CAD,CA,True,False,False,False,False,False,False,329.0,-26.39999999999999,-0.33004125515689453,2020-10-29,False,False,4.04238425925926,True
1174180,018d937f-3a3b-7210-bd2d-0d1dfb1d84c0,CA,2020-11-25 18:31:39,53.59,79.99,33.0,CAD,61,2019-12-05,79.99,CAD,CA,True,False,False,False,False,False,False,356.0,-26.39999999999999,-0.33004125515689453,2020-11-25,False,False,6.0028125,True
1174180,018d937f-3a3b-7210-bd2d-0d1dfb1d84c0,CA,2020-12-09 18:07:10,53.59,79.99,33.0,CAD,61,2019-12-05,79.99,CAD,CA,True,False,False,False,False,False,False,370.0,-26.39999999999999,-0.33004125515689453,2020-12-09,False,False,5.009733796296296,True
1174180,018d937f-3a3b-7210-bd2d-0d1dfb1d84c0,CA,2020-12-22 18:58:11,53.59,79.99,33.0,CAD,61,2019-12-05,79.99,CAD,CA,True,False,False,False,False,False,False,383.0,-26.39999999999999,-0.33004125515689453,2020-12-22,False,False,13.998888888888889,True
1174180,018d937f-3a3b-7210-bd2d-0d1dfb1d84c0,CA,2021-01-15 18:21:21,53.59,79.99,33.0,CAD,61,2019-12-05,79.99,CAD,CA,True,False,False,False,False,False,False,407.0,-26.39999999999999,-0.33004125515689453,2021-01-15,False,False,14.0,True
1174180,018d937f-3a3b-7210-bd2d-0d1dfb1d84c0,CA,2021-02-11 18:57:05,53.59,79.99,33.0,CAD,61,2019-12-05,79.99,CAD,CA,True,False,False,False,False,False,False,434.0,-26.39999999999999,-0.33004125515689453,2021-02-11,False,False,3.9793402777777778,True
1174180,018d937f-3a3b-7210-bd2d-0d1dfb1d84c0,CA,2021-03-18 17:21:22,53.59,79.99,33.0,CAD,61,2019-12-05,79.99,CAD,CA,True,False,False,False,False,False,False,469.0,-26.39999999999999,-0.33004125515689453,2021-03-18,False,False,13.998564814814815,True
1174180,018d937f-3a3b-7210-bd2d-0d1dfb1d84c0,CA,2021-05-17 17:18:31,53.59,79.99,33.0,CAD,61,2019-12-05,79.99,CAD,CA,True,False,False,False,False,False,False,529.0,-26.39999999999999,-0.33004125515689453,2021-05-17,False,False,14.007141203703704,True
1174180,018d937f-3a3b-7210-bd2d-0d1dfb1d84c0,CA,2021-06-28 17:42:33,53.59,79.99,33.0,CAD,61,2019-12-05,79.99,CAD,CA,True,False,False,False,False,False,False,571.0,-26.39999999999999,-0.33004125515689453,2021-06-28,False,False,10.0821875,True
1174180,018d937f-3a3b-7210-bd2d-0d1dfb1d84c0,CA,2021-07-15 17:18:45,53.59,79.99,33.0,CAD,61,2019-12-05,79.99,CAD,CA,True,False,False,False,False,False,False,588.0,-26.39999999999999,-0.33004125515689453,2021-07-15,False,False,13.991180555555555,True
1174180,018d937f-3a3b-7210-bd2d-0d1dfb1d84c0,CA,2021-09-09 17:20:11,53.59,79.99,33.0,CAD,61,2019-12-05,79.99,CAD,CA,True,False,False,False,False,False,False,644.0,-26.39999999999999,-0.33004125515689453,2021-09-09,False,False,13.99738425925926,True
1174180,018d937f-3a3b-7210-bd2d-0d1dfb1d84c0,CA,2021-10-28 19:00:49,53.59,79.99,33.0,CAD,61,2019-12-05,79.99,CAD,CA,True,False,False,False,False,False,False,693.0,-26.39999999999999,-0.33004125515689453,2021-10-28,False,False,4.102361111111111,True
1174180,018d937f-3a3b-7210-bd2d-0d1dfb1d84c0,CA,2021-11-04 17:20:57,53.59,79.99,33.0,CAD,61,2019-12-05,79.99,CAD,CA,True,False,False,False,False,False,False,700.0,-26.39999999999999,-0.33004125515689453,2021-11-04,False,False,14.040104166666667,True
1174180,018d937f-3a3b-7210-bd2d-0d1dfb1d84c0,CA,2021-11-24 21:46:51,39.99,79.99,50.0,CAD,61,2019-12-05,79.99,CAD,CA,True,False,False,False,False,False,False,720.0,-39.99999999999999,-0.5000625078134766,2021-11-24,False,False,6.933356481481481,True
1174180,018d937f-3a3b-7210-bd2d-0d1dfb1d84c0,CA,2021-12-09 16:03:08,39.99,79.99,50.0,CAD,61,2019-12-05,79.99,CAD,CA,True,False,False,False,False,False,False,735.0,-39.99999999999999,-0.5000625078134766,2021-12-09,False,False,4.103599537037037,True
1174180,018d937f-3a3b-7210-bd2d-0d1dfb1d84c0,CA,2022-01-12 19:51:21,39.99,79.99,50.0,CAD,61,2019-12-05,79.99,CAD,CA,True,False,False,False,False,False,False,769.0,-39.99999999999999,-0.5000625078134766,2022-01-12,False,False,13.93625,True
1174180,018d937f-3a3b-7210-bd2d-0d1dfb1d84c0,CA,2022-01-27 18:07:50,39.99,79.99,50.0,CAD,61,2019-12-05,79.99,CAD,CA,True,False,False,False,False,False,False,784.0,-39.99999999999999,-0.5000625078134766,2022-01-27,False,False,7.084293981481482,True
1174180,018d937f-3a3b-7210-bd2d-0d1dfb1d84c0,CA,2022-03-10 18:18:21,39.99,79.99,50.0,CAD,61,2019-12-05,79.99,CAD,CA,True,False,False,False,False,False,False,826.0,-39.99999999999999,-0.5000625078134766,2022-03-10,False,False,27.955868055555555,True
1174180,018d937f-3a3b-7210-bd2d-0d1dfb1d84c0,CA,2022-05-05 17:09:41,39.99,79.99,50.0,CAD,61,2019-12-05,79.99,CAD,CA,True,False,False,False,False,False,False,882.0,-39.99999999999999,-0.5000625078134766,2022-05-05,False,False,13.997847222222223,True
1174180,018d937f-3a3b-7210-bd2d-0d1dfb1d84c0,CA,2022-06-16 17:19:32,39.99,79.99,50.0,CAD,61,2019-12-05,79.99,CAD,CA,True,False,False,False,False,False,False,924.0,-39.99999999999999,-0.5000625078134766,2022-06-16,False,False,21.09875,True
1174180,018d937f-3a3b-7210-bd2d-0d1dfb1d84c0,CA,2022-07-21 17:06:49,39.99,79.99,50.0,CAD,61,2019-12-05,79.99,CAD,CA,True,False,False,False,False,False,False,959.0,-39.99999999999999,-0.5000625078134766,2022-07-21,False,False,13.999768518518518,True
1174180,018d937f-3a3b-7210-bd2d-0d1dfb1d84c0,CA,2022-09-01 17:19:55,39.99,79.99,50.0,CAD,61,2019-12-05,79.99,CAD,CA,True,False,False,False,False,False,False,1001.0,-39.99999999999999,-0.5000625078134766,2022-09-01,False,False,13.99505787037037,True
1174180,018d937f-3a3b-7210-bd2d-0d1dfb1d84c0,CA,2022-10-18 17:12:34,39.99,79.99,50.0,CAD,61,2019-12-05,79.99,CAD,CA,True,False,False,False,False,False,False,1048.0,-39.99999999999999,-0.5000625078134766,2022-10-18,False,False,14.004293981481482,True
1174180,018d937f-3a3b-7210-bd2d-0d1dfb1d84c0,CA,2022-11-22 22:57:23,26.39,79.99,67.0,CAD,61,2019-12-05,79.99,CAD,CA,True,False,False,False,False,False,False,1083.0,-53.599999999999994,-0.6700837604700587,2022-11-22,False,False,6.8931712962962965,True
1174180,018d937f-3a3b-7210-bd2d-0d1dfb1d84c0,CA,2022-12-05 18:58:27,26.39,79.99,67.0,CAD,61,2019-12-05,79.99,CAD,CA,True,False,False,False,False,False,False,1096.0,-53.599999999999994,-0.6700837604700587,2022-12-05,False,False,13.973472222222222,True
1174180,018d937f-3a3b-7210-bd2d-0d1dfb1d84c0,CA,2022-12-23 01:34:07,26.39,79.99,67.0,CAD,61,2019-12-05,79.99,CAD,CA,True,False,False,False,False,False,False,1114.0,-53.599999999999994,-0.6700837604700587,2022-12-23,False,False,13.702627314814816,True
1174180,018d937f-3a3b-7210-bd2d-0d1dfb1d84c0,CA,2023-01-19 18:22:29,26.39,79.99,67.0,CAD,61,2019-12-05,79.99,CAD,CA,True,False,False,False,False,False,False,1141.0,-53.599999999999994,-0.6700837604700587,2023-01-19,False,False,14.003055555555555,True
1174180,018d937f-3a3b-7210-bd2d-0d1dfb1d84c0,CA,2023-03-04 20:48:19,26.39,79.99,67.0,CAD,61,2019-12-05,79.99,CAD,CA,True,False,False,False,False,False,False,1185.0,-53.599999999999994,-0.6700837604700587,2023-03-04,False,False,10.999965277777777,True
1174180,018d937f-3a3b-7210-bd2d-0d1dfb1d84c0,CA,2023-03-16 21:06:37,26.39,79.99,67.0,CAD,61,2019-12-05,79.99,CAD,CA,True,False,False,False,False,False,False,1197.0,-53.599999999999994,-0.6700837604700587,2023-03-16,False,False,6.948530092592593,True
1174180,018d937f-3a3b-7210-bd2d-0d1dfb1d84c0,CA,2023-04-14 19:24:56,26.39,79.99,67.0,CAD,61,2019-12-05,79.99,CAD,CA,True,False,False,False,False,False,False,1226.0,-53.599999999999994,-0.6700837604700587,2023-04-14,False,False,13.995405092592593,True
1174180,018d937f-3a3b-7210-bd2d-0d1dfb1d84c0,CA,2023-05-29 20:36:20,26.39,79.99,67.0,CAD,61,2019-12-05,79.99,CAD,CA,True,False,False,False,False,False,False,1271.0,-53.599999999999994,-0.6700837604700587,2023-05-29,False,False,13.987534722222222,True
1174180,018d937f-3a3b-7210-bd2d-0d1dfb1d84c0,CA,2023-06-29 19:48:37,26.39,79.99,67.0,CAD,61,2019-12-05,79.99,CAD,CA,True,False,False,False,False,False,False,1302.0,-53.599999999999994,-0.6700837604700587,2023-06-29,False,False,13.982418981481482,True
1174180,018d937f-3a3b-7210-bd2d-0d1dfb1d84c0,CA,2023-07-20 17:09:35,26.39,79.99,67.0,CAD,61,2019-12-05,79.99,CAD,CA,True,False,False,False,False,False,False,1323.0,-53.599999999999994,-0.6700837604700587,2023-07-20,False,False,14.008275462962963,True
1174180,018d937f-3a3b-7210-bd2d-0d1dfb1d84c0,CA,2023-09-07 17:09:42,26.39,79.99,67.0,CAD,61,2019-12-05,79.99,CAD,CA,True,False,False,False,False,False,False,1372.0,-53.599999999999994,-0.6700837604700587,2023-09-07,False,False,14.00636574074074,True
1174180,018d937f-3a3b-7210-bd2d-0d1dfb1d84c0,CA,2023-10-23 17:04:01,31.99,79.99,60.0,CAD,61,2019-12-05,79.99,CAD,CA,True,False,False,False,False,False,False,1418.0,-48.0,-0.600075009376172,2023-10-23,False,False,14.009953703703705,True
1174180,018d937f-3a3b-7210-bd2d-0d1dfb1d84c0,CA,2023-11-21 20:12:35,26.39,79.99,67.0,CAD,61,2019-12-05,79.99,CAD,CA,True,False,False,False,False,False,False,1447.0,-53.599999999999994,-0.6700837604700587,2023-11-21,False,False,7.001180555555556,True
1174180,018d937f-3a3b-7210-bd2d-0d1dfb1d84c0,CA,2023-12-07 18:27:56,26.39,79.99,67.0,CAD,61,2019-12-05,79.99,CAD,CA,True,False,False,False,False,False,False,1463.0,-53.599999999999994,-0.6700837604700587,2023-12-07,False,False,28.066354166666667,True
1174180,018d937f-3a3b-7210-bd2d-0d1dfb1d84c0,CA,2024-02-08 18:07:24,31.99,79.99,60.0,CAD,61,2019-12-05,79.99,CAD,CA,True,False,False,False,False,False,False,1526.0,-48.0,-0.600075009376172,2024-02-08,False,False,14.005601851851852,True
1174180,018d937f-3a3b-7210-bd2d-0d1dfb1d84c0,CA,2024-02-08 18:33:29,26.4,79.99,67.0,CAD,61,2019-12-05,79.99,CAD,CA,True,False,False,False,False,False,False,1526.0,-53.589999999999996,-0.6699587448431054,2024-02-08,False,False,,False
1174180,018d937f-3a3b-7210-bd2d-0d1dfb1d84c0,CA,2024-03-14 18:01:49,26.39,79.99,67.0,CAD,61,2019-12-05,79.99,CAD,CA,True,False,False,False,False,False,False,1561.0,-53.599999999999994,-0.6700837604700587,2024-03-14,False,False,6.988923611111111,True
1174180,018d937f-3a3b-7210-bd2d-0d1dfb1d84c0,CA,2024-04-11 17:18:15,31.99,79.99,60.0,CAD,61,2019-12-05,79.99,CAD,CA,True,False,False,False,False,False,False,1589.0,-48.0,-0.600075009376172,2024-04-11,False,False,13.998935185185186,True
1174180,018d937f-3a3b-7210-bd2d-0d1dfb1d84c0,CA,2024-05-27 17:16:42,31.99,79.99,60.0,CAD,61,2019-12-05,79.99,CAD,CA,True,False,False,False,False,False,False,1635.0,-48.0,-0.600075009376172,2024-05-27,False,False,13.999606481481482,True
1174180,018d937f-3a3b-7210-bd2d-0d1dfb1d84c0,CA,2024-06-27 18:22:47,26.39,79.99,67.0,CAD,61,2019-12-05,79.99,CAD,CA,True,False,False,False,False,False,False,1666.0,-53.599999999999994,-0.6700837604700587,2024-06-27,False,False,13.980300925925926,True
1174180,018d937f-3a3b-7210-bd2d-0d1dfb1d84c0,CA,2024-07-15 17:20:05,26.39,79.99,67.0,CAD,61,2019-12-05,79.99,CAD,CA,True,False,False,False,False,False,False,1684.0,-53.599999999999994,-0.6700837604700587,2024-07-15,False,False,14.00087962962963,True
1174180,018d937f-3a3b-7210-bd2d-0d1dfb1d84c0,CA,2024-08-29 17:18:19,31.99,79.99,60.0,CAD,61,2019-12-05,79.99,CAD,CA,True,False,False,False,False,False,False,1729.0,-48.0,-0.600075009376172,2024-08-29,False,False,13.998472222222222,True
1174180,018d937f-3a3b-7210-bd2d-0d1dfb1d84c0,CA,2024-11-27 20:41:03,26.39,79.99,67.0,CAD,61,2019-12-05,79.99,CAD,CA,True,False,False,False,False,False,False,1819.0,-53.599999999999994,-0.6700837604700587,2024-11-27,False,False,6.921793981481481,True
1174180,018d937f-3a3b-7210-bd2d-0d1dfb1d84c0,CA,2024-12-05 18:15:50,26.39,79.99,67.0,CAD,61,2019-12-05,79.99,CAD,CA,True,False,False,False,False,False,False,1827.0,-53.599999999999994,-0.6700837604700587,2024-12-05,False,False,28.026041666666668,True
1174180,018d937f-3a3b-7210-bd2d-0d1dfb1d84c0,CA,2025-01-23 18:23:48,19.99,79.99,75.0,CAD,61,2019-12-05,79.99,CAD,CA,True,False,False,False,False,False,False,1876.0,-60.0,-0.750093761720215,2025-01-23,False,False,13.998344907407407,True
1174180,018d937f-3a3b-7210-bd2d-0d1dfb1d84c0,CA,2025-03-13 19:09:54,19.99,79.99,75.0,CAD,61,2019-12-05,79.99,CAD,CA,True,False,False,False,False,False,False,1925.0,-60.0,-0.750093761720215,2025-03-13,False,False,6.944502314814815,True
1174180,018d937f-3a3b-7210-bd2d-0d1dfb1d84c0,CA,2025-04-03 17:18:57,19.99,79.99,75.0,CAD,61,2019-12-05,79.99,CAD,CA,True,False,False,False,False,False,False,1946.0,-60.0,-0.750093761720215,2025-04-03,False,False,13.997627314814816,True
1174180,018d937f-3a3b-7210-bd2d-0d1dfb1d84c0,CA,2025-05-19 17:38:47,19.99,79.99,75.0,CAD,61,2019-12-05,79.99,CAD,CA,True,False,False,False,False,False,False,1992.0,-60.0,-0.750093761720215,2025-05-19,False,False,14.062511574074074,True
1174180,018d937f-3a3b-7210-bd2d-0d1dfb1d84c0,CA,2025-06-26 22:14:15,19.99,79.99,75.0,CAD,61,2019-12-05,79.99,CAD,CA,True,False,False,False,False,False,False,2030.0,-60.0,-0.750093761720215,2025-06-26,False,False,27.793553240740742,True
1174180,018d937f-3a3b-7210-bd2d-0d1dfb1d84c0,CA,2025-08-25 17:27:03,19.99,79.99,75.0,CAD,61,2019-12-05,79.99,CAD,CA,True,False,False,False,False,False,False,2090.0,-60.0,-0.750093761720215,2025-08-25,False,False,13.994456018518518,True
1174180,018d937f-3a3b-7210-bd2d-0d1dfb1d84c0,CA,2025-09-29 20:36:24,19.99,79.99,75.0,CAD,61,2019-12-05,79.99,CAD,CA,True,False,False,False,False,False,False,2125.0,-60.0,-0.750093761720215,2025-09-29,False,False,6.883043981481482,True
1174180,018d937f-3a3b-7210-bd2d-0d1dfb1d84c0,CA,2025-10-08 17:15:55,19.99,79.99,75.0,CAD,61,2019-12-05,79.99,CAD,CA,True,False,False,False,False,False,False,2134.0,-60.0,-0.750093761720215,2025-10-08,False,False,12.00173611111111,True
1174180,018d937f-3a3b-7210-bd2d-0d1dfb1d84c0,CN,2019-12-12 18:21:15,199.0,249.0,20.0,CNY,61,2019-12-05,279.0,CNY,CN,True,False,False,False,False,False,False,7.0,-80.0,-0.28673835125448033,2019-12-12,False,False,2.0000347222222223,True
1174180,018d937f-3a3b-7210-bd2d-0d1dfb1d84c0,CN,2019-12-19 18:23:03,199.0,249.0,20.0,CNY,61,2019-12-05,279.0,CNY,CN,True,False,False,False,False,False,False,14.0,-80.0,-0.28673835125448033,2019-12-19,False,False,13.999918981481482,True
1174180,018d937f-3a3b-7210-bd2d-0d1dfb1d84c0,CN,2020-01-23 18:27:52,199.0,249.0,20.0,CNY,61,2019-12-05,279.0,CNY,CN,True,False,False,False,False,False,False,49.0,-80.0,-0.28673835125448033,2020-01-23,False,False,13.995405092592593,True
1174180,018d937f-3a3b-7210-bd2d-0d1dfb1d84c0,CN,2020-03-17 18:21:22,199.0,249.0,20.0,CNY,61,2019-12-05,279.0,CNY,CN,True,False,False,False,False,False,False,103.0,-80.0,-0.28673835125448033,2020-03-17,False,False,6.990185185185185,True
1174180,018d937f-3a3b-7210-bd2d-0d1dfb1d84c0,CN,2020-05-11 17:22:24,199.0,249.0,20.0,CNY,61,2019-12-05,279.0,CNY,CN,True,False,False,False,False,False,False,158.0,-80.0,-0.28673835125448033,2020-05-11,False,False,14.000335648148148,True
1174180,018d937f-3a3b-7210-bd2d-0d1dfb1d84c0,CN,2020-06-25 18:34:53,199.0,249.0,20.0,CNY,61,2019-12-05,279.0,CNY,CN,True,False,False,False,False,False,False,203.0,-80.0,-0.28673835125448033,2020-06-25,False,False,13.95,True
1174180,018d937f-3a3b-7210-bd2d-0d1dfb1d84c0,CN,2020-07-30 17:21:13,199.0,249.0,20.0,CNY,61,2019-12-05,279.0,CNY,CN,True,False,False,False,False,False,False,238.0,-80.0,-0.28673835125448033,2020-07-30,False,False,14.00005787037037,True
1174180,018d937f-3a3b-7210-bd2d-0d1dfb1d84c0,CN,2020-09-23 18:49:11,167.0,249.0,33.0,CNY,61,2019-12-05,279.0,CNY,CN,True,False,False,False,False,False,False,293.0,-112.0,-0.4014336917562724,2020-09-23,False,False,13.971041666666666,True
1174180,018d937f-3a3b-7210-bd2d-0d1dfb1d84c0,CN,2020-10-29 17:23:03,166.0,249.0,33.0,CNY,61,2019-12-05,279.0,CNY,CN,True,False,False,False,False,False,False,329.0,-113.0,-0.40501792114695345,2020-10-29,False,False,4.043368055555556,True
1174180,018d937f-3a3b-7210-bd2d-0d1dfb1d84c0,CN,2020-11-25 18:32:29,166.0,249.0,33.0,CNY,61,2019-12-05,279.0,CNY,CN,True,False,False,False,False,False,False,356.0,-113.0,-0.40501792114695345,2020-11-25,False,False,6.001921296296296,True
1174180,018d937f-3a3b-7210-bd2d-0d1dfb1d84c0,CN,2020-12-09 18:07:14,166.0,249.0,33.0,CNY,61,2019-12-05,279.0,CNY,CN,True,False,False,False,False,False,False,370.0,-113.0,-0.40501792114695345,2020-12-09,False,False,5.009837962962963,True
1174180,018d937f-3a3b-7210-bd2d-0d1dfb1d84c0,CN,2020-12-22 19:04:58,166.0,249.0,33.0,CNY,61,2019-12-05,279.0,CNY,CN,True,False,False,False,False,False,False,383.0,-113.0,-0.40501792114695345,2020-12-22,False,False,13.993275462962963,True
1174180,018d937f-3a3b-7210-bd2d-0d1dfb1d84c0,CN,2021-01-15 18:21:10,166.0,249.0,33.0,CNY,61,2019-12-05,279.0,CNY,CN,True,False,False,False,False,False,False,407.0,-113.0,-0.40501792114695345,2021-01-15,False,False,14.000046296296297,True
1174180,018d937f-3a3b-7210-bd2d-0d1dfb1d84c0,CN,2021-02-11 19:03:42,166.0,249.0,33.0,CNY,61,2019-12-05,279.0,CNY,CN,True,False,False,False,False,False,False,434.0,-113.0,-0.40501792114695345,2021-02-11,False,False,3.972233796296296,True
1174180,018d937f-3a3b-7210-bd2d-0d1dfb1d84c0,CN,2021-03-18 17:21:21,166.0,249.0,33.0,CNY,61,2019-12-05,279.0,CNY,CN,True,False,False,False,False,False,False,469.0,-113.0,-0.40501792114695345,2021-03-18,False,False,13.998356481481482,True
1174180,018d937f-3a3b-7210-bd2d-0d1dfb1d84c0,CN,2021-05-17 17:18:28,166.83,249.0,33.0,CNY,61,2019-12-05,279.0,CNY,CN,True,False,False,False,False,False,False,529.0,-112.16999999999999,-0.4020430107526881,2021-05-17,False,False,14.006875,True
1174180,018d937f-3a3b-7210-bd2d-0d1dfb1d84c0,CN,2021-06-28 17:33:33,166.0,249.0,33.0,CNY,61,2019-12-05,279.0,CNY,CN,True,False,False,False,False,False,False,571.0,-113.0,-0.40501792114695345,2021-06-28,False,False,10.085474537037037,True
1174180,018d937f-3a3b-7210-bd2d-0d1dfb1d84c0,CN,2021-07-15 17:24:29,166.0,249.0,33.0,CNY,61,2019-12-05,279.0,CNY,CN,True,False,False,False,False,False,False,588.0,-113.0,-0.40501792114695345,2021-07-15,False,False,14.000092592592592,True
1174180,018d937f-3a3b-7210-bd2d-0d1dfb1d84c0,CN,2021-09-09 17:24:39,166.83,249.0,33.0,CNY,61,2019-12-05,279.0,CNY,CN,True,False,False,False,False,False,False,644.0,-112.16999999999999,-0.4020430107526881,2021-09-09,False,False,53.115381944444444,True
1174180,018d937f-3a3b-7210-bd2d-0d1dfb1d84c0,CN,2021-11-04 17:20:59,166.83,249.0,33.0,CNY,61,2019-12-05,279.0,CNY,CN,True,False,False,False,False,False,False,700.0,-112.16999999999999,-0.4020430107526881,2021-11-04,False,False,14.040081018518519,True
1174180,018d937f-3a3b-7210-bd2d-0d1dfb1d84c0,CN,2021-11-24 19:58:12,124.5,249.0,50.0,CNY,61,2019-12-05,279.0,CNY,CN,True,False,False,False,False,False,False,720.0,-154.5,-0.553763440860215,2021-11-24,False,False,7.003206018518519,True
1174180,018d937f-3a3b-7210-bd2d-0d1dfb1d84c0,CN,2021-12-09 16:03:09,124.5,249.0,50.0,CNY,61,2019-12-05,279.0,CNY,CN,True,False,False,False,False,False,False,735.0,-154.5,-0.553763440860215,2021-12-09,False,False,4.104849537037037,True
1174180,018d937f-3a3b-7210-bd2d-0d1dfb1d84c0,CN,2021-12-22 20:12:12,124.5,249.0,50.0,CNY,61,2019-12-05,279.0,CNY,CN,True,False,False,False,False,False,False,748.0,-154.5,-0.553763440860215,2021-12-22,False,False,14.026215277777778,True
1174180,018d937f-3a3b-7210-bd2d-0d1dfb1d84c0,CN,2022-01-12 19:50:50,124.5,249.0,50.0,CNY,61,2019-12-05,279.0,CNY,CN,True,False,False,False,False,False,False,769.0,-154.5,-0.553763440860215,2022-01-12,False,False,13.929502314814815,True
1174180,018d937f-3a3b-7210-bd2d-0d1dfb1d84c0,CN,2022-01-27 20:00:51,124.5,249.0,50.0,CNY,61,2019-12-05,279.0,CNY,CN,True,False,False,False,False,False,False,784.0,-154.5,-0.553763440860215,2022-01-27,False,False,69.88888888888889,True
1174180,018d937f-3a3b-7210-bd2d-0d1dfb1d84c0,CN,2022-05-05 17:09:42,124.5,249.0,50.0,CNY,61,2019-12-05,279.0,CNY,CN,True,False,False,False,False,False,False,882.0,-154.5,-0.553763440860215,2022-05-05,False,False,14.006539351851853,True
1174180,018d937f-3a3b-7210-bd2d-0d1dfb1d84c0,CN,2022-06-16 17:19:22,124.5,249.0,50.0,CNY,61,2019-12-05,279.0,CNY,CN,True,False,False,False,False,False,False,924.0,-154.5,-0.553763440860215,2022-06-16,False,False,21.096724537037037,True
1174180,018d937f-3a3b-7210-bd2d-0d1dfb1d84c0,CN,2022-07-21 17:06:47,124.5,249.0,50.0,CNY,61,2019-12-05,279.0,CNY,CN,True,False,False,False,False,False,False,959.0,-154.5,-0.553763440860215,2022-07-21,False,False,14.001886574074074,True
1174180,018d937f-3a3b-7210-bd2d-0d1dfb1d84c0,CN,2022-09-01 17:06:38,124.5,249.0,50.0,CNY,61,2019-12-05,279.0,CNY,CN,True,False,False,False,False,False,False,1001.0,-154.5,-0.553763440860215,2022-09-01,False,False,14.009097222222222,True
1174180,018d937f-3a3b-7210-bd2d-0d1dfb1d84c0,CN,2022-10-18 17:12:29,124.5,249.0,50.0,CNY,61,2019-12-05,279.0,CNY,CN,True,False,False,False,False,False,False,1048.0,-154.5,-0.553763440860215,2022-10-18,False,False,14.004467592592592,True
1174180,018d937f-3a3b-7210-bd2d-0d1dfb1d84c0,CN,2022-11-22 19:49:07,82.17,249.0,67.0,CNY,61,2019-12-05,279.0,CNY,CN,True,False,False,False,False,False,False,1083.0,-196.82999999999998,-0.705483870967742,2022-11-22,False,False,7.022245370370371,True
1174180,018d937f-3a3b-7210-bd2d-0d1dfb1d84c0,CN,2022-12-05 19:50:26,82.17,249.0,67.0,CNY,61,2019-12-05,279.0,CNY,CN,True,False,False,False,False,False,False,1096.0,-196.82999999999998,-0.705483870967742,2022-12-05,False,False,13.964722222222223,True
1174180,018d937f-3a3b-7210-bd2d-0d1dfb1d84c0,CN,2022-12-22 23:29:53,82.17,249.0,67.0,CNY,61,2019-12-05,279.0,CNY,CN,True,False,False,False,False,False,False,1113.0,-196.82999999999998,-0.705483870967742,2022-12-22,False,False,13.846284722222222,True
1174180,018d937f-3a3b-7210-bd2d-0d1dfb1d84c0,CN,2023-01-19 18:19:03,82.17,249.0,67.0,CNY,61,2019-12-05,279.0,CNY,CN,True,False,False,False,False,False,False,1141.0,-196.82999999999998,-0.705483870967742,2023-01-19,False,False,14.003842592592592,True
1174180,018d937f-3a3b-7210-bd2d-0d1dfb1d84c0,CN,2023-02-02 19:53:03,279.0,279.0,0.0,CNY,61,2019-12-05,279.0,CNY,CN,False,False,False,True,False,False,False,1155.0,0.0,0.0,2023-02-02,False,False,,False
1174180,018d937f-3a3b-7210-bd2d-0d1dfb1d84c0,CN,2023-03-04 20:48:12,92.07,279.0,67.0,CNY,61,2019-12-05,279.0,CNY,CN,True,False,False,False,False,False,False,1185.0,-186.93,-0.67,2023-03-04,False,False,11.000046296296297,True
1174180,018d937f-3a3b-7210-bd2d-0d1dfb1d84c0,CN,2023-03-16 21:03:35,92.07,279.0,67.0,CNY,61,2019-12-05,279.0,CNY,CN,True,False,False,False,False,False,False,1197.0,-186.93,-0.67,2023-03-16,False,False,6.8675347222222225,True
1174180,018d937f-3a3b-7210-bd2d-0d1dfb1d84c0,CN,2023-04-14 19:25:01,92.07,279.0,67.0,CNY,61,2019-12-05,279.0,CNY,CN,True,False,False,False,False,False,False,1226.0,-186.93,-0.67,2023-04-14,False,False,13.995324074074073,True
1174180,018d937f-3a3b-7210-bd2d-0d1dfb1d84c0,CN,2023-05-29 20:38:48,92.07,279.0,67.0,CNY,61,2019-12-05,279.0,CNY,CN,True,False,False,False,False,False,False,1271.0,-186.93,-0.67,2023-05-29,False,False,13.98582175925926,True
1174180,018d937f-3a3b-7210-bd2d-0d1dfb1d84c0,CN,2023-06-29 22:32:00,92.07,279.0,67.0,CNY,61,2019-12-05,279.0,CNY,CN,True,False,False,False,False,False,False,1302.0,-186.93,-0.67,2023-06-29,False,False,13.773599537037038,True
1174180,018d937f-3a3b-7210-bd2d-0d1dfb1d84c0,CN,2023-07-20 17:09:34,92.07,279.0,67.0,CNY,61,2019-12-05,279.0,CNY,CN,True,False,False,False,False,False,False,1323.0,-186.93,-0.67,2023-07-20,False,False,14.007615740740741,True
1174180,018d937f-3a3b-7210-bd2d-0d1dfb1d84c0,CN,2023-09-07 17:19:40,92.07,279.0,67.0,CNY,61,2019-12-05,279.0,CNY,CN,True,False,False,False,False,False,False,1372.0,-186.93,-0.67,2023-09-07,False,False,13.999976851851851,True
1174180,018d937f-3a3b-7210-bd2d-0d1dfb1d84c0,CN,2023-10-23 17:13:13,111.6,279.0,60.0,CNY,61,2019-12-05,279.0,CNY,CN,True,False,False,False,False,False,False,1418.0,-167.4,-0.6000000000000001,2023-10-23,False,False,14.003530092592593,True
1174180,018d937f-3a3b-7210-bd2d-0d1dfb1d84c0,CN,2023-11-21 20:05:58,92.07,279.0,67.0,CNY,61,2019-12-05,279.0,CNY,CN,True,False,False,False,False,False,False,1447.0,-186.93,-0.67,2023-11-21,False,False,7.005,True
1174180,018d937f-3a3b-7210-bd2d-0d1dfb1d84c0,CN,2023-12-07 18:33:58,92.07,279.0,67.0,CNY,61,2019-12-05,279.0,CNY,CN,True,False,False,False,False,False,False,1463.0,-186.93,-0.67,2023-12-07,False,False,28.062175925925924,True
1174180,018d937f-3a3b-7210-bd2d-0d1dfb1d84c0,CN,2024-02-08 18:36:38,92.07,279.0,67.0,CNY,61,2019-12-05,279.0,CNY,CN,True,False,False,False,False,False,False,1526.0,-186.93,-0.67,2024-02-08,False,False,13.98554398148148,True
1174180,018d937f-3a3b-7210-bd2d-0d1dfb1d84c0,CN,2024-03-14 18:01:30,92.07,279.0,67.0,CNY,61,2019-12-05,279.0,CNY,CN,True,False,False,False,False,False,False,1561.0,-186.93,-0.67,2024-03-14,False,False,6.9893171296296295,True
1174180,018d937f-3a3b-7210-bd2d-0d1dfb1d84c0,CN,2024-04-11 17:15:27,111.6,279.0,60.0,CNY,61,2019-12-05,279.0,CNY,CN,True,False,False,False,False,False,False,1589.0,-167.4,-0.6000000000000001,2024-04-11,False,False,14.001342592592593,True
1174180,018d937f-3a3b-7210-bd2d-0d1dfb1d84c0,CN,2024-05-27 17:16:44,111.6,279.0,60.0,CNY,61,2019-12-05,279.0,CNY,CN,True,False,False,False,False,False,False,1635.0,-167.4,-0.6000000000000001,2024-05-27,False,False,14.001608796296296,True
1174180,018d937f-3a3b-7210-bd2d-0d1dfb1d84c0,CN,2024-06-27 18:21:45,92.07,279.0,67.0,CNY,61,2019-12-05,279.0,CNY,CN,True,False,False,False,False,False,False,1666.0,-186.93,-0.67,2024-06-27,False,False,13.977395833333333,True
1174180,018d937f-3a3b-7210-bd2d-0d1dfb1d84c0,CN,2024-07-15 17:17:11,92.07,279.0,67.0,CNY,61,2019-12-05,279.0,CNY,CN,True,False,False,False,False,False,False,1684.0,-186.93,-0.67,2024-07-15,False,False,14.002893518518519,True
1174180,018d937f-3a3b-7210-bd2d-0d1dfb1d84c0,CN,2024-08-29 17:18:46,111.6,279.0,60.0,CNY,61,2019-12-05,279.0,CNY,CN,True,False,False,False,False,False,False,1729.0,-167.4,-0.6000000000000001,2024-08-29,False,False,13.997997685185185,True
1174180,018d937f-3a3b-7210-bd2d-0d1dfb1d84c0,CN,2024-11-27 20:40:49,92.07,279.0,67.0,CNY,61,2019-12-05,279.0,CNY,CN,True,False,False,False,False,False,False,1819.0,-186.93,-0.67,2024-11-27,False,False,6.9218981481481485,True
1174180,018d937f-3a3b-7210-bd2d-0d1dfb1d84c0,CN,2024-12-05 18:17:01,92.07,279.0,67.0,CNY,61,2019-12-05,279.0,CNY,CN,True,False,False,False,False,False,False,1827.0,-186.93,-0.67,2024-12-05,False,False,28.02321759259259,True
1174180,018d937f-3a3b-7210-bd2d-0d1dfb1d84c0,CN,2025-01-23 18:17:52,69.75,279.0,75.0,CNY,61,2019-12-05,279.0,CNY,CN,True,False,False,False,False,False,False,1876.0,-209.25,-0.75,2025-01-23,False,False,13.999733796296296,True
1174180,018d937f-3a3b-7210-bd2d-0d1dfb1d84c0,CN,2025-03-13 19:28:12,69.75,279.0,75.0,CNY,61,2019-12-05,279.0,CNY,CN,True,False,False,False,False,False,False,1925.0,-209.25,-0.75,2025-03-13,False,False,6.933796296296296,True
1174180,018d937f-3a3b-7210-bd2d-0d1dfb1d84c0,CN,2025-04-03 17:18:59,69.75,279.0,75.0,CNY,61,2019-12-05,279.0,CNY,CN,True,False,False,False,False,False,False,1946.0,-209.25,-0.75,2025-04-03,False,False,13.999664351851852,True
1174180,018d937f-3a3b-7210-bd2d-0d1dfb1d84c0,CN,2025-05-19 17:44:36,69.75,279.0,75.0,CNY,61,2019-12-05,279.0,CNY,CN,True,False,False,False,False,False,False,1992.0,-209.25,-0.75,2025-05-19,False,False,14.058877314814815,True
1174180,018d937f-3a3b-7210-bd2d-0d1dfb1d84c0,CN,2025-06-26 22:17:14,69.75,279.0,75.0,CNY,61,2019-12-05,279.0,CNY,CN,True,False,False,False,False,False,False,2030.0,-209.25,-0.75,2025-06-26,False,False,27.79171296296296,True
1174180,018d937f-3a3b-7210-bd2d-0d1dfb1d84c0,CN,2025-08-25 17:27:27,69.75,279.0,75.0,CNY,61,2019-12-05,279.0,CNY,CN,True,False,False,False,False,False,False,2090.0,-209.25,-0.75,2025-08-25,False,False,13.993252314814814,True
1174180,018d937f-3a3b-7210-bd2d-0d1dfb1d84c0,CN,2025-09-29 20:26:20,69.75,279.0,75.0,CNY,61,2019-12-05,279.0,CNY,CN,True,False,False,False,False,False,False,2125.0,-209.25,-0.75,2025-09-29,False,False,6.8897106481481485,True
1174180,018d937f-3a3b-7210-bd2d-0d1dfb1d84c0,CN,2025-10-08 17:15:38,69.75,279.0,75.0,CNY,61,2019-12-05,279.0,CNY,CN,True,False,False,False,False,False,False,2134.0,-209.25,-0.75,2025-10-08,False,False,12.001875,True
1174180,018d937f-3a3b-7210-bd2d-0d1dfb1d84c0,DE,2019-12-12 18:21:19,47.99,59.99,20.0,EUR,61,2019-12-05,59.99,EUR,DE,True,False,False,False,False,False,False,7.0,-12.0,-0.200033338889815,2019-12-12,False,False,2.0002430555555555,True
1174180,018d937f-3a3b-7210-bd2d-0d1dfb1d84c0,DE,2019-12-19 18:23:05,47.99,59.99,20.0,EUR,61,2019-12-05,59.99,EUR,DE,True,False,False,False,False,False,False,14.0,-12.0,-0.200033338889815,2019-12-19,False,False,13.999340277777778,True
1174180,018d937f-3a3b-7210-bd2d-0d1dfb1d84c0,DE,2020-01-23 18:28:36,47.99,59.99,20.0,EUR,61,2019-12-05,59.99,EUR,DE,True,False,False,False,False,False,False,49.0,-12.0,-0.200033338889815,2020-01-23,False,False,13.994884259259258,True
1174180,018d937f-3a3b-7210-bd2d-0d1dfb1d84c0,DE,2020-03-17 18:21:15,47.99,59.99,20.0,EUR,61,2019-12-05,59.99,EUR,DE,True,False,False,False,False,False,False,103.0,-12.0,-0.200033338889815,2020-03-17,False,False,6.990289351851852,True
1174180,018d937f-3a3b-7210-bd2d-0d1dfb1d84c0,DE,2020-05-11 17:22:20,47.99,59.99,20.0,EUR,61,2019-12-05,59.99,EUR,DE,True,False,False,False,False,False,False,158.0,-12.0,-0.200033338889815,2020-05-11,False,False,14.0003125,True
1174180,018d937f-3a3b-7210-bd2d-0d1dfb1d84c0,DE,2020-06-25 17:51:19,47.99,59.99,20.0,EUR,61,2019-12-05,59.99,EUR,DE,True,False,False,False,False,False,False,203.0,-12.0,-0.200033338889815,2020-06-25,False,False,13.982777777777779,True
1174180,018d937f-3a3b-7210-bd2d-0d1dfb1d84c0,DE,2020-09-23 18:49:16,40.19,59.99,33.0,EUR,61,2019-12-05,59.99,EUR,DE,True,False,False,False,False,False,False,293.0,-19.800000000000004,-0.33005500916819475,2020-09-23,False,False,13.971030092592592,True
1174180,018d937f-3a3b-7210-bd2d-0d1dfb1d84c0,DE,2020-10-29 17:22:37,40.19,59.99,33.0,EUR,61,2019-12-05,59.99,EUR,DE,True,False,False,False,False,False,False,329.0,-19.800000000000004,-0.33005500916819475,2020-10-29,False,False,4.043252314814815,True
1174180,018d937f-3a3b-7210-bd2d-0d1dfb1d84c0,DE,2020-11-25 18:25:30,40.19,59.99,33.0,EUR,61,2019-12-05,59.99,EUR,DE,True,False,False,False,False,False,False,356.0,-19.800000000000004,-0.33005500916819475,2020-11-25,False,False,6.008067129629629,True
1174180,018d937f-3a3b-7210-bd2d-0d1dfb1d84c0,DE,2020-12-09 18:07:16,40.19,59.99,33.0,EUR,61,2019-12-05,59.99,EUR,DE,True,False,False,False,False,False,False,370.0,-19.800000000000004,-0.33005500916819475,2020-12-09,False,False,5.009849537037037,True
1174180,018d937f-3a3b-7210-bd2d-0d1dfb1d84c0,DE,2020-12-22 19:02:31,40.19,59.99,33.0,EUR,61,2019-12-05,59.99,EUR,DE,True,False,False,False,False,False,False,383.0,-19.800000000000004,-0.33005500916819475,2020-12-22,False,False,13.990729166666666,True
1174180,018d937f-3a3b-7210-bd2d-0d1dfb1d84c0,DE,2021-01-15 18:21:08,40.19,59.99,33.0,EUR,61,2019-12-05,59.99,EUR,DE,True,False,False,False,False,False,False,407.0,-19.800000000000004,-0.33005500916819475,2021-01-15,False,False,14.000127314814815,True
1174180,018d937f-3a3b-7210-bd2d-0d1dfb1d84c0,DE,2021-02-11 19:00:24,40.19,59.99,33.0,EUR,61,2019-12-05,59.99,EUR,DE,True,False,False,False,False,False,False,434.0,-19.800000000000004,-0.33005500916819475,2021-02-11,False,False,3.9756597222222223,True
1174180,018d937f-3a3b-7210-bd2d-0d1dfb1d84c0,DE,2021-03-18 17:21:07,40.19,59.99,33.0,EUR,61,2019-12-05,59.99,EUR,DE,True,False,False,False,False,False,False,469.0,-19.800000000000004,-0.33005500916819475,2021-03-18,False,False,13.998912037037037,True
1174180,018d937f-3a3b-7210-bd2d-0d1dfb1d84c0,DE,2021-05-17 17:18:28,40.19,59.99,33.0,EUR,61,2019-12-05,59.99,EUR,DE,True,False,False,False,False,False,False,529.0,-19.800000000000004,-0.33005500916819475,2021-05-17,False,False,14.006782407407407,True
1174180,018d937f-3a3b-7210-bd2d-0d1dfb1d84c0,DE,2021-06-28 17:49:05,40.19,59.99,33.0,EUR,61,2019-12-05,59.99,EUR,DE,True,False,False,False,False,False,False,571.0,-19.800000000000004,-0.33005500916819475,2021-06-28,False,False,10.078657407407407,True
1174180,018d937f-3a3b-7210-bd2d-0d1dfb1d84c0,DE,2021-07-15 17:12:29,40.19,59.99,33.0,EUR,61,2019-12-05,59.99,EUR,DE,True,False,False,False,False,False,False,588.0,-19.800000000000004,-0.33005500916819475,2021-07-15,False,False,13.995486111111111,True
1174180,018d937f-3a3b-7210-bd2d-0d1dfb1d84c0,DE,2021-09-09 17:20:05,40.19,59.99,33.0,EUR,61,2019-12-05,59.99,EUR,DE,True,False,False,False,False,False,False,644.0,-19.800000000000004,-0.33005500916819475,2021-09-09,False,False,14.005902777777777,True
1174180,018d937f-3a3b-7210-bd2d-0d1dfb1d84c0,DE,2021-10-28 19:02:06,40.19,59.99,33.0,EUR,61,2019-12-05,59.99,EUR,DE,True,False,False,False,False,False,False,693.0,-19.800000000000004,-0.33005500916819475,2021-10-28,False,False,4.047175925925926,True
1174180,018d937f-3a3b-7210-bd2d-0d1dfb1d84c0,DE,2021-11-04 17:20:54,40.19,59.99,33.0,EUR,61,2019-12-05,59.99,EUR,DE,True,False,False,False,False,False,False,700.0,-19.800000000000004,-0.33005500916819475,2021-11-04,False,False,14.040138888888889,True
1174180,018d937f-3a3b-7210-bd2d-0d1dfb1d84c0,DE,2021-11-24 19:56:57,29.99,59.99,50.0,EUR,61,2019-12-05,59.99,EUR,DE,True,False,False,False,False,False,False,720.0,-30.000000000000004,-0.5000833472245374,2021-11-24,False,False,7.060335648148148,True
1174180,018d937f-3a3b-7210-bd2d-0d1dfb1d84c0,DE,2021-12-09 16:03:10,29.99,59.99,50.0,EUR,61,2019-12-05,59.99,EUR,DE,True,False,False,False,False,False,False,735.0,-30.000000000000004,-0.5000833472245374,2021-12-09,False,False,4.105497685185185,True
1174180,018d937f-3a3b-7210-bd2d-0d1dfb1d84c0,DE,2021-12-22 20:14:51,29.99,59.99,50.0,EUR,61,2019-12-05,59.99,EUR,DE,True,False,False,False,False,False,False,748.0,-30.000000000000004,-0.5000833472245374,2021-12-22,False,False,14.0271875,True
1174180,018d937f-3a3b-7210-bd2d-0d1dfb1d84c0,DE,2022-01-12 19:50:57,29.99,59.99,50.0,EUR,61,2019-12-05,59.99,EUR,DE,True,False,False,False,False,False,False,769.0,-30.000000000000004,-0.5000833472245374,2022-01-12,False,False,13.936388888888889,True
1174180,018d937f-3a3b-7210-bd2d-0d1dfb1d84c0,DE,2022-01-27 20:04:57,29.99,59.99,50.0,EUR,61,2019-12-05,59.99,EUR,DE,True,False,False,False,False,False,False,784.0,-30.000000000000004,-0.5000833472245374,2022-01-27,False,False,7.0039699074074075,True
1174180,018d937f-3a3b-7210-bd2d-0d1dfb1d84c0,DE,2022-03-10 18:26:13,29.99,59.99,50.0,EUR,61,2019-12-05,59.99,EUR,DE,True,False,False,False,False,False,False,826.0,-30.000000000000004,-0.5000833472245374,2022-03-10,False,False,27.95652777777778,True
1174180,018d937f-3a3b-7210-bd2d-0d1dfb1d84c0,DE,2022-06-16 17:03:17,29.99,59.99,50.0,EUR,61,2019-12-05,59.99,EUR,DE,True,False,False,False,False,False,False,924.0,-30.000000000000004,-0.5000833472245374,2022-06-16,False,False,21.111817129629628,True
1174180,018d937f-3a3b-7210-bd2d-0d1dfb1d84c0,DE,2022-07-21 17:10:03,29.99,59.99,50.0,EUR,61,2019-12-05,59.99,EUR,DE,True,False,False,False,False,False,False,959.0,-30.000000000000004,-0.5000833472245374,2022-07-21,False,False,13.999976851851851,True
1174180,018d937f-3a3b-7210-bd2d-0d1dfb1d84c0,DE,2022-09-01 17:15:31,29.99,59.99,50.0,EUR,61,2019-12-05,59.99,EUR,DE,True,False,False,False,False,False,False,1001.0,-30.000000000000004,-0.5000833472245374,2022-09-01,False,False,14.002604166666666,True
1174180,018d937f-3a3b-7210-bd2d-0d1dfb1d84c0,DE,2022-10-18 17:09:25,29.99,59.99,50.0,EUR,61,2019-12-05,59.99,EUR,DE,True,False,False,False,False,False,False,1048.0,-30.000000000000004,-0.5000833472245374,2022-10-18,False,False,14.006527777777778,True
1174180,018d937f-3a3b-7210-bd2d-0d1dfb1d84c0,DE,2022-11-22 19:51:19,19.79,59.99,67.0,EUR,61,2019-12-05,59.99,EUR,DE,True,False,False,False,False,False,False,1083.0,-40.2,-0.6701116852808802,2022-11-22,False,False,7.02082175925926,True
1174180,018d937f-3a3b-7210-bd2d-0d1dfb1d84c0,DE,2022-12-05 18:43:57,19.79,59.99,67.0,EUR,61,2019-12-05,59.99,EUR,DE,True,False,False,False,False,False,False,1096.0,-40.2,-0.6701116852808802,2022-12-05,False,False,14.01119212962963,True
1174180,018d937f-3a3b-7210-bd2d-0d1dfb1d84c0,DE,2022-12-22 23:29:53,19.79,59.99,67.0,EUR,61,2019-12-05,59.99,EUR,DE,True,False,False,False,False,False,False,1113.0,-40.2,-0.6701116852808802,2022-12-22,False,False,13.784710648148149,True
1174180,018d937f-3a3b-7210-bd2d-0d1dfb1d84c0,DE,2023-01-19 18:21:59,19.79,59.99,67.0,EUR,61,2019-12-05,59.99,EUR,DE,True,False,False,False,False,False,False,1141.0,-40.2,-0.6701116852808802,2023-01-19,False,False,13.995636574074075,True
1174180,018d937f-3a3b-7210-bd2d-0d1dfb1d84c0,DE,2023-03-04 20:48:21,19.79,59.99,67.0,EUR,61,2019-12-05,59.99,EUR,DE,True,False,False,False,False,False,False,1185.0,-40.2,-0.6701116852808802,2023-03-04,False,False,10.99994212962963,True
1174180,018d937f-3a3b-7210-bd2d-0d1dfb1d84c0,DE,2023-03-16 21:06:34,19.79,59.99,67.0,EUR,61,2019-12-05,59.99,EUR,DE,True,False,False,False,False,False,False,1197.0,-40.2,-0.6701116852808802,2023-03-16,False,False,6.856539351851852,True
1174180,018d937f-3a3b-7210-bd2d-0d1dfb1d84c0,DE,2023-05-29 20:36:13,19.79,59.99,67.0,EUR,61,2019-12-05,59.99,EUR,DE,True,False,False,False,False,False,False,1271.0,-40.2,-0.6701116852808802,2023-05-29,False,False,13.987615740740742,True
1174180,018d937f-3a3b-7210-bd2d-0d1dfb1d84c0,DE,2023-06-29 19:52:38,19.79,19.79,0.0,EUR,61,2019-12-05,59.99,EUR,DE,False,False,False,True,False,False,False,1302.0,-40.2,-0.6701116852808802,2023-06-29,False,False,,False
1174180,018d937f-3a3b-7210-bd2d-0d1dfb1d84c0,DE,2023-07-13 19:31:12,59.99,59.99,0.0,EUR,61,2019-12-05,59.99,EUR,DE,False,False,False,True,False,False,False,1316.0,0.0,0.0,2023-07-13,False,False,,False
1174180,018d937f-3a3b-7210-bd2d-0d1dfb1d84c0,DE,2023-07-20 17:20:17,19.79,19.79,0.0,EUR,61,2019-12-05,59.99,EUR,DE,False,False,False,True,False,False,False,1323.0,-40.2,-0.6701116852808802,2023-07-20,False,False,,False
1174180,018d937f-3a3b-7210-bd2d-0d1dfb1d84c0,DE,2023-08-03 17:09:34,59.99,59.99,0.0,EUR,61,2019-12-05,59.99,EUR,DE,False,False,False,True,False,False,False,1337.0,0.0,0.0,2023-08-03,False,False,,False
1174180,018d937f-3a3b-7210-bd2d-0d1dfb1d84c0,DE,2023-09-07 17:03:17,19.79,59.99,67.0,EUR,61,2019-12-05,59.99,EUR,DE,True,False,False,False,False,False,False,1372.0,-40.2,-0.6701116852808802,2023-09-07,False,False,14.011377314814816,True
1174180,018d937f-3a3b-7210-bd2d-0d1dfb1d84c0,DE,2023-10-23 17:14:22,23.99,59.99,60.0,EUR,61,2019-12-05,59.99,EUR,DE,True,False,False,False,False,False,False,1418.0,-36.0,-0.600100016669445,2023-10-23,False,False,14.002743055555555,True
1174180,018d937f-3a3b-7210-bd2d-0d1dfb1d84c0,DE,2023-11-21 20:22:22,19.79,59.99,67.0,EUR,61,2019-12-05,59.99,EUR,DE,True,False,False,False,False,False,False,1447.0,-40.2,-0.6701116852808802,2023-11-21,False,False,6.997939814814814,True
1174180,018d937f-3a3b-7210-bd2d-0d1dfb1d84c0,DE,2023-12-07 18:06:36,19.79,59.99,67.0,EUR,61,2019-12-05,59.99,EUR,DE,True,False,False,False,False,False,False,1463.0,-40.2,-0.6701116852808802,2023-12-07,False,False,28.081215277777776,True
1174180,018d937f-3a3b-7210-bd2d-0d1dfb1d84c0,DE,2024-02-08 18:18:29,23.99,59.99,60.0,EUR,61,2019-12-05,59.99,EUR,DE,True,False,False,False,False,False,False,1526.0,-36.0,-0.600100016669445,2024-02-08,False,False,13.998125,True
1174180,018d937f-3a3b-7210-bd2d-0d1dfb1d84c0,DE,2024-02-08 18:36:37,19.8,59.99,67.0,EUR,61,2019-12-05,59.99,EUR,DE,True,False,False,False,False,False,False,1526.0,-40.19,-0.6699449908318054,2024-02-08,False,False,,False
1174180,018d937f-3a3b-7210-bd2d-0d1dfb1d84c0,DE,2024-03-14 18:07:32,19.79,59.99,67.0,EUR,61,2019-12-05,59.99,EUR,DE,True,False,False,False,False,False,False,1561.0,-40.2,-0.6701116852808802,2024-03-14,False,False,6.987037037037037,True
1174180,018d937f-3a3b-7210-bd2d-0d1dfb1d84c0,DE,2024-04-11 17:18:14,23.99,59.99,60.0,EUR,61,2019-12-05,59.99,EUR,DE,True,False,False,False,False,False,False,1589.0,-36.0,-0.600100016669445,2024-04-11,False,False,13.99894675925926,True
1174180,018d937f-3a3b-7210-bd2d-0d1dfb1d84c0,DE,2024-05-27 17:24:34,23.99,59.99,60.0,EUR,61,2019-12-05,59.99,EUR,DE,True,False,False,False,False,False,False,1635.0,-36.0,-0.600100016669445,2024-05-27,False,False,13.994143518518518,True
1174180,018d937f-3a3b-7210-bd2d-0d1dfb1d84c0,DE,2024-06-27 18:21:51,19.79,59.99,67.0,EUR,61,2019-12-05,59.99,EUR,DE,True,False,False,False,False,False,False,1666.0,-40.2,-0.6701116852808802,2024-06-27,False,False,13.981215277777778,True
1174180,018d937f-3a3b-7210-bd2d-0d1dfb1d84c0,DE,2024-07-15 17:21:49,19.79,59.99,67.0,EUR,61,2019-12-05,59.99,EUR,DE,True,False,False,False,False,False,False,1684.0,-40.2,-0.6701116852808802,2024-07-15,False,False,13.997013888888889,True
1174180,018d937f-3a3b-7210-bd2d-0d1dfb1d84c0,DE,2024-08-29 17:15:43,23.99,59.99,60.0,EUR,61,2019-12-05,59.99,EUR,DE,True,False,False,False,False,False,False,1729.0,-36.0,-0.600100016669445,2024-08-29,False,False,14.001909722222223,True
1174180,018d937f-3a3b-7210-bd2d-0d1dfb1d84c0,DE,2024-11-27 20:41:03,19.79,59.99,67.0,EUR,61,2019-12-05,59.99,EUR,DE,True,False,False,False,False,False,False,1819.0,-40.2,-0.6701116852808802,2024-11-27,False,False,6.921793981481481,True
1174180,018d937f-3a3b-7210-bd2d-0d1dfb1d84c0,DE,2024-12-05 18:16:22,19.79,59.99,67.0,EUR,61,2019-12-05,59.99,EUR,DE,True,False,False,False,False,False,False,1827.0,-40.2,-0.6701116852808802,2024-12-05,False,False,28.025856481481483,True
1174180,018d937f-3a3b-7210-bd2d-0d1dfb1d84c0,DE,2025-01-23 18:19:15,14.99,59.99,75.0,EUR,61,2019-12-05,59.99,EUR,DE,True,False,False,False,False,False,False,1876.0,-45.0,-0.7501250208368061,2025-01-23,False,False,14.001666666666667,True
1174180,018d937f-3a3b-7210-bd2d-0d1dfb1d84c0,DE,2025-03-13 19:01:10,14.99,59.99,75.0,EUR,61,2019-12-05,59.99,EUR,DE,True,False,False,False,False,False,False,1925.0,-45.0,-0.7501250208368061,2025-03-13,False,False,6.952731481481481,True
1174180,018d937f-3a3b-7210-bd2d-0d1dfb1d84c0,DE,2025-04-03 17:15:57,14.99,59.99,75.0,EUR,61,2019-12-05,59.99,EUR,DE,True,False,False,False,False,False,False,1946.0,-45.0,-0.7501250208368061,2025-04-03,False,False,13.999710648148149,True
1174180,018d937f-3a3b-7210-bd2d-0d1dfb1d84c0,DE,2025-05-19 17:47:07,14.99,59.99,75.0,EUR,61,2019-12-05,59.99,EUR,DE,True,False,False,False,False,False,False,1992.0,-45.0,-0.7501250208368061,2025-05-19,False,False,14.049155092592592,True
1174180,018d937f-3a3b-7210-bd2d-0d1dfb1d84c0,DE,2025-06-26 22:17:25,14.99,59.99,75.0,EUR,61,2019-12-05,59.99,EUR,DE,True,False,False,False,False,False,False,2030.0,-45.0,-0.7501250208368061,2025-06-26,False,False,27.793564814814815,True
1174180,018d937f-3a3b-7210-bd2d-0d1dfb1d84c0,DE,2025-08-25 17:27:32,14.99,59.99,75.0,EUR,61,2019-12-05,59.99,EUR,DE,True,False,False,False,False,False,False,2090.0,-45.0,-0.7501250208368061,2025-08-25,False,False,13.996631944444445,True
1174180,018d937f-3a3b-7210-bd2d-0d1dfb1d84c0,DE,2025-09-29 20:19:00,14.99,59.99,75.0,EUR,61,2019-12-05,59.99,EUR,DE,True,False,False,False,False,False,False,2125.0,-45.0,-0.7501250208368061,2025-09-29,False,False,6.895173611111111,True
1174180,018d937f-3a3b-7210-bd2d-0d1dfb1d84c0,DE,2025-10-08 17:18:23,14.99,59.99,75.0,EUR,61,2019-12-05,59.99,EUR,DE,True,False,False,False,False,False,False,2134.0,-45.0,-0.7501250208368061,2025-10-08,False,False,12.006412037037038,True
1174180,018d937f-3a3b-7210-bd2d-0d1dfb1d84c0,FR,2019-12-12 18:21:19,47.99,59.99,20.0,EUR,61,2019-12-05,59.99,EUR,FR,True,False,False,False,False,False,False,7.0,-12.0,-0.200033338889815,2019-12-12,False,False,2.0002430555555555,True
1174180,018d937f-3a3b-7210-bd2d-0d1dfb1d84c0,FR,2019-12-19 18:23:05,47.99,59.99,20.0,EUR,61,2019-12-05,59.99,EUR,FR,True,False,False,False,False,False,False,14.0,-12.0,-0.200033338889815,2019-12-19,False,False,13.999340277777778,True
1174180,018d937f-3a3b-7210-bd2d-0d1dfb1d84c0,FR,2020-01-23 18:28:36,47.99,59.99,20.0,EUR,61,2019-12-05,59.99,EUR,FR,True,False,False,False,False,False,False,49.0,-12.0,-0.200033338889815,2020-01-23,False,False,13.994884259259258,True
1174180,018d937f-3a3b-7210-bd2d-0d1dfb1d84c0,FR,2020-03-17 18:21:15,47.99,59.99,20.0,EUR,61,2019-12-05,59.99,EUR,FR,True,False,False,False,False,False,False,103.0,-12.0,-0.200033338889815,2020-03-17,False,False,6.990289351851852,True
1174180,018d937f-3a3b-7210-bd2d-0d1dfb1d84c0,FR,2020-05-11 17:22:20,47.99,59.99,20.0,EUR,61,2019-12-05,59.99,EUR,FR,True,False,False,False,False,False,False,158.0,-12.0,-0.200033338889815,2020-05-11,False,False,14.0003125,True
1174180,018d937f-3a3b-7210-bd2d-0d1dfb1d84c0,FR,2020-06-25 17:51:19,47.99,59.99,20.0,EUR,61,2019-12-05,59.99,EUR,FR,True,False,False,False,False,False,False,203.0,-12.0,-0.200033338889815,2020-06-25,False,False,13.982777777777779,True
1174180,018d937f-3a3b-7210-bd2d-0d1dfb1d84c0,FR,2020-09-23 18:49:16,40.19,59.99,33.0,EUR,61,2019-12-05,59.99,EUR,FR,True,False,False,False,False,False,False,293.0,-19.800000000000004,-0.33005500916819475,2020-09-23,False,False,13.971030092592592,True
1174180,018d937f-3a3b-7210-bd2d-0d1dfb1d84c0,FR,2020-10-29 17:22:37,40.19,59.99,33.0,EUR,61,2019-12-05,59.99,EUR,FR,True,False,False,False,False,False,False,329.0,-19.800000000000004,-0.33005500916819475,2020-10-29,False,False,4.043252314814815,True
1174180,018d937f-3a3b-7210-bd2d-0d1dfb1d84c0,FR,2020-11-25 18:25:30,40.19,59.99,33.0,EUR,61,2019-12-05,59.99,EUR,FR,True,False,False,False,False,False,False,356.0,-19.800000000000004,-0.33005500916819475,2020-11-25,False,False,6.008067129629629,True
1174180,018d937f-3a3b-7210-bd2d-0d1dfb1d84c0,FR,2020-12-09 18:07:16,40.19,59.99,33.0,EUR,61,2019-12-05,59.99,EUR,FR,True,False,False,False,False,False,False,370.0,-19.800000000000004,-0.33005500916819475,2020-12-09,False,False,5.009849537037037,True
1174180,018d937f-3a3b-7210-bd2d-0d1dfb1d84c0,FR,2020-12-22 19:02:31,40.19,59.99,33.0,EUR,61,2019-12-05,59.99,EUR,FR,True,False,False,False,False,False,False,383.0,-19.800000000000004,-0.33005500916819475,2020-12-22,False,False,13.990729166666666,True
1174180,018d937f-3a3b-7210-bd2d-0d1dfb1d84c0,FR,2021-01-15 18:21:08,40.19,59.99,33.0,EUR,61,2019-12-05,59.99,EUR,FR,True,False,False,False,False,False,False,407.0,-19.800000000000004,-0.33005500916819475,2021-01-15,False,False,14.000127314814815,True
1174180,018d937f-3a3b-7210-bd2d-0d1dfb1d84c0,FR,2021-02-11 19:00:24,40.19,59.99,33.0,EUR,61,2019-12-05,59.99,EUR,FR,True,False,False,False,False,False,False,434.0,-19.800000000000004,-0.33005500916819475,2021-02-11,False,False,3.9756597222222223,True
1174180,018d937f-3a3b-7210-bd2d-0d1dfb1d84c0,FR,2021-03-18 17:21:07,40.19,59.99,33.0,EUR,61,2019-12-05,59.99,EUR,FR,True,False,False,False,False,False,False,469.0,-19.800000000000004,-0.33005500916819475,2021-03-18,False,False,13.998912037037037,True
1174180,018d937f-3a3b-7210-bd2d-0d1dfb1d84c0,FR,2021-05-17 17:18:28,40.19,59.99,33.0,EUR,61,2019-12-05,59.99,EUR,FR,True,False,False,False,False,False,False,529.0,-19.800000000000004,-0.33005500916819475,2021-05-17,False,False,14.006782407407407,True
1174180,018d937f-3a3b-7210-bd2d-0d1dfb1d84c0,FR,2021-06-28 17:49:05,40.19,59.99,33.0,EUR,61,2019-12-05,59.99,EUR,FR,True,False,False,False,False,False,False,571.0,-19.800000000000004,-0.33005500916819475,2021-06-28,False,False,10.078657407407407,True
1174180,018d937f-3a3b-7210-bd2d-0d1dfb1d84c0,FR,2021-07-15 17:12:29,40.19,59.99,33.0,EUR,61,2019-12-05,59.99,EUR,FR,True,False,False,False,False,False,False,588.0,-19.800000000000004,-0.33005500916819475,2021-07-15,False,False,13.995486111111111,True
1174180,018d937f-3a3b-7210-bd2d-0d1dfb1d84c0,FR,2021-09-09 17:20:05,40.19,59.99,33.0,EUR,61,2019-12-05,59.99,EUR,FR,True,False,False,False,False,False,False,644.0,-19.800000000000004,-0.33005500916819475,2021-09-09,False,False,14.005902777777777,True
1174180,018d937f-3a3b-7210-bd2d-0d1dfb1d84c0,FR,2021-10-28 19:02:06,40.19,59.99,33.0,EUR,61,2019-12-05,59.99,EUR,FR,True,False,False,False,False,False,False,693.0,-19.800000000000004,-0.33005500916819475,2021-10-28,False,False,4.047175925925926,True
1174180,018d937f-3a3b-7210-bd2d-0d1dfb1d84c0,FR,2021-11-04 17:20:54,40.19,59.99,33.0,EUR,61,2019-12-05,59.99,EUR,FR,True,False,False,False,False,False,False,700.0,-19.800000000000004,-0.33005500916819475,2021-11-04,False,False,14.040138888888889,True
1174180,018d937f-3a3b-7210-bd2d-0d1dfb1d84c0,FR,2021-11-24 19:56:57,29.99,59.99,50.0,EUR,61,2019-12-05,59.99,EUR,FR,True,False,False,False,False,False,False,720.0,-30.000000000000004,-0.5000833472245374,2021-11-24,False,False,7.060335648148148,True
1174180,018d937f-3a3b-7210-bd2d-0d1dfb1d84c0,FR,2021-12-09 16:03:10,29.99,59.99,50.0,EUR,61,2019-12-05,59.99,EUR,FR,True,False,False,False,False,False,False,735.0,-30.000000000000004,-0.5000833472245374,2021-12-09,False,False,4.105497685185185,True
1174180,018d937f-3a3b-7210-bd2d-0d1dfb1d84c0,FR,2021-12-22 20:14:51,29.99,59.99,50.0,EUR,61,2019-12-05,59.99,EUR,FR,True,False,False,False,False,False,False,748.0,-30.000000000000004,-0.5000833472245374,2021-12-22,False,False,14.0271875,True
1174180,018d937f-3a3b-7210-bd2d-0d1dfb1d84c0,FR,2022-01-12 19:50:57,29.99,59.99,50.0,EUR,61,2019-12-05,59.99,EUR,FR,True,False,False,False,False,False,False,769.0,-30.000000000000004,-0.5000833472245374,2022-01-12,False,False,13.936388888888889,True
1174180,018d937f-3a3b-7210-bd2d-0d1dfb1d84c0,FR,2022-01-27 20:04:57,29.99,59.99,50.0,EUR,61,2019-12-05,59.99,EUR,FR,True,False,False,False,False,False,False,784.0,-30.000000000000004,-0.5000833472245374,2022-01-27,False,False,7.0039699074074075,True
1174180,018d937f-3a3b-7210-bd2d-0d1dfb1d84c0,FR,2022-03-10 18:26:13,29.99,59.99,50.0,EUR,61,2019-12-05,59.99,EUR,FR,True,False,False,False,False,False,False,826.0,-30.000000000000004,-0.5000833472245374,2022-03-10,False,False,27.95652777777778,True
1174180,018d937f-3a3b-7210-bd2d-0d1dfb1d84c0,FR,2022-06-16 17:03:17,29.99,59.99,50.0,EUR,61,2019-12-05,59.99,EUR,FR,True,False,False,False,False,False,False,924.0,-30.000000000000004,-0.5000833472245374,2022-06-16,False,False,21.111817129629628,True
1174180,018d937f-3a3b-7210-bd2d-0d1dfb1d84c0,FR,2022-07-21 17:10:03,29.99,59.99,50.0,EUR,61,2019-12-05,59.99,EUR,FR,True,False,False,False,False,False,False,959.0,-30.000000000000004,-0.5000833472245374,2022-07-21,False,False,13.999976851851851,True
1174180,018d937f-3a3b-7210-bd2d-0d1dfb1d84c0,FR,2022-09-01 17:15:31,29.99,59.99,50.0,EUR,61,2019-12-05,59.99,EUR,FR,True,False,False,False,False,False,False,1001.0,-30.000000000000004,-0.5000833472245374,2022-09-01,False,False,14.002604166666666,True
1174180,018d937f-3a3b-7210-bd2d-0d1dfb1d84c0,FR,2022-10-18 17:09:25,29.99,59.99,50.0,EUR,61,2019-12-05,59.99,EUR,FR,True,False,False,False,False,False,False,1048.0,-30.000000000000004,-0.5000833472245374,2022-10-18,False,False,14.006527777777778,True
1174180,018d937f-3a3b-7210-bd2d-0d1dfb1d84c0,FR,2022-11-22 19:51:19,19.79,59.99,67.0,EUR,61,2019-12-05,59.99,EUR,FR,True,False,False,False,False,False,False,1083.0,-40.2,-0.6701116852808802,2022-11-22,False,False,7.02082175925926,True
1174180,018d937f-3a3b-7210-bd2d-0d1dfb1d84c0,FR,2022-12-05 18:43:57,19.79,59.99,67.0,EUR,61,2019-12-05,59.99,EUR,FR,True,False,False,False,False,False,False,1096.0,-40.2,-0.6701116852808802,2022-12-05,False,False,14.01119212962963,True
1174180,018d937f-3a3b-7210-bd2d-0d1dfb1d84c0,FR,2022-12-22 23:29:53,19.79,59.99,67.0,EUR,61,2019-12-05,59.99,EUR,FR,True,False,False,False,False,False,False,1113.0,-40.2,-0.6701116852808802,2022-12-22,False,False,13.784710648148149,True
1174180,018d937f-3a3b-7210-bd2d-0d1dfb1d84c0,FR,2023-01-19 18:21:59,19.79,59.99,67.0,EUR,61,2019-12-05,59.99,EUR,FR,True,False,False,False,False,False,False,1141.0,-40.2,-0.6701116852808802,2023-01-19,False,False,13.995636574074075,True
1174180,018d937f-3a3b-7210-bd2d-0d1dfb1d84c0,FR,2023-03-04 20:48:21,19.79,59.99,67.0,EUR,61,2019-12-05,59.99,EUR,FR,True,False,False,False,False,False,False,1185.0,-40.2,-0.6701116852808802,2023-03-04,False,False,10.99994212962963,True
1174180,018d937f-3a3b-7210-bd2d-0d1dfb1d84c0,FR,2023-03-16 21:06:34,19.79,59.99,67.0,EUR,61,2019-12-05,59.99,EUR,FR,True,False,False,False,False,False,False,1197.0,-40.2,-0.6701116852808802,2023-03-16,False,False,6.856539351851852,True
1174180,018d937f-3a3b-7210-bd2d-0d1dfb1d84c0,FR,2023-05-29 20:36:13,19.79,59.99,67.0,EUR,61,2019-12-05,59.99,EUR,FR,True,False,False,False,False,False,False,1271.0,-40.2,-0.6701116852808802,2023-05-29,False,False,13.987615740740742,True
1174180,018d937f-3a3b-7210-bd2d-0d1dfb1d84c0,FR,2023-06-29 19:52:38,19.79,19.79,0.0,EUR,61,2019-12-05,59.99,EUR,FR,False,False,False,True,False,False,False,1302.0,-40.2,-0.6701116852808802,2023-06-29,False,False,,False
1174180,018d937f-3a3b-7210-bd2d-0d1dfb1d84c0,FR,2023-07-13 19:31:12,59.99,59.99,0.0,EUR,61,2019-12-05,59.99,EUR,FR,False,False,False,True,False,False,False,1316.0,0.0,0.0,2023-07-13,False,False,,False
1174180,018d937f-3a3b-7210-bd2d-0d1dfb1d84c0,FR,2023-07-20 17:20:17,19.79,19.79,0.0,EUR,61,2019-12-05,59.99,EUR,FR,False,False,False,True,False,False,False,1323.0,-40.2,-0.6701116852808802,2023-07-20,False,False,,False
1174180,018d937f-3a3b-7210-bd2d-0d1dfb1d84c0,FR,2023-08-03 17:09:34,59.99,59.99,0.0,EUR,61,2019-12-05,59.99,EUR,FR,False,False,False,True,False,False,False,1337.0,0.0,0.0,2023-08-03,False,False,,False
1174180,018d937f-3a3b-7210-bd2d-0d1dfb1d84c0,FR,2023-09-07 17:03:17,19.79,59.99,67.0,EUR,61,2019-12-05,59.99,EUR,FR,True,False,False,False,False,False,False,1372.0,-40.2,-0.6701116852808802,2023-09-07,False,False,14.011377314814816,True
1174180,018d937f-3a3b-7210-bd2d-0d1dfb1d84c0,FR,2023-10-23 17:14:22,23.99,59.99,60.0,EUR,61,2019-12-05,59.99,EUR,FR,True,False,False,False,False,False,False,1418.0,-36.0,-0.600100016669445,2023-10-23,False,False,14.002743055555555,True
1174180,018d937f-3a3b-7210-bd2d-0d1dfb1d84c0,FR,2023-11-21 20:22:22,19.79,59.99,67.0,EUR,61,2019-12-05,59.99,EUR,FR,True,False,False,False,False,False,False,1447.0,-40.2,-0.6701116852808802,2023-11-21,False,False,6.997939814814814,True
1174180,018d937f-3a3b-7210-bd2d-0d1dfb1d84c0,FR,2023-12-07 18:06:36,19.79,59.99,67.0,EUR,61,2019-12-05,59.99,EUR,FR,True,False,False,False,False,False,False,1463.0,-40.2,-0.6701116852808802,2023-12-07,False,False,28.081215277777776,True
1174180,018d937f-3a3b-7210-bd2d-0d1dfb1d84c0,FR,2024-02-08 18:18:29,23.99,59.99,60.0,EUR,61,2019-12-05,59.99,EUR,FR,True,False,False,False,False,False,False,1526.0,-36.0,-0.600100016669445,2024-02-08,False,False,13.998125,True
1174180,018d937f-3a3b-7210-bd2d-0d1dfb1d84c0,FR,2024-02-08 18:36:37,19.8,59.99,67.0,EUR,61,2019-12-05,59.99,EUR,FR,True,False,False,False,False,False,False,1526.0,-40.19,-0.6699449908318054,2024-02-08,False,False,,False
1174180,018d937f-3a3b-7210-bd2d-0d1dfb1d84c0,FR,2024-03-14 18:07:32,19.79,59.99,67.0,EUR,61,2019-12-05,59.99,EUR,FR,True,False,False,False,False,False,False,1561.0,-40.2,-0.6701116852808802,2024-03-14,False,False,6.987037037037037,True
1174180,018d937f-3a3b-7210-bd2d-0d1dfb1d84c0,FR,2024-04-11 17:18:14,23.99,59.99,60.0,EUR,61,2019-12-05,59.99,EUR,FR,True,False,False,False,False,False,False,1589.0,-36.0,-0.600100016669445,2024-04-11,False,False,13.99894675925926,True
1174180,018d937f-3a3b-7210-bd2d-0d1dfb1d84c0,FR,2024-05-27 17:24:34,23.99,59.99,60.0,EUR,61,2019-12-05,59.99,EUR,FR,True,False,False,False,False,False,False,1635.0,-36.0,-0.600100016669445,2024-05-27,False,False,13.994143518518518,True
1174180,018d937f-3a3b-7210-bd2d-0d1dfb1d84c0,FR,2024-06-27 18:21:51,19.79,59.99,67.0,EUR,61,2019-12-05,59.99,EUR,FR,True,False,False,False,False,False,False,1666.0,-40.2,-0.6701116852808802,2024-06-27,False,False,13.981215277777778,True
1174180,018d937f-3a3b-7210-bd2d-0d1dfb1d84c0,FR,2024-07-15 17:21:49,19.79,59.99,67.0,EUR,61,2019-12-05,59.99,EUR,FR,True,False,False,False,False,False,False,1684.0,-40.2,-0.6701116852808802,2024-07-15,False,False,13.997013888888889,True
1174180,018d937f-3a3b-7210-bd2d-0d1dfb1d84c0,FR,2024-08-29 17:15:43,23.99,59.99,60.0,EUR,61,2019-12-05,59.99,EUR,FR,True,False,False,False,False,False,False,1729.0,-36.0,-0.600100016669445,2024-08-29,False,False,14.001909722222223,True
1174180,018d937f-3a3b-7210-bd2d-0d1dfb1d84c0,FR,2024-11-27 20:41:03,19.79,59.99,67.0,EUR,61,2019-12-05,59.99,EUR,FR,True,False,False,False,False,False,False,1819.0,-40.2,-0.6701116852808802,2024-11-27,False,False,6.921793981481481,True
1174180,018d937f-3a3b-7210-bd2d-0d1dfb1d84c0,FR,2024-12-05 18:16:22,19.79,59.99,67.0,EUR,61,2019-12-05,59.99,EUR,FR,True,False,False,False,False,False,False,1827.0,-40.2,-0.6701116852808802,2024-12-05,False,False,28.025856481481483,True
1174180,018d937f-3a3b-7210-bd2d-0d1dfb1d84c0,FR,2025-01-23 18:19:15,14.99,59.99,75.0,EUR,61,2019-12-05,59.99,EUR,FR,True,False,False,False,False,False,False,1876.0,-45.0,-0.7501250208368061,2025-01-23,False,False,14.001666666666667,True
1174180,018d937f-3a3b-7210-bd2d-0d1dfb1d84c0,FR,2025-03-13 19:01:10,14.99,59.99,75.0,EUR,61,2019-12-05,59.99,EUR,FR,True,False,False,False,False,False,False,1925.0,-45.0,-0.7501250208368061,2025-03-13,False,False,6.952731481481481,True
1174180,018d937f-3a3b-7210-bd2d-0d1dfb1d84c0,FR,2025-04-03 17:15:57,14.99,59.99,75.0,EUR,61,2019-12-05,59.99,EUR,FR,True,False,False,False,False,False,False,1946.0,-45.0,-0.7501250208368061,2025-04-03,False,False,13.999710648148149,True
1174180,018d937f-3a3b-7210-bd2d-0d1dfb1d84c0,FR,2025-05-19 17:47:07,14.99,59.99,75.0,EUR,61,2019-12-05,59.99,EUR,FR,True,False,False,False,False,False,False,1992.0,-45.0,-0.7501250208368061,2025-05-19,False,False,14.049155092592592,True
1174180,018d937f-3a3b-7210-bd2d-0d1dfb1d84c0,FR,2025-06-26 22:17:25,14.99,59.99,75.0,EUR,61,2019-12-05,59.99,EUR,FR,True,False,False,False,False,False,False,2030.0,-45.0,-0.7501250208368061,2025-06-26,False,False,27.793564814814815,True
1174180,018d937f-3a3b-7210-bd2d-0d1dfb1d84c0,FR,2025-08-25 17:27:32,14.99,59.99,75.0,EUR,61,2019-12-05,59.99,EUR,FR,True,False,False,False,False,False,False,2090.0,-45.0,-0.7501250208368061,2025-08-25,False,False,13.996631944444445,True
1174180,018d937f-3a3b-7210-bd2d-0d1dfb1d84c0,FR,2025-09-29 20:19:00,14.99,59.99,75.0,EUR,61,2019-12-05,59.99,EUR,FR,True,False,False,False,False,False,False,2125.0,-45.0,-0.7501250208368061,2025-09-29,False,False,6.895173611111111,True
1174180,018d937f-3a3b-7210-bd2d-0d1dfb1d84c0,FR,2025-10-08 17:18:23,14.99,59.99,75.0,EUR,61,2019-12-05,59.99,EUR,FR,True,False,False,False,False,False,False,2134.0,-45.0,-0.7501250208368061,2025-10-08,False,False,12.006412037037038,True
1174180,018d937f-3a3b-7210-bd2d-0d1dfb1d84c0,GB,2019-12-12 18:21:07,43.99,54.99,20.0,GBP,61,2019-12-05,59.99,GBP,GB,True,False,False,False,False,False,False,7.0,-16.0,-0.26671111851975327,2019-12-12,False,False,2.000185185185185,True
1174180,018d937f-3a3b-7210-bd2d-0d1dfb1d84c0,GB,2019-12-19 18:22:28,43.99,54.99,20.0,GBP,61,2019-12-05,59.99,GBP,GB,True,False,False,False,False,False,False,14.0,-16.0,-0.26671111851975327,2019-12-19,False,False,14.001087962962963,True
1174180,018d937f-3a3b-7210-bd2d-0d1dfb1d84c0,GB,2020-01-23 18:32:44,43.99,54.99,20.0,GBP,61,2019-12-05,59.99,GBP,GB,True,False,False,False,False,False,False,49.0,-16.0,-0.26671111851975327,2020-01-23,False,False,13.992037037037036,True
1174180,018d937f-3a3b-7210-bd2d-0d1dfb1d84c0,GB,2020-03-17 18:21:10,43.99,54.99,20.0,GBP,61,2019-12-05,59.99,GBP,GB,True,False,False,False,False,False,False,103.0,-16.0,-0.26671111851975327,2020-03-17,False,False,6.990289351851852,True
1174180,018d937f-3a3b-7210-bd2d-0d1dfb1d84c0,GB,2020-05-11 17:22:13,43.99,54.99,20.0,GBP,61,2019-12-05,59.99,GBP,GB,True,False,False,False,False,False,False,158.0,-16.0,-0.26671111851975327,2020-05-11,False,False,14.000127314814815,True
1174180,018d937f-3a3b-7210-bd2d-0d1dfb1d84c0,GB,2020-06-25 17:53:05,43.99,54.99,20.0,GBP,61,2019-12-05,59.99,GBP,GB,True,False,False,False,False,False,False,203.0,-16.0,-0.26671111851975327,2020-06-25,False,False,13.982719907407407,True
1174180,018d937f-3a3b-7210-bd2d-0d1dfb1d84c0,GB,2020-07-30 17:21:20,43.99,54.99,20.0,GBP,61,2019-12-05,59.99,GBP,GB,True,False,False,False,False,False,False,238.0,-16.0,-0.26671111851975327,2020-07-30,False,False,13.999976851851851,True
1174180,018d937f-3a3b-7210-bd2d-0d1dfb1d84c0,GB,2020-09-23 18:49:12,36.84,54.99,33.0,GBP,61,2019-12-05,59.99,GBP,GB,True,False,False,False,False,False,False,293.0,-23.15,-0.385897649608268,2020-09-23,False,False,13.971087962962963,True
1174180,018d937f-3a3b-7210-bd2d-0d1dfb1d84c0,GB,2020-10-29 17:22:34,36.84,54.99,33.0,GBP,61,2019-12-05,59.99,GBP,GB,True,False,False,False,False,False,False,329.0,-23.15,-0.385897649608268,2020-10-29,False,False,4.045277777777778,True
1174180,018d937f-3a3b-7210-bd2d-0d1dfb1d84c0,GB,2020-11-25 18:26:50,36.84,54.99,33.0,GBP,61,2019-12-05,59.99,GBP,GB,True,False,False,False,False,False,False,356.0,-23.15,-0.385897649608268,2020-11-25,False,False,6.007175925925926,True
1174180,018d937f-3a3b-7210-bd2d-0d1dfb1d84c0,GB,2020-12-09 18:07:12,36.84,54.99,33.0,GBP,61,2019-12-05,59.99,GBP,GB,True,False,False,False,False,False,False,370.0,-23.15,-0.385897649608268,2020-12-09,False,False,5.0097453703703705,True
1174180,018d937f-3a3b-7210-bd2d-0d1dfb1d84c0,GB,2020-12-22 18:57:47,36.84,54.99,33.0,GBP,61,2019-12-05,59.99,GBP,GB,True,False,False,False,False,False,False,383.0,-23.15,-0.385897649608268,2020-12-22,False,False,13.998310185185185,True
1174180,018d937f-3a3b-7210-bd2d-0d1dfb1d84c0,GB,2021-01-15 18:21:12,36.84,54.99,33.0,GBP,61,2019-12-05,59.99,GBP,GB,True,False,False,False,False,False,False,407.0,-23.15,-0.385897649608268,2021-01-15,False,False,14.000034722222223,True
1174180,018d937f-3a3b-7210-bd2d-0d1dfb1d84c0,GB,2021-02-11 18:35:48,36.84,54.99,33.0,GBP,61,2019-12-05,59.99,GBP,GB,True,False,False,False,False,False,False,434.0,-23.15,-0.385897649608268,2021-02-11,False,False,3.9923148148148146,True
1174180,018d937f-3a3b-7210-bd2d-0d1dfb1d84c0,GB,2021-03-18 17:21:10,36.84,54.99,33.0,GBP,61,2019-12-05,59.99,GBP,GB,True,False,False,False,False,False,False,469.0,-23.15,-0.385897649608268,2021-03-18,False,False,13.998923611111111,True
1174180,018d937f-3a3b-7210-bd2d-0d1dfb1d84c0,GB,2021-05-17 17:18:28,36.84,54.99,33.0,GBP,61,2019-12-05,59.99,GBP,GB,True,False,False,False,False,False,False,529.0,-23.15,-0.385897649608268,2021-05-17,False,False,14.00675925925926,True
1174180,018d937f-3a3b-7210-bd2d-0d1dfb1d84c0,GB,2021-06-28 17:33:34,36.84,54.99,33.0,GBP,61,2019-12-05,59.99,GBP,GB,True,False,False,False,False,False,False,571.0,-23.15,-0.385897649608268,2021-06-28,False,False,10.087060185185186,True
1174180,018d937f-3a3b-7210-bd2d-0d1dfb1d84c0,GB,2021-07-15 17:12:28,36.84,54.99,33.0,GBP,61,2019-12-05,59.99,GBP,GB,True,False,False,False,False,False,False,588.0,-23.15,-0.385897649608268,2021-07-15,False,False,13.999618055555555,True
1174180,018d937f-3a3b-7210-bd2d-0d1dfb1d84c0,GB,2021-09-09 17:48:36,36.84,54.99,33.0,GBP,61,2019-12-05,59.99,GBP,GB,True,False,False,False,False,False,False,644.0,-23.15,-0.385897649608268,2021-09-09,False,False,14.005821759259259,True
1174180,018d937f-3a3b-7210-bd2d-0d1dfb1d84c0,GB,2021-10-28 19:01:42,36.84,54.99,33.0,GBP,61,2019-12-05,59.99,GBP,GB,True,False,False,False,False,False,False,693.0,-23.15,-0.385897649608268,2021-10-28,False,False,4.053726851851851,True
1174180,018d937f-3a3b-7210-bd2d-0d1dfb1d84c0,GB,2021-11-04 17:20:59,36.84,54.99,33.0,GBP,61,2019-12-05,59.99,GBP,GB,True,False,False,False,False,False,False,700.0,-23.15,-0.385897649608268,2021-11-04,False,False,14.040162037037037,True
1174180,018d937f-3a3b-7210-bd2d-0d1dfb1d84c0,GB,2021-11-24 20:03:56,27.49,54.99,50.0,GBP,61,2019-12-05,59.99,GBP,GB,True,False,False,False,False,False,False,720.0,-32.5,-0.541756959493249,2021-11-24,False,False,7.0559375,True
1174180,018d937f-3a3b-7210-bd2d-0d1dfb1d84c0,GB,2021-12-09 16:03:10,27.49,54.99,50.0,GBP,61,2019-12-05,59.99,GBP,GB,True,False,False,False,False,False,False,735.0,-32.5,-0.541756959493249,2021-12-09,False,False,4.107719907407407,True
1174180,018d937f-3a3b-7210-bd2d-0d1dfb1d84c0,GB,2021-12-22 20:27:50,27.49,54.99,50.0,GBP,61,2019-12-05,59.99,GBP,GB,True,False,False,False,False,False,False,748.0,-32.5,-0.541756959493249,2021-12-22,False,False,14.012800925925927,True
1174180,018d937f-3a3b-7210-bd2d-0d1dfb1d84c0,GB,2022-01-12 19:51:00,27.49,54.99,50.0,GBP,61,2019-12-05,59.99,GBP,GB,True,False,False,False,False,False,False,769.0,-32.5,-0.541756959493249,2022-01-12,False,False,13.936400462962963,True
1174180,018d937f-3a3b-7210-bd2d-0d1dfb1d84c0,GB,2022-01-27 20:07:36,27.49,54.99,50.0,GBP,61,2019-12-05,59.99,GBP,GB,True,False,False,False,False,False,False,784.0,-32.5,-0.541756959493249,2022-01-27,False,False,7.003576388888889,True
1174180,018d937f-3a3b-7210-bd2d-0d1dfb1d84c0,GB,2022-03-10 18:26:55,27.49,54.99,50.0,GBP,61,2019-12-05,59.99,GBP,GB,True,False,False,False,False,False,False,826.0,-32.5,-0.541756959493249,2022-03-10,False,False,27.953599537037036,True
1174180,018d937f-3a3b-7210-bd2d-0d1dfb1d84c0,GB,2022-05-05 17:22:05,27.49,54.99,50.0,GBP,61,2019-12-05,59.99,GBP,GB,True,False,False,False,False,False,False,882.0,-32.5,-0.541756959493249,2022-05-05,False,False,13.989247685185186,True
1174180,018d937f-3a3b-7210-bd2d-0d1dfb1d84c0,GB,2022-06-16 17:19:28,27.49,54.99,50.0,GBP,61,2019-12-05,59.99,GBP,GB,True,False,False,False,False,False,False,924.0,-32.5,-0.541756959493249,2022-06-16,False,False,21.098796296296296,True
1174180,018d937f-3a3b-7210-bd2d-0d1dfb1d84c0,GB,2022-07-21 17:20:35,27.49,54.99,50.0,GBP,61,2019-12-05,59.99,GBP,GB,True,False,False,False,False,False,False,959.0,-32.5,-0.541756959493249,2022-07-21,False,False,13.996759259259258,True
1174180,018d937f-3a3b-7210-bd2d-0d1dfb1d84c0,GB,2022-09-01 17:15:33,27.49,54.99,50.0,GBP,61,2019-12-05,59.99,GBP,GB,True,False,False,False,False,False,False,1001.0,-32.5,-0.541756959493249,2022-09-01,False,False,14.002604166666666,True
1174180,018d937f-3a3b-7210-bd2d-0d1dfb1d84c0,GB,2022-10-18 17:06:17,27.49,54.99,50.0,GBP,61,2019-12-05,59.99,GBP,GB,True,False,False,False,False,False,False,1048.0,-32.5,-0.541756959493249,2022-10-18,False,False,14.008726851851852,True
1174180,018d937f-3a3b-7210-bd2d-0d1dfb1d84c0,GB,2022-11-22 19:49:09,18.14,54.99,67.0,GBP,61,2019-12-05,59.99,GBP,GB,True,False,False,False,False,False,False,1083.0,-41.85,-0.6976162693782297,2022-11-22,False,False,7.022916666666666,True
1174180,018d937f-3a3b-7210-bd2d-0d1dfb1d84c0,GB,2022-12-05 18:58:28,18.14,54.99,67.0,GBP,61,2019-12-05,59.99,GBP,GB,True,False,False,False,False,False,False,1096.0,-41.85,-0.6976162693782297,2022-12-05,False,False,14.000729166666666,True
1174180,018d937f-3a3b-7210-bd2d-0d1dfb1d84c0,GB,2022-12-22 23:43:57,18.14,54.99,67.0,GBP,61,2019-12-05,59.99,GBP,GB,True,False,False,False,False,False,False,1113.0,-41.85,-0.6976162693782297,2022-12-22,False,False,13.939502314814815,True
1174180,018d937f-3a3b-7210-bd2d-0d1dfb1d84c0,GB,2023-01-19 18:10:14,18.14,54.99,67.0,GBP,61,2019-12-05,59.99,GBP,GB,True,False,False,False,False,False,False,1141.0,-41.85,-0.6976162693782297,2023-01-19,False,False,14.011898148148148,True
1174180,018d937f-3a3b-7210-bd2d-0d1dfb1d84c0,GB,2023-02-02 19:52:54,59.99,59.99,0.0,GBP,61,2019-12-05,59.99,GBP,GB,False,False,False,True,False,False,False,1155.0,0.0,0.0,2023-02-02,False,False,,False
1174180,018d937f-3a3b-7210-bd2d-0d1dfb1d84c0,GB,2023-03-04 20:48:19,19.79,59.99,67.0,GBP,61,2019-12-05,59.99,GBP,GB,True,False,False,False,False,False,False,1185.0,-40.2,-0.6701116852808802,2023-03-04,False,False,10.999965277777777,True
1174180,018d937f-3a3b-7210-bd2d-0d1dfb1d84c0,GB,2023-03-16 21:03:35,19.79,59.99,67.0,GBP,61,2019-12-05,59.99,GBP,GB,True,False,False,False,False,False,False,1197.0,-40.2,-0.6701116852808802,2023-03-16,False,False,6.950277777777778,True
1174180,018d937f-3a3b-7210-bd2d-0d1dfb1d84c0,GB,2023-04-14 19:24:57,19.79,59.99,67.0,GBP,61,2019-12-05,59.99,GBP,GB,True,False,False,False,False,False,False,1226.0,-40.2,-0.6701116852808802,2023-04-14,False,False,13.995393518518519,True
1174180,018d937f-3a3b-7210-bd2d-0d1dfb1d84c0,GB,2023-05-29 20:36:20,19.79,59.99,67.0,GBP,61,2019-12-05,59.99,GBP,GB,True,False,False,False,False,False,False,1271.0,-40.2,-0.6701116852808802,2023-05-29,False,False,13.987546296296296,True
1174180,018d937f-3a3b-7210-bd2d-0d1dfb1d84c0,GB,2023-06-29 19:47:23,19.79,59.99,67.0,GBP,61,2019-12-05,59.99,GBP,GB,True,False,False,False,False,False,False,1302.0,-40.2,-0.6701116852808802,2023-06-29,False,False,13.983541666666667,True
1174180,018d937f-3a3b-7210-bd2d-0d1dfb1d84c0,GB,2023-07-20 17:09:50,19.79,59.99,67.0,GBP,61,2019-12-05,59.99,GBP,GB,True,False,False,False,False,False,False,1323.0,-40.2,-0.6701116852808802,2023-07-20,False,False,14.007465277777778,True
1174180,018d937f-3a3b-7210-bd2d-0d1dfb1d84c0,GB,2023-09-07 17:19:26,19.79,59.99,67.0,GBP,61,2019-12-05,59.99,GBP,GB,True,False,False,False,False,False,False,1372.0,-40.2,-0.6701116852808802,2023-09-07,False,False,14.0003125,True
1174180,018d937f-3a3b-7210-bd2d-0d1dfb1d84c0,GB,2023-10-23 17:31:48,23.99,59.99,60.0,GBP,61,2019-12-05,59.99,GBP,GB,True,False,False,False,False,False,False,1418.0,-36.0,-0.600100016669445,2023-10-23,False,False,13.990636574074074,True
1174180,018d937f-3a3b-7210-bd2d-0d1dfb1d84c0,GB,2023-11-21 20:09:44,19.79,59.99,67.0,GBP,61,2019-12-05,59.99,GBP,GB,True,False,False,False,False,False,False,1447.0,-40.2,-0.6701116852808802,2023-11-21,False,False,7.001574074074074,True
1174180,018d937f-3a3b-7210-bd2d-0d1dfb1d84c0,GB,2023-12-07 18:16:03,19.79,59.99,67.0,GBP,61,2019-12-05,59.99,GBP,GB,True,False,False,False,False,False,False,1463.0,-40.2,-0.6701116852808802,2023-12-07,False,False,28.07460648148148,True
1174180,018d937f-3a3b-7210-bd2d-0d1dfb1d84c0,GB,2024-02-08 18:18:29,23.99,59.99,60.0,GBP,61,2019-12-05,59.99,GBP,GB,True,False,False,False,False,False,False,1526.0,-36.0,-0.600100016669445,2024-02-08,False,False,13.999965277777777,True
1174180,018d937f-3a3b-7210-bd2d-0d1dfb1d84c0,GB,2024-02-08 18:36:38,19.8,59.99,67.0,GBP,61,2019-12-05,59.99,GBP,GB,True,False,False,False,False,False,False,1526.0,-40.19,-0.6699449908318054,2024-02-08,False,False,,False
1174180,018d937f-3a3b-7210-bd2d-0d1dfb1d84c0,GB,2024-03-14 18:01:30,19.79,59.99,67.0,GBP,61,2019-12-05,59.99,GBP,GB,True,False,False,False,False,False,False,1561.0,-40.2,-0.6701116852808802,2024-03-14,False,False,6.9893171296296295,True
1174180,018d937f-3a3b-7210-bd2d-0d1dfb1d84c0,GB,2024-04-11 17:15:21,23.99,59.99,60.0,GBP,61,2019-12-05,59.99,GBP,GB,True,False,False,False,False,False,False,1589.0,-36.0,-0.600100016669445,2024-04-11,False,False,14.00144675925926,True
1174180,018d937f-3a3b-7210-bd2d-0d1dfb1d84c0,GB,2024-05-27 17:25:03,23.99,59.99,60.0,GBP,61,2019-12-05,59.99,GBP,GB,True,False,False,False,False,False,False,1635.0,-36.0,-0.600100016669445,2024-05-27,False,False,13.993819444444444,True
1174180,018d937f-3a3b-7210-bd2d-0d1dfb1d84c0,GB,2024-06-27 18:23:00,19.79,59.99,67.0,GBP,61,2019-12-05,59.99,GBP,GB,True,False,False,False,False,False,False,1666.0,-40.2,-0.6701116852808802,2024-06-27,False,False,13.97650462962963,True
1174180,018d937f-3a3b-7210-bd2d-0d1dfb1d84c0,GB,2024-07-15 17:17:15,19.79,59.99,67.0,GBP,61,2019-12-05,59.99,GBP,GB,True,False,False,False,False,False,False,1684.0,-40.2,-0.6701116852808802,2024-07-15,False,False,14.00070601851852,True
1174180,018d937f-3a3b-7210-bd2d-0d1dfb1d84c0,GB,2024-08-29 17:18:49,23.99,59.99,60.0,GBP,61,2019-12-05,59.99,GBP,GB,True,False,False,False,False,False,False,1729.0,-36.0,-0.600100016669445,2024-08-29,False,False,13.99798611111111,True
1174180,018d937f-3a3b-7210-bd2d-0d1dfb1d84c0,GB,2024-11-27 20:40:45,19.79,59.99,67.0,GBP,61,2019-12-05,59.99,GBP,GB,True,False,False,False,False,False,False,1819.0,-40.2,-0.6701116852808802,2024-11-27,False,False,6.922002314814815,True
1174180,018d937f-3a3b-7210-bd2d-0d1dfb1d84c0,GB,2024-12-05 18:16:18,19.79,59.99,67.0,GBP,61,2019-12-05,59.99,GBP,GB,True,False,False,False,False,False,False,1827.0,-40.2,-0.6701116852808802,2024-12-05,False,False,28.025879629629628,True
1174180,018d937f-3a3b-7210-bd2d-0d1dfb1d84c0,GB,2025-01-23 18:19:17,14.99,59.99,75.0,GBP,61,2019-12-05,59.99,GBP,GB,True,False,False,False,False,False,False,1876.0,-45.0,-0.7501250208368061,2025-01-23,False,False,14.00042824074074,True
1174180,018d937f-3a3b-7210-bd2d-0d1dfb1d84c0,GB,2025-03-13 19:01:12,14.99,59.99,75.0,GBP,61,2019-12-05,59.99,GBP,GB,True,False,False,False,False,False,False,1925.0,-45.0,-0.7501250208368061,2025-03-13,False,False,6.948842592592593,True
1174180,018d937f-3a3b-7210-bd2d-0d1dfb1d84c0,GB,2025-04-03 17:19:20,14.99,59.99,75.0,GBP,61,2019-12-05,59.99,GBP,GB,True,False,False,False,False,False,False,1946.0,-45.0,-0.7501250208368061,2025-04-03,False,False,13.997372685185185,True
1174180,018d937f-3a3b-7210-bd2d-0d1dfb1d84c0,GB,2025-05-19 17:47:01,14.99,59.99,75.0,GBP,61,2019-12-05,59.99,GBP,GB,True,False,False,False,False,False,False,1992.0,-45.0,-0.7501250208368061,2025-05-19,False,False,14.053136574074074,True
1174180,018d937f-3a3b-7210-bd2d-0d1dfb1d84c0,GB,2025-06-26 22:20:06,14.99,59.99,75.0,GBP,61,2019-12-05,59.99,GBP,GB,True,False,False,False,False,False,False,2030.0,-45.0,-0.7501250208368061,2025-06-26,False,False,27.79133101851852,True
1174180,018d937f-3a3b-7210-bd2d-0d1dfb1d84c0,GB,2025-08-25 17:21:31,14.99,59.99,75.0,GBP,61,2019-12-05,59.99,GBP,GB,True,False,False,False,False,False,False,2090.0,-45.0,-0.7501250208368061,2025-08-25,False,False,14.00119212962963,True
1174180,018d937f-3a3b-7210-bd2d-0d1dfb1d84c0,GB,2025-09-29 20:29:57,14.99,59.99,75.0,GBP,61,2019-12-05,59.99,GBP,GB,True,False,False,False,False,False,False,2125.0,-45.0,-0.7501250208368061,2025-09-29,False,False,6.8875925925925925,True
1174180,018d937f-3a3b-7210-bd2d-0d1dfb1d84c0,GB,2025-10-08 17:15:49,14.99,59.99,75.0,GBP,61,2019-12-05,59.99,GBP,GB,True,False,False,False,False,False,False,2134.0,-45.0,-0.7501250208368061,2025-10-08,False,False,12.008368055555556,True
1174180,018d937f-3a3b-7210-bd2d-0d1dfb1d84c0,JP,2024-12-07 16:29:55,2843.0,8618.0,67.0,JPY,61,2019-12-05,8618.0,JPY,JP,True,False,False,False,False,False,False,1829.0,-5775.0,-0.6701090740310978,2024-12-07,False,False,26.097511574074073,True
1174180,018d937f-3a3b-7210-bd2d-0d1dfb1d84c0,JP,2025-01-23 18:18:50,2154.0,8618.0,75.0,JPY,61,2019-12-05,8618.0,JPY,JP,True,False,False,False,False,False,False,1876.0,-6464.0,-0.7500580181016477,2025-01-23,False,False,14.000949074074073,True
1174180,018d937f-3a3b-7210-bd2d-0d1dfb1d84c0,JP,2025-03-13 19:50:32,2154.0,8618.0,75.0,JPY,61,2019-12-05,8618.0,JPY,JP,True,False,False,False,False,False,False,1925.0,-6464.0,-0.7500580181016477,2025-03-13,False,False,6.917673611111111,True
1174180,018d937f-3a3b-7210-bd2d-0d1dfb1d84c0,JP,2025-04-03 17:20:14,2154.0,8618.0,75.0,JPY,61,2019-12-05,8618.0,JPY,JP,True,False,False,False,False,False,False,1946.0,-6464.0,-0.7500580181016477,2025-04-03,False,False,13.997060185185186,True
1174180,018d937f-3a3b-7210-bd2d-0d1dfb1d84c0,JP,2025-05-19 17:43:50,2154.0,8618.0,75.0,JPY,61,2019-12-05,8618.0,JPY,JP,True,False,False,False,False,False,False,1992.0,-6464.0,-0.7500580181016477,2025-05-19,False,False,14.138703703703703,True
1174180,018d937f-3a3b-7210-bd2d-0d1dfb1d84c0,JP,2025-06-26 22:58:48,2154.0,8618.0,75.0,JPY,61,2019-12-05,8618.0,JPY,JP,True,False,False,False,False,False,False,2030.0,-6464.0,-0.7500580181016477,2025-06-26,False,False,27.76366898148148,True
1174180,018d937f-3a3b-7210-bd2d-0d1dfb1d84c0,JP,2025-08-25 17:34:48,2154.0,8618.0,75.0,JPY,61,2019-12-05,8618.0,JPY,JP,True,False,False,False,False,False,False,2090.0,-6464.0,-0.7500580181016477,2025-08-25,False,False,13.991736111111111,True
1174180,018d937f-3a3b-7210-bd2d-0d1dfb1d84c0,JP,2025-09-29 21:05:04,2154.0,8618.0,75.0,JPY,61,2019-12-05,8618.0,JPY,JP,True,False,False,False,False,False,False,2125.0,-6464.0,-0.7500580181016477,2025-09-29,False,False,6.870555555555556,True
1174180,018d937f-3a3b-7210-bd2d-0d1dfb1d84c0,JP,2025-10-08 17:16:00,2154.0,8618.0,75.0,JPY,61,2019-12-05,8618.0,JPY,JP,True,False,False,False,False,False,False,2134.0,-6464.0,-0.7500580181016477,2025-10-08,False,False,12.010729166666666,True
1174180,018d937f-3a3b-7210-bd2d-0d1dfb1d84c0,PL,2019-12-12 18:21:19,211.15600000000003,263.956,20.0,PLN,61,2019-12-05,249.9,PLN,PL,True,True,True,False,False,False,False,7.0,-38.74399999999997,-0.1550380152060823,2019-12-12,True,True,2.0002430555555555,True
1174180,018d937f-3a3b-7210-bd2d-0d1dfb1d84c0,PL,2019-12-19 18:23:05,211.15600000000003,263.956,20.0,PLN,61,2019-12-05,249.9,PLN,PL,True,False,False,False,False,False,False,14.0,-38.74399999999997,-0.1550380152060823,2019-12-19,True,True,13.999340277777778,True
1174180,018d937f-3a3b-7210-bd2d-0d1dfb1d84c0,PL,2020-01-23 18:28:36,211.15600000000003,263.956,20.0,PLN,61,2019-12-05,249.9,PLN,PL,True,False,False,False,False,False,False,49.0,-38.74399999999997,-0.1550380152060823,2020-01-23,True,True,13.994884259259258,True
1174180,018d937f-3a3b-7210-bd2d-0d1dfb1d84c0,PL,2020-03-17 18:21:15,211.15600000000003,263.956,20.0,PLN,61,2019-12-05,249.9,PLN,PL,True,False,False,False,False,False,False,103.0,-38.74399999999997,-0.1550380152060823,2020-03-17,True,True,6.990289351851852,True
1174180,018d937f-3a3b-7210-bd2d-0d1dfb1d84c0,PL,2020-05-11 17:22:20,211.15600000000003,263.956,20.0,PLN,61,2019-12-05,249.9,PLN,PL,True,False,False,False,False,False,False,158.0,-38.74399999999997,-0.1550380152060823,2020-05-11,True,True,14.0003125,True
1174180,018d937f-3a3b-7210-bd2d-0d1dfb1d84c0,PL,2020-06-25 17:51:19,211.15600000000003,263.956,20.0,PLN,61,2019-12-05,249.9,PLN,PL,True,False,False,False,False,False,False,203.0,-38.74399999999997,-0.1550380152060823,2020-06-25,True,True,13.982777777777779,True
1174180,018d937f-3a3b-7210-bd2d-0d1dfb1d84c0,PL,2020-09-23 18:49:16,176.836,263.956,33.0,PLN,61,2019-12-05,249.9,PLN,PL,True,False,False,False,False,False,False,293.0,-73.064,-0.2923729491796718,2020-09-23,True,True,13.971030092592592,True
1174180,018d937f-3a3b-7210-bd2d-0d1dfb1d84c0,PL,2020-10-29 17:22:37,176.836,263.956,33.0,PLN,61,2019-12-05,249.9,PLN,PL,True,False,False,False,False,False,False,329.0,-73.064,-0.2923729491796718,2020-10-29,True,True,4.043252314814815,True
1174180,018d937f-3a3b-7210-bd2d-0d1dfb1d84c0,PL,2020-11-25 18:25:30,176.836,263.956,33.0,PLN,61,2019-12-05,249.9,PLN,PL,True,False,False,False,False,False,False,356.0,-73.064,-0.2923729491796718,2020-11-25,True,True,6.008067129629629,True
1174180,018d937f-3a3b-7210-bd2d-0d1dfb1d84c0,PL,2020-12-09 18:07:16,176.836,263.956,33.0,PLN,61,2019-12-05,249.9,PLN,PL,True,False,False,False,False,False,False,370.0,-73.064,-0.2923729491796718,2020-12-09,True,True,5.009849537037037,True
1174180,018d937f-3a3b-7210-bd2d-0d1dfb1d84c0,PL,2020-12-22 19:02:31,176.836,263.956,33.0,PLN,61,2019-12-05,249.9,PLN,PL,True,False,False,False,False,False,False,383.0,-73.064,-0.2923729491796718,2020-12-22,True,True,13.990729166666666,True
1174180,018d937f-3a3b-7210-bd2d-0d1dfb1d84c0,PL,2021-01-15 18:21:08,176.836,263.956,33.0,PLN,61,2019-12-05,249.9,PLN,PL,True,False,False,False,False,False,False,407.0,-73.064,-0.2923729491796718,2021-01-15,True,True,14.000127314814815,True
1174180,018d937f-3a3b-7210-bd2d-0d1dfb1d84c0,PL,2021-02-11 19:00:24,176.836,263.956,33.0,PLN,61,2019-12-05,249.9,PLN,PL,True,False,False,False,False,False,False,434.0,-73.064,-0.2923729491796718,2021-02-11,True,True,3.9756597222222223,True
1174180,018d937f-3a3b-7210-bd2d-0d1dfb1d84c0,PL,2021-03-18 17:21:07,176.836,263.956,33.0,PLN,61,2019-12-05,249.9,PLN,PL,True,False,False,False,False,False,False,469.0,-73.064,-0.2923729491796718,2021-03-18,True,True,13.998912037037037,True
1174180,018d937f-3a3b-7210-bd2d-0d1dfb1d84c0,PL,2021-05-17 17:18:28,176.836,263.956,33.0,PLN,61,2019-12-05,249.9,PLN,PL,True,False,False,False,False,False,False,529.0,-73.064,-0.2923729491796718,2021-05-17,True,True,14.006782407407407,True
1174180,018d937f-3a3b-7210-bd2d-0d1dfb1d84c0,PL,2021-06-28 17:49:05,176.836,263.956,33.0,PLN,61,2019-12-05,249.9,PLN,PL,True,False,False,False,False,False,False,571.0,-73.064,-0.2923729491796718,2021-06-28,True,True,10.078657407407407,True
1174180,018d937f-3a3b-7210-bd2d-0d1dfb1d84c0,PL,2021-07-15 17:12:29,176.836,263.956,33.0,PLN,61,2019-12-05,249.9,PLN,PL,True,False,False,False,False,False,False,588.0,-73.064,-0.2923729491796718,2021-07-15,True,True,13.995486111111111,True
1174180,018d937f-3a3b-7210-bd2d-0d1dfb1d84c0,PL,2021-09-09 17:20:05,176.836,263.956,33.0,PLN,61,2019-12-05,249.9,PLN,PL,True,False,False,False,False,False,False,644.0,-73.064,-0.2923729491796718,2021-09-09,True,True,14.005902777777777,True
1174180,018d937f-3a3b-7210-bd2d-0d1dfb1d84c0,PL,2021-10-28 19:02:06,176.836,263.956,33.0,PLN,61,2019-12-05,249.9,PLN,PL,True,False,False,False,False,False,False,693.0,-73.064,-0.2923729491796718,2021-10-28,True,True,4.047175925925926,True
1174180,018d937f-3a3b-7210-bd2d-0d1dfb1d84c0,PL,2021-11-04 17:20:54,176.836,263.956,33.0,PLN,61,2019-12-05,249.9,PLN,PL,True,False,False,False,False,False,False,700.0,-73.064,-0.2923729491796718,2021-11-04,True,True,14.040138888888889,True
1174180,018d937f-3a3b-7210-bd2d-0d1dfb1d84c0,PL,2021-11-24 19:56:57,131.95600000000002,263.956,50.0,PLN,61,2019-12-05,249.9,PLN,PL,True,False,False,False,False,False,False,720.0,-117.94399999999999,-0.47196478591436564,2021-11-24,True,True,7.060335648148148,True
1174180,018d937f-3a3b-7210-bd2d-0d1dfb1d84c0,PL,2021-12-09 16:03:10,131.95600000000002,263.956,50.0,PLN,61,2019-12-05,249.9,PLN,PL,True,False,False,False,False,False,False,735.0,-117.94399999999999,-0.47196478591436564,2021-12-09,True,True,4.105497685185185,True
1174180,018d937f-3a3b-7210-bd2d-0d1dfb1d84c0,PL,2021-12-22 20:14:51,131.95600000000002,263.956,50.0,PLN,61,2019-12-05,249.9,PLN,PL,True,False,False,False,False,False,False,748.0,-117.94399999999999,-0.47196478591436564,2021-12-22,True,True,14.0271875,True
1174180,018d937f-3a3b-7210-bd2d-0d1dfb1d84c0,PL,2022-01-12 19:50:57,131.95600000000002,263.956,50.0,PLN,61,2019-12-05,249.9,PLN,PL,True,False,False,False,False,False,False,769.0,-117.94399999999999,-0.47196478591436564,2022-01-12,True,True,13.936388888888889,True
1174180,018d937f-3a3b-7210-bd2d-0d1dfb1d84c0,PL,2022-01-27 20:04:57,131.95600000000002,263.956,50.0,PLN,61,2019-12-05,249.9,PLN,PL,True,False,False,False,False,False,False,784.0,-117.94399999999999,-0.47196478591436564,2022-01-27,True,True,7.0039699074074075,True
1174180,018d937f-3a3b-7210-bd2d-0d1dfb1d84c0,PL,2022-03-10 18:26:13,131.95600000000002,263.956,50.0,PLN,61,2019-12-05,249.9,PLN,PL,True,False,False,False,False,False,False,826.0,-117.94399999999999,-0.47196478591436564,2022-03-10,True,True,27.95652777777778,True
1174180,018d937f-3a3b-7210-bd2d-0d1dfb1d84c0,PL,2022-06-16 17:03:17,131.95600000000002,263.956,50.0,PLN,61,2019-12-05,249.9,PLN,PL,True,False,False,False,False,False,False,924.0,-117.94399999999999,-0.47196478591436564,2022-06-16,True,True,21.111817129629628,True
1174180,018d937f-3a3b-7210-bd2d-0d1dfb1d84c0,PL,2022-07-21 17:10:03,131.95600000000002,263.956,50.0,PLN,61,2019-12-05,249.9,PLN,PL,True,False,False,False,False,False,False,959.0,-117.94399999999999,-0.47196478591436564,2022-07-21,True,True,13.999976851851851,True
1174180,018d937f-3a3b-7210-bd2d-0d1dfb1d84c0,PL,2022-09-01 17:15:31,131.95600000000002,263.956,50.0,PLN,61,2019-12-05,249.9,PLN,PL,True,False,False,False,False,False,False,1001.0,-117.94399999999999,-0.47196478591436564,2022-09-01,True,True,14.002604166666666,True
1174180,018d937f-3a3b-7210-bd2d-0d1dfb1d84c0,PL,2022-10-18 17:09:25,131.95600000000002,263.956,50.0,PLN,61,2019-12-05,249.9,PLN,PL,True,False,False,False,False,False,False,1048.0,-117.94399999999999,-0.47196478591436564,2022-10-18,True,True,14.006527777777778,True
1174180,018d937f-3a3b-7210-bd2d-0d1dfb1d84c0,PL,2022-11-22 19:51:19,87.07600000000001,263.956,67.0,PLN,61,2019-12-05,249.9,PLN,PL,True,False,False,False,False,False,False,1083.0,-162.824,-0.6515566226490597,2022-11-22,True,True,7.02082175925926,True
1174180,018d937f-3a3b-7210-bd2d-0d1dfb1d84c0,PL,2022-12-05 18:43:57,87.07600000000001,263.956,67.0,PLN,61,2019-12-05,249.9,PLN,PL,True,False,False,False,False,False,False,1096.0,-162.824,-0.6515566226490597,2022-12-05,True,True,14.01119212962963,True
1174180,018d937f-3a3b-7210-bd2d-0d1dfb1d84c0,PL,2022-12-22 23:29:53,87.07600000000001,263.956,67.0,PLN,61,2019-12-05,249.9,PLN,PL,True,False,False,False,False,False,False,1113.0,-162.824,-0.6515566226490597,2022-12-22,True,True,13.784710648148149,True
1174180,018d937f-3a3b-7210-bd2d-0d1dfb1d84c0,PL,2023-01-19 18:21:59,87.07600000000001,263.956,67.0,PLN,61,2019-12-05,249.9,PLN,PL,True,False,False,False,False,False,False,1141.0,-162.824,-0.6515566226490597,2023-01-19,True,True,13.995636574074075,True
1174180,018d937f-3a3b-7210-bd2d-0d1dfb1d84c0,PL,2023-03-04 20:48:21,87.07600000000001,263.956,67.0,PLN,61,2019-12-05,249.9,PLN,PL,True,False,False,False,False,False,False,1185.0,-162.824,-0.6515566226490597,2023-03-04,True,True,10.99994212962963,True
1174180,018d937f-3a3b-7210-bd2d-0d1dfb1d84c0,PL,2023-03-16 21:06:34,87.07600000000001,263.956,67.0,PLN,61,2019-12-05,249.9,PLN,PL,True,False,False,False,False,False,False,1197.0,-162.824,-0.6515566226490597,2023-03-16,True,True,6.856539351851852,True
1174180,018d937f-3a3b-7210-bd2d-0d1dfb1d84c0,PL,2023-05-29 20:36:13,87.07600000000001,263.956,67.0,PLN,61,2019-12-05,249.9,PLN,PL,True,False,False,False,False,False,False,1271.0,-162.824,-0.6515566226490597,2023-05-29,True,True,13.987615740740742,True
1174180,018d937f-3a3b-7210-bd2d-0d1dfb1d84c0,PL,2023-06-29 19:52:38,87.07600000000001,87.07600000000001,0.0,PLN,61,2019-12-05,249.9,PLN,PL,False,False,False,True,False,False,False,1302.0,-162.824,-0.6515566226490597,2023-06-29,True,True,,False
1174180,018d937f-3a3b-7210-bd2d-0d1dfb1d84c0,PL,2023-07-13 19:31:12,263.956,263.956,0.0,PLN,61,2019-12-05,249.9,PLN,PL,False,False,False,True,False,False,False,1316.0,14.056000000000012,0.056246498599439754,2023-07-13,True,True,,False
1174180,018d937f-3a3b-7210-bd2d-0d1dfb1d84c0,PL,2023-07-20 17:20:17,87.07600000000001,87.07600000000001,0.0,PLN,61,2019-12-05,249.9,PLN,PL,False,False,False,True,False,False,False,1323.0,-162.824,-0.6515566226490597,2023-07-20,True,True,,False
1174180,018d937f-3a3b-7210-bd2d-0d1dfb1d84c0,PL,2023-08-03 17:09:34,263.956,263.956,0.0,PLN,61,2019-12-05,249.9,PLN,PL,False,False,False,True,False,False,False,1337.0,14.056000000000012,0.056246498599439754,2023-08-03,True,True,,False
1174180,018d937f-3a3b-7210-bd2d-0d1dfb1d84c0,PL,2023-09-07 17:03:17,87.07600000000001,263.956,67.0,PLN,61,2019-12-05,249.9,PLN,PL,True,False,False,False,False,False,False,1372.0,-162.824,-0.6515566226490597,2023-09-07,True,True,14.011377314814816,True
1174180,018d937f-3a3b-7210-bd2d-0d1dfb1d84c0,PL,2023-10-23 17:14:22,105.556,263.956,60.0,PLN,61,2019-12-05,249.9,PLN,PL,True,False,False,False,False,False,False,1418.0,-144.344,-0.5776070428171269,2023-10-23,True,True,14.002743055555555,True
1174180,018d937f-3a3b-7210-bd2d-0d1dfb1d84c0,PL,2023-11-21 20:22:22,87.07600000000001,263.956,67.0,PLN,61,2019-12-05,249.9,PLN,PL,True,False,False,False,False,False,False,1447.0,-162.824,-0.6515566226490597,2023-11-21,True,True,6.997939814814814,True
1174180,018d937f-3a3b-7210-bd2d-0d1dfb1d84c0,PL,2023-12-07 18:06:36,87.07600000000001,263.956,67.0,PLN,61,2019-12-05,249.9,PLN,PL,True,False,False,False,False,False,False,1463.0,-162.824,-0.6515566226490597,2023-12-07,True,True,28.081215277777776,True
1174180,018d937f-3a3b-7210-bd2d-0d1dfb1d84c0,PL,2024-02-08 18:18:29,105.556,263.956,60.0,PLN,61,2019-12-05,249.9,PLN,PL,True,False,False,False,False,False,False,1526.0,-144.344,-0.5776070428171269,2024-02-08,True,True,13.998125,True
1174180,018d937f-3a3b-7210-bd2d-0d1dfb1d84c0,PL,2024-02-08 18:36:37,87.12,263.956,67.0,PLN,61,2019-12-05,249.9,PLN,PL,True,False,False,False,False,False,False,1526.0,-162.78,-0.6513805522208884,2024-02-08,True,True,,False
1174180,018d937f-3a3b-7210-bd2d-0d1dfb1d84c0,PL,2024-03-14 18:07:32,87.07600000000001,263.956,67.0,PLN,61,2019-12-05,249.9,PLN,PL,True,False,False,False,False,False,False,1561.0,-162.824,-0.6515566226490597,2024-03-14,True,True,6.987037037037037,True
1174180,018d937f-3a3b-7210-bd2d-0d1dfb1d84c0,PL,2024-04-11 17:18:14,105.556,263.956,60.0,PLN,61,2019-12-05,249.9,PLN,PL,True,False,False,False,False,False,False,1589.0,-144.344,-0.5776070428171269,2024-04-11,True,True,13.99894675925926,True
1174180,018d937f-3a3b-7210-bd2d-0d1dfb1d84c0,PL,2024-05-27 17:24:34,105.556,263.956,60.0,PLN,61,2019-12-05,249.9,PLN,PL,True,False,False,False,False,False,False,1635.0,-144.344,-0.5776070428171269,2024-05-27,True,True,13.994143518518518,True
1174180,018d937f-3a3b-7210-bd2d-0d1dfb1d84c0,PL,2024-06-27 18:21:51,82.2046153846154,249.1892307692308,67.0,PLN,61,2019-12-05,249.9,PLN,PL,True,False,False,False,False,False,False,1666.0,-167.69538461538463,-0.6710499584449163,2024-06-27,True,True,13.981215277777778,True
1174180,018d937f-3a3b-7210-bd2d-0d1dfb1d84c0,PL,2024-07-15 17:21:49,82.2046153846154,249.1892307692308,67.0,PLN,61,2019-12-05,249.9,PLN,PL,True,False,False,False,False,False,False,1684.0,-167.69538461538463,-0.6710499584449163,2024-07-15,True,True,13.997013888888889,True
1174180,018d937f-3a3b-7210-bd2d-0d1dfb1d84c0,PL,2024-08-29 17:15:43,99.65076923076923,249.1892307692308,60.0,PLN,61,2019-12-05,249.9,PLN,PL,True,False,False,False,False,False,False,1729.0,-150.2492307692308,-0.6012374180441408,2024-08-29,True,True,14.001909722222223,True
1174180,018d937f-3a3b-7210-bd2d-0d1dfb1d84c0,PL,2024-11-27 20:41:03,82.2046153846154,249.1892307692308,67.0,PLN,61,2019-12-05,249.9,PLN,PL,True,False,False,False,False,False,False,1819.0,-167.69538461538463,-0.6710499584449163,2024-11-27,True,True,6.921793981481481,True
1174180,018d937f-3a3b-7210-bd2d-0d1dfb1d84c0,PL,2024-12-05 18:16:22,82.2046153846154,249.1892307692308,67.0,PLN,61,2019-12-05,249.9,PLN,PL,True,False,False,False,False,False,False,1827.0,-167.69538461538463,-0.6710499584449163,2024-12-05,True,True,28.025856481481483,True
1174180,018d937f-3a3b-7210-bd2d-0d1dfb1d84c0,PL,2025-01-23 18:19:15,62.266153846153856,249.1892307692308,75.0,PLN,61,2019-12-05,249.9,PLN,PL,True,False,False,False,False,False,False,1876.0,-187.63384615384615,-0.7508357189029458,2025-01-23,True,True,14.001666666666667,True
1174180,018d937f-3a3b-7210-bd2d-0d1dfb1d84c0,PL,2025-03-13 19:01:10,62.266153846153856,249.1892307692308,75.0,PLN,61,2019-12-05,249.9,PLN,PL,True,False,False,False,False,False,False,1925.0,-187.63384615384615,-0.7508357189029458,2025-03-13,True,True,6.952731481481481,True
1174180,018d937f-3a3b-7210-bd2d-0d1dfb1d84c0,PL,2025-04-03 17:15:57,62.266153846153856,249.1892307692308,75.0,PLN,61,2019-12-05,249.9,PLN,PL,True,False,False,False,False,False,False,1946.0,-187.63384615384615,-0.7508357189029458,2025-04-03,True,True,13.999710648148149,True
1174180,018d937f-3a3b-7210-bd2d-0d1dfb1d84c0,PL,2025-05-19 17:47:07,62.266153846153856,249.1892307692308,75.0,PLN,61,2019-12-05,249.9,PLN,PL,True,False,False,False,False,False,False,1992.0,-187.63384615384615,-0.7508357189029458,2025-05-19,True,True,14.049155092592592,True
1174180,018d937f-3a3b-7210-bd2d-0d1dfb1d84c0,PL,2025-06-26 22:17:25,62.899215686274516,251.72274509803924,75.0,PLN,61,2019-12-05,249.9,PLN,PL,True,False,False,False,False,False,False,2030.0,-187.0007843137255,-0.7483024582381972,2025-06-26,True,True,27.793564814814815,True
1174180,018d937f-3a3b-7210-bd2d-0d1dfb1d84c0,PL,2025-08-25 17:27:32,62.899215686274516,251.72274509803924,75.0,PLN,61,2019-12-05,249.9,PLN,PL,True,False,False,False,False,False,False,2090.0,-187.0007843137255,-0.7483024582381972,2025-08-25,True,True,13.996631944444445,True
1174180,018d937f-3a3b-7210-bd2d-0d1dfb1d84c0,PL,2025-09-29 20:19:00,62.899215686274516,251.72274509803924,75.0,PLN,61,2019-12-05,249.9,PLN,PL,True,False,False,False,False,False,False,2125.0,-187.0007843137255,-0.7483024582381972,2025-09-29,True,True,6.895173611111111,True
1174180,018d937f-3a3b-7210-bd2d-0d1dfb1d84c0,PL,2025-10-08 17:18:23,62.899215686274516,251.72274509803924,75.0,PLN,61,2019-12-05,249.9,PLN,PL,True,False,False,False,False,False,False,2134.0,-187.0007843137255,-0.7483024582381972,2025-10-08,True,True,12.006412037037038,True
1174180,018d937f-3a3b-7210-bd2d-0d1dfb1d84c0,TR,2019-12-12 18:21:37,8.372,10.465000000000002,20.0,USD,61,2019-12-05,59.99,USD,TR,True,True,True,False,False,False,False,7.0,-51.618,-0.860443407234539,2019-12-12,True,True,1.9997337962962962,True
1174180,018d937f-3a3b-7210-bd2d-0d1dfb1d84c0,TR,2019-12-19 18:26:58,8.372,10.465000000000002,20.0,USD,61,2019-12-05,59.99,USD,TR,True,False,False,False,False,False,False,14.0,-51.618,-0.860443407234539,2019-12-19,True,True,13.997222222222222,True
1174180,018d937f-3a3b-7210-bd2d-0d1dfb1d84c0,TR,2020-01-23 18:26:01,8.372,10.465000000000002,20.0,USD,61,2019-12-05,59.99,USD,TR,True,False,False,False,False,False,False,49.0,-51.618,-0.860443407234539,2020-01-23,True,True,13.996736111111112,True
1174180,018d937f-3a3b-7210-bd2d-0d1dfb1d84c0,TR,2020-03-17 18:21:08,8.372,10.465000000000002,20.0,USD,61,2019-12-05,59.99,USD,TR,True,False,False,False,False,False,False,103.0,-51.618,-0.860443407234539,2020-03-17,True,True,6.990358796296296,True
1174180,018d937f-3a3b-7210-bd2d-0d1dfb1d84c0,TR,2020-05-11 17:22:08,8.372,10.465000000000002,20.0,USD,61,2019-12-05,59.99,USD,TR,True,False,False,False,False,False,False,158.0,-51.618,-0.860443407234539,2020-05-11,True,True,14.000324074074074,True
1174180,018d937f-3a3b-7210-bd2d-0d1dfb1d84c0,TR,2020-06-25 18:33:25,8.372,10.465000000000002,20.0,USD,61,2019-12-05,59.99,USD,TR,True,False,False,False,False,False,False,203.0,-51.618,-0.860443407234539,2020-06-25,True,True,13.953587962962963,True
1174180,018d937f-3a3b-7210-bd2d-0d1dfb1d84c0,TR,2020-07-30 17:21:20,8.372,10.465000000000002,20.0,USD,61,2019-12-05,59.99,USD,TR,True,False,False,False,False,False,False,238.0,-51.618,-0.860443407234539,2020-07-30,True,True,14.00013888888889,True
1174180,018d937f-3a3b-7210-bd2d-0d1dfb1d84c0,TR,2020-09-23 18:49:08,7.0115500000000015,10.465000000000002,33.0,USD,61,2019-12-05,59.99,USD,TR,True,False,False,False,False,False,False,293.0,-52.97845,-0.8831213535589265,2020-09-23,True,True,13.970983796296297,True
1174180,018d937f-3a3b-7210-bd2d-0d1dfb1d84c0,TR,2020-10-29 17:21:51,7.0115500000000015,10.465000000000002,33.0,USD,61,2019-12-05,59.99,USD,TR,True,False,False,False,False,False,False,329.0,-52.97845,-0.8831213535589265,2020-10-29,True,True,4.044803240740741,True
1174180,018d937f-3a3b-7210-bd2d-0d1dfb1d84c0,TR,2020-11-25 18:23:33,7.0115500000000015,10.465000000000002,33.0,USD,61,2019-12-05,59.99,USD,TR,True,False,False,False,False,False,False,356.0,-52.97845,-0.8831213535589265,2020-11-25,True,True,6.008101851851852,True
1174180,018d937f-3a3b-7210-bd2d-0d1dfb1d84c0,TR,2020-12-09 18:07:15,7.0115500000000015,10.465000000000002,33.0,USD,61,2019-12-05,59.99,USD,TR,True,False,False,False,False,False,False,370.0,-52.97845,-0.8831213535589265,2020-12-09,True,True,5.0096875,True
1174180,018d937f-3a3b-7210-bd2d-0d1dfb1d84c0,TR,2020-12-22 19:05:17,7.0115500000000015,10.465000000000002,33.0,USD,61,2019-12-05,59.99,USD,TR,True,False,False,False,False,False,False,383.0,-52.97845,-0.8831213535589265,2020-12-22,True,True,13.990289351851851,True
1174180,018d937f-3a3b-7210-bd2d-0d1dfb1d84c0,TR,2021-01-15 18:21:09,7.0115500000000015,10.465000000000002,33.0,USD,61,2019-12-05,59.99,USD,TR,True,False,False,False,False,False,False,407.0,-52.97845,-0.8831213535589265,2021-01-15,True,True,14.000023148148149,True
1174180,018d937f-3a3b-7210-bd2d-0d1dfb1d84c0,TR,2021-02-11 18:58:12,7.0115500000000015,10.465000000000002,33.0,USD,61,2019-12-05,59.99,USD,TR,True,False,False,False,False,False,False,434.0,-52.97845,-0.8831213535589265,2021-02-11,True,True,3.9761921296296294,True
1174180,018d937f-3a3b-7210-bd2d-0d1dfb1d84c0,TR,2021-03-18 17:21:18,7.0115500000000015,10.465000000000002,33.0,USD,61,2019-12-05,59.99,USD,TR,True,False,False,False,False,False,False,469.0,-52.97845,-0.8831213535589265,2021-03-18,True,True,13.998472222222222,True
1174180,018d937f-3a3b-7210-bd2d-0d1dfb1d84c0,TR,2021-05-17 17:18:28,7.0115500000000015,10.465000000000002,33.0,USD,61,2019-12-05,59.99,USD,TR,True,False,False,False,False,False,False,529.0,-52.97845,-0.8831213535589265,2021-05-17,True,True,14.007152777777778,True
1174180,018d937f-3a3b-7210-bd2d-0d1dfb1d84c0,TR,2021-06-28 17:42:32,7.0115500000000015,10.465000000000002,33.0,USD,61,2019-12-05,59.99,USD,TR,True,False,False,False,False,False,False,571.0,-52.97845,-0.8831213535589265,2021-06-28,True,True,10.083020833333334,True
1174180,018d937f-3a3b-7210-bd2d-0d1dfb1d84c0,TR,2021-07-15 17:06:32,7.0115500000000015,10.465000000000002,33.0,USD,61,2019-12-05,59.99,USD,TR,True,False,False,False,False,False,False,588.0,-52.97845,-0.8831213535589265,2021-07-15,True,True,14.003761574074074,True
1174180,018d937f-3a3b-7210-bd2d-0d1dfb1d84c0,TR,2021-09-09 17:20:07,7.0115500000000015,10.465000000000002,33.0,USD,61,2019-12-05,59.99,USD,TR,True,False,False,False,False,False,False,644.0,-52.97845,-0.8831213535589265,2021-09-09,True,True,13.997534722222222,True
1174180,018d937f-3a3b-7210-bd2d-0d1dfb1d84c0,TR,2021-10-28 19:02:00,7.0115500000000015,10.465000000000002,33.0,USD,61,2019-12-05,59.99,USD,TR,True,False,False,False,False,False,False,693.0,-52.97845,-0.8831213535589265,2021-10-28,True,True,4.045856481481482,True
1174180,018d937f-3a3b-7210-bd2d-0d1dfb1d84c0,TR,2021-11-04 17:20:44,7.0115500000000015,10.465000000000002,33.0,USD,61,2019-12-05,59.99,USD,TR,True,False,False,False,False,False,False,700.0,-52.97845,-0.8831213535589265,2021-11-04,True,True,14.040277777777778,True
1174180,018d937f-3a3b-7210-bd2d-0d1dfb1d84c0,TR,2021-11-24 19:49:54,5.232500000000001,10.465000000000002,50.0,USD,61,2019-12-05,59.99,USD,TR,True,False,False,False,False,False,False,720.0,-54.7575,-0.912777129521587,2021-11-24,True,True,7.015844907407407,True
1174180,018d937f-3a3b-7210-bd2d-0d1dfb1d84c0,TR,2021-12-09 16:03:10,5.232500000000001,10.465000000000002,50.0,USD,61,2019-12-05,59.99,USD,TR,True,False,False,False,False,False,False,735.0,-54.7575,-0.912777129521587,2021-12-09,True,True,4.092256944444444,True
1174180,018d937f-3a3b-7210-bd2d-0d1dfb1d84c0,TR,2021-12-22 23:16:12,5.232500000000001,10.465000000000002,50.0,USD,61,2019-12-05,59.99,USD,TR,True,False,False,False,False,False,False,748.0,-54.7575,-0.912777129521587,2021-12-22,True,True,13.901354166666666,True
1174180,018d937f-3a3b-7210-bd2d-0d1dfb1d84c0,TR,2022-01-12 19:51:30,5.232500000000001,10.465000000000002,50.0,USD,61,2019-12-05,59.99,USD,TR,True,False,False,False,False,False,False,769.0,-54.7575,-0.912777129521587,2022-01-12,True,True,13.931215277777778,True
1174180,018d937f-3a3b-7210-bd2d-0d1dfb1d84c0,TR,2022-01-27 18:01:39,5.232500000000001,10.465000000000002,50.0,USD,61,2019-12-05,59.99,USD,TR,True,False,False,False,False,False,False,784.0,-54.7575,-0.912777129521587,2022-01-27,True,True,7.088287037037037,True
1174180,018d937f-3a3b-7210-bd2d-0d1dfb1d84c0,TR,2022-03-10 18:27:45,5.232500000000001,10.465000000000002,50.0,USD,61,2019-12-05,59.99,USD,TR,True,False,False,False,False,False,False,826.0,-54.7575,-0.912777129521587,2022-03-10,True,True,27.9540625,True
1174180,018d937f-3a3b-7210-bd2d-0d1dfb1d84c0,TR,2022-05-05 17:09:42,5.232500000000001,10.465000000000002,50.0,USD,61,2019-12-05,59.99,USD,TR,True,False,False,False,False,False,False,882.0,-54.7575,-0.912777129521587,2022-05-05,True,True,13.997835648148149,True
1174180,018d937f-3a3b-7210-bd2d-0d1dfb1d84c0,TR,2022-06-16 17:12:43,5.232500000000001,10.465000000000002,50.0,USD,61,2019-12-05,59.99,USD,TR,True,False,False,False,False,False,False,924.0,-54.7575,-0.912777129521587,2022-06-16,True,True,21.102118055555554,True
1174180,018d937f-3a3b-7210-bd2d-0d1dfb1d84c0,TR,2022-07-21 17:06:41,5.232500000000001,10.465000000000002,50.0,USD,61,2019-12-05,59.99,USD,TR,True,False,False,False,False,False,False,959.0,-54.7575,-0.912777129521587,2022-07-21,True,True,13.997719907407408,True
1174180,018d937f-3a3b-7210-bd2d-0d1dfb1d84c0,TR,2022-09-01 17:12:57,5.232500000000001,10.465000000000002,50.0,USD,61,2019-12-05,59.99,USD,TR,True,False,False,False,False,False,False,1001.0,-54.7575,-0.912777129521587,2022-09-01,True,True,61.004131944444445,True
1174180,018d937f-3a3b-7210-bd2d-0d1dfb1d84c0,TR,2022-11-22 22:45:52,3.4534500000000006,10.465000000000002,67.0,USD,61,2019-12-05,59.99,USD,TR,True,False,False,False,False,False,False,1083.0,-56.53655,-0.9424329054842474,2022-11-22,True,True,6.899490740740741,True
1174180,018d937f-3a3b-7210-bd2d-0d1dfb1d84c0,TR,2022-12-05 20:51:48,3.4534500000000006,10.465000000000002,67.0,USD,61,2019-12-05,59.99,USD,TR,True,False,False,False,False,False,False,1096.0,-56.53655,-0.9424329054842474,2022-12-05,True,True,13.922025462962964,True
1174180,018d937f-3a3b-7210-bd2d-0d1dfb1d84c0,TR,2022-12-22 19:56:36,3.4534500000000006,10.465000000000002,67.0,USD,61,2019-12-05,59.99,USD,TR,True,False,False,False,False,False,False,1113.0,-56.53655,-0.9424329054842474,2022-12-22,True,True,13.999375,True
1174180,018d937f-3a3b-7210-bd2d-0d1dfb1d84c0,TR,2023-01-19 18:16:00,3.4534500000000006,10.465000000000002,67.0,USD,61,2019-12-05,59.99,USD,TR,True,False,False,False,False,False,False,1141.0,-56.53655,-0.9424329054842474,2023-01-19,True,True,14.00568287037037,True
1174180,018d937f-3a3b-7210-bd2d-0d1dfb1d84c0,TR,2023-02-02 19:52:58,40.25000000000001,40.25000000000001,0.0,USD,61,2019-12-05,59.99,USD,TR,False,False,False,True,False,False,False,1155.0,-19.739999999999995,-0.3290548424737455,2023-02-02,True,True,,False
1174180,018d937f-3a3b-7210-bd2d-0d1dfb1d84c0,TR,2023-03-04 20:48:19,13.2825,40.25000000000001,67.0,USD,61,2019-12-05,59.99,USD,TR,True,False,False,False,False,False,False,1185.0,-46.7075,-0.778588098016336,2023-03-04,True,True,10.999965277777777,True
1174180,018d937f-3a3b-7210-bd2d-0d1dfb1d84c0,TR,2023-03-16 20:58:14,13.2825,40.25000000000001,67.0,USD,61,2019-12-05,59.99,USD,TR,True,False,False,False,False,False,False,1197.0,-46.7075,-0.778588098016336,2023-03-16,True,True,6.955081018518518,True
1174180,018d937f-3a3b-7210-bd2d-0d1dfb1d84c0,TR,2023-04-14 19:24:59,13.2825,40.25000000000001,67.0,USD,61,2019-12-05,59.99,USD,TR,True,False,False,False,False,False,False,1226.0,-46.7075,-0.778588098016336,2023-04-14,True,True,13.995381944444444,True
1174180,018d937f-3a3b-7210-bd2d-0d1dfb1d84c0,TR,2023-05-29 20:36:15,13.2825,40.25000000000001,67.0,USD,61,2019-12-05,59.99,USD,TR,True,False,False,False,False,False,False,1271.0,-46.7075,-0.778588098016336,2023-05-29,True,True,13.987592592592593,True
1174180,018d937f-3a3b-7210-bd2d-0d1dfb1d84c0,TR,2023-06-29 19:29:59,13.2825,40.25000000000001,67.0,USD,61,2019-12-05,59.99,USD,TR,True,False,False,False,False,False,False,1302.0,-46.7075,-0.778588098016336,2023-06-29,True,True,13.993877314814815,True
1174180,018d937f-3a3b-7210-bd2d-0d1dfb1d84c0,TR,2023-07-20 17:20:30,13.2825,40.25000000000001,67.0,USD,61,2019-12-05,59.99,USD,TR,True,False,False,False,False,False,False,1323.0,-46.7075,-0.778588098016336,2023-07-20,True,True,13.992384259259259,True
1174180,018d937f-3a3b-7210-bd2d-0d1dfb1d84c0,TR,2023-09-07 17:18:51,13.2825,40.25000000000001,67.0,USD,61,2019-12-05,59.99,USD,TR,True,False,False,False,False,False,False,1372.0,-46.7075,-0.778588098016336,2023-09-07,True,True,14.000833333333333,True
1174180,018d937f-3a3b-7210-bd2d-0d1dfb1d84c0,TR,2023-10-23 17:13:52,16.1,40.25000000000001,60.0,USD,61,2019-12-05,59.99,USD,TR,True,False,False,False,False,False,False,1418.0,-43.89,-0.7316219369894983,2023-10-23,True,True,14.003090277777778,True
1174180,018d937f-3a3b-7210-bd2d-0d1dfb1d84c0,TR,2023-11-21 16:13:13,60.461450000000006,60.461450000000006,0.0,USD,61,2019-12-05,59.99,USD,TR,False,False,False,True,False,False,False,1447.0,0.47145000000000437,0.00785880980163367,2023-11-21,True,True,,False
1174180,018d937f-3a3b-7210-bd2d-0d1dfb1d84c0,TR,2023-11-21 20:18:13,19.92025,60.38515,67.0,USD,61,2019-12-05,59.99,USD,TR,True,False,False,False,False,False,False,1447.0,-40.06975,-0.6679404900816803,2023-11-21,True,True,6.997928240740741,True
1174180,018d937f-3a3b-7210-bd2d-0d1dfb1d84c0,TR,2023-12-07 18:31:06,20.220900000000004,61.29655,67.0,USD,61,2019-12-05,59.99,USD,TR,True,False,False,False,False,False,False,1463.0,-39.769099999999995,-0.662928821470245,2023-12-07,True,True,28.05997685185185,True
1174180,018d937f-3a3b-7210-bd2d-0d1dfb1d84c0,TR,2024-02-08 18:21:24,25.698750000000004,64.26245,60.0,USD,61,2019-12-05,59.99,USD,TR,True,False,False,False,False,False,False,1526.0,-34.29125,-0.5716161026837806,2024-02-08,True,True,13.996053240740741,True
1174180,018d937f-3a3b-7210-bd2d-0d1dfb1d84c0,TR,2024-02-08 18:36:41,21.210350000000002,64.26245,67.0,USD,61,2019-12-05,59.99,USD,TR,True,False,False,False,False,False,False,1526.0,-38.779650000000004,-0.6464352392065345,2024-02-08,True,True,,False
1174180,018d937f-3a3b-7210-bd2d-0d1dfb1d84c0,TR,2024-02-11 07:38:21,19.8,59.99,67.0,USD,61,2019-12-05,59.99,USD,TR,True,True,False,False,False,False,False,1529.0,-40.19,-0.6699449908318054,2024-02-11,False,False,,False
1174180,018d937f-3a3b-7210-bd2d-0d1dfb1d84c0,TR,2024-03-14 18:07:27,19.79,59.99,67.0,USD,61,2019-12-05,59.99,USD,TR,True,False,False,False,False,False,False,1561.0,-40.2,-0.6701116852808802,2024-03-14,False,False,6.985150462962963,True
1174180,018d937f-3a3b-7210-bd2d-0d1dfb1d84c0,TR,2024-04-11 17:15:40,23.99,59.99,60.0,USD,61,2019-12-05,59.99,USD,TR,True,False,False,False,False,False,False,1589.0,-36.0,-0.600100016669445,2024-04-11,False,False,14.00125,True
1174180,018d937f-3a3b-7210-bd2d-0d1dfb1d84c0,TR,2024-05-27 17:24:52,23.99,59.99,60.0,USD,61,2019-12-05,59.99,USD,TR,True,False,False,False,False,False,False,1635.0,-36.0,-0.600100016669445,2024-05-27,False,False,13.996041666666667,True
1174180,018d937f-3a3b-7210-bd2d-0d1dfb1d84c0,TR,2024-06-27 18:23:02,19.79,59.99,67.0,USD,61,2019-12-05,59.99,USD,TR,True,False,False,False,False,False,False,1666.0,-40.2,-0.6701116852808802,2024-06-27,False,False,13.980138888888888,True
1174180,018d937f-3a3b-7210-bd2d-0d1dfb1d84c0,TR,2024-07-15 17:22:23,19.79,59.99,67.0,USD,61,2019-12-05,59.99,USD,TR,True,False,False,False,False,False,False,1684.0,-40.2,-0.6701116852808802,2024-07-15,False,False,13.998981481481481,True
1174180,018d937f-3a3b-7210-bd2d-0d1dfb1d84c0,TR,2024-08-29 17:15:40,23.99,59.99,60.0,USD,61,2019-12-05,59.99,USD,TR,True,False,False,False,False,False,False,1729.0,-36.0,-0.600100016669445,2024-08-29,False,False,14.000185185185185,True
1174180,018d937f-3a3b-7210-bd2d-0d1dfb1d84c0,TR,2024-11-27 20:38:19,19.79,59.99,67.0,USD,61,2019-12-05,59.99,USD,TR,True,False,False,False,False,False,False,1819.0,-40.2,-0.6701116852808802,2024-11-27,False,False,6.923680555555555,True
1174180,018d937f-3a3b-7210-bd2d-0d1dfb1d84c0,TR,2024-12-05 18:16:45,19.79,59.99,67.0,USD,61,2019-12-05,59.99,USD,TR,True,False,False,False,False,False,False,1827.0,-40.2,-0.6701116852808802,2024-12-05,False,False,28.02548611111111,True
1174180,018d937f-3a3b-7210-bd2d-0d1dfb1d84c0,TR,2025-01-23 18:22:02,14.99,59.99,75.0,USD,61,2019-12-05,59.99,USD,TR,True,False,False,False,False,False,False,1876.0,-45.0,-0.7501250208368061,2025-01-23,False,False,13.999641203703703,True
1174180,018d937f-3a3b-7210-bd2d-0d1dfb1d84c0,TR,2025-03-13 19:30:39,14.99,59.99,75.0,USD,61,2019-12-05,59.99,USD,TR,True,False,False,False,False,False,False,1925.0,-45.0,-0.7501250208368061,2025-03-13,False,False,6.928414351851852,True
1174180,018d937f-3a3b-7210-bd2d-0d1dfb1d84c0,TR,2025-04-03 17:19:09,14.99,59.99,75.0,USD,61,2019-12-05,59.99,USD,TR,True,False,False,False,False,False,False,1946.0,-45.0,-0.7501250208368061,2025-04-03,False,False,13.999675925925926,True
1174180,018d937f-3a3b-7210-bd2d-0d1dfb1d84c0,TR,2025-05-19 17:47:27,14.99,59.99,75.0,USD,61,2019-12-05,59.99,USD,TR,True,False,False,False,False,False,False,1992.0,-45.0,-0.7501250208368061,2025-05-19,False,False,14.050069444444444,True
1174180,018d937f-3a3b-7210-bd2d-0d1dfb1d84c0,TR,2025-06-26 22:30:03,14.99,59.99,75.0,USD,61,2019-12-05,59.99,USD,TR,True,False,False,False,False,False,False,2030.0,-45.0,-0.7501250208368061,2025-06-26,False,False,27.784305555555555,True
1174180,018d937f-3a3b-7210-bd2d-0d1dfb1d84c0,TR,2025-08-25 17:21:25,14.99,59.99,75.0,USD,61,2019-12-05,59.99,USD,TR,True,False,False,False,False,False,False,2090.0,-45.0,-0.7501250208368061,2025-08-25,False,False,14.000844907407407,True
1174180,018d937f-3a3b-7210-bd2d-0d1dfb1d84c0,TR,2025-09-29 20:36:20,14.99,59.99,75.0,USD,61,2019-12-05,59.99,USD,TR,True,False,False,False,False,False,False,2125.0,-45.0,-0.7501250208368061,2025-09-29,False,False,6.882800925925926,True
1174180,018d937f-3a3b-7210-bd2d-0d1dfb1d84c0,TR,2025-10-08 17:19:26,14.99,59.99,75.0,USD,61,2019-12-05,59.99,USD,TR,True,False,False,False,False,False,False,2134.0,-45.0,-0.7501250208368061,2025-10-08,False,False,12.005902777777777,True
1174180,018d937f-3a3b-7210-bd2d-0d1dfb1d84c0,US,2019-12-12 18:21:26,47.99,59.99,20.0,USD,61,2019-12-05,59.99,USD,US,True,False,False,False,False,False,False,7.0,-12.0,-0.200033338889815,2019-12-12,False,False,1.9998842592592592,True
1174180,018d937f-3a3b-7210-bd2d-0d1dfb1d84c0,US,2019-12-19 18:26:52,47.99,59.99,20.0,USD,61,2019-12-05,59.99,USD,US,True,False,False,False,False,False,False,14.0,-12.0,-0.200033338889815,2019-12-19,False,False,13.99693287037037,True
1174180,018d937f-3a3b-7210-bd2d-0d1dfb1d84c0,US,2020-01-23 18:33:53,47.99,59.99,20.0,USD,61,2019-12-05,59.99,USD,US,True,False,False,False,False,False,False,49.0,-12.0,-0.200033338889815,2020-01-23,False,False,13.991261574074073,True
1174180,018d937f-3a3b-7210-bd2d-0d1dfb1d84c0,US,2020-03-17 18:21:22,47.99,59.99,20.0,USD,61,2019-12-05,59.99,USD,US,True,False,False,False,False,False,False,103.0,-12.0,-0.200033338889815,2020-03-17,False,False,6.990138888888889,True
1174180,018d937f-3a3b-7210-bd2d-0d1dfb1d84c0,US,2020-05-11 17:23:26,47.99,59.99,20.0,USD,61,2019-12-05,59.99,USD,US,True,False,False,False,False,False,False,158.0,-12.0,-0.200033338889815,2020-05-11,False,False,13.998726851851853,True
1174180,018d937f-3a3b-7210-bd2d-0d1dfb1d84c0,US,2020-06-25 17:51:09,47.99,59.99,20.0,USD,61,2019-12-05,59.99,USD,US,True,False,False,False,False,False,False,203.0,-12.0,-0.200033338889815,2020-06-25,False,False,13.984074074074075,True
1174180,018d937f-3a3b-7210-bd2d-0d1dfb1d84c0,US,2020-07-30 17:21:17,47.99,59.99,20.0,USD,61,2019-12-05,59.99,USD,US,True,False,False,False,False,False,False,238.0,-12.0,-0.200033338889815,2020-07-30,False,False,14.000034722222223,True
1174180,018d937f-3a3b-7210-bd2d-0d1dfb1d84c0,US,2020-09-23 18:49:09,40.19,59.99,33.0,USD,61,2019-12-05,59.99,USD,US,True,False,False,False,False,False,False,293.0,-19.800000000000004,-0.33005500916819475,2020-09-23,False,False,13.971041666666666,True
1174180,018d937f-3a3b-7210-bd2d-0d1dfb1d84c0,US,2020-10-29 17:22:18,40.19,59.99,33.0,USD,61,2019-12-05,59.99,USD,US,True,False,False,False,False,False,False,329.0,-19.800000000000004,-0.33005500916819475,2020-10-29,False,False,4.043900462962963,True
1174180,018d937f-3a3b-7210-bd2d-0d1dfb1d84c0,US,2020-11-25 18:25:08,40.19,59.99,33.0,USD,61,2019-12-05,59.99,USD,US,True,False,False,False,False,False,False,356.0,-19.800000000000004,-0.33005500916819475,2020-11-25,False,False,6.008148148148148,True
1174180,018d937f-3a3b-7210-bd2d-0d1dfb1d84c0,US,2020-12-09 18:07:17,40.19,59.99,33.0,USD,61,2019-12-05,59.99,USD,US,True,False,False,False,False,False,False,370.0,-19.800000000000004,-0.33005500916819475,2020-12-09,False,False,5.009837962962963,True
1174180,018d937f-3a3b-7210-bd2d-0d1dfb1d84c0,US,2020-12-22 19:01:16,40.19,59.99,33.0,USD,61,2019-12-05,59.99,USD,US,True,False,False,False,False,False,False,383.0,-19.800000000000004,-0.33005500916819475,2020-12-22,False,False,13.99431712962963,True
1174180,018d937f-3a3b-7210-bd2d-0d1dfb1d84c0,US,2021-01-15 18:21:11,40.19,59.99,33.0,USD,61,2019-12-05,59.99,USD,US,True,False,False,False,False,False,False,407.0,-19.800000000000004,-0.33005500916819475,2021-01-15,False,False,14.000034722222223,True
1174180,018d937f-3a3b-7210-bd2d-0d1dfb1d84c0,US,2021-02-11 18:57:54,40.19,59.99,33.0,USD,61,2019-12-05,59.99,USD,US,True,False,False,False,False,False,False,434.0,-19.800000000000004,-0.33005500916819475,2021-02-11,False,False,3.9791435185185184,True
1174180,018d937f-3a3b-7210-bd2d-0d1dfb1d84c0,US,2021-03-18 17:21:11,40.19,59.99,33.0,USD,61,2019-12-05,59.99,USD,US,True,False,False,False,False,False,False,469.0,-19.800000000000004,-0.33005500916819475,2021-03-18,False,False,13.998668981481481,True
1174180,018d937f-3a3b-7210-bd2d-0d1dfb1d84c0,US,2021-05-17 17:18:29,40.19,59.99,33.0,USD,61,2019-12-05,59.99,USD,US,True,False,False,False,False,False,False,529.0,-19.800000000000004,-0.33005500916819475,2021-05-17,False,False,14.006701388888889,True
1174180,018d937f-3a3b-7210-bd2d-0d1dfb1d84c0,US,2021-06-28 17:36:32,40.19,59.99,33.0,USD,61,2019-12-05,59.99,USD,US,True,False,False,False,False,False,False,571.0,-19.800000000000004,-0.33005500916819475,2021-06-28,False,False,10.086701388888889,True
1174180,018d937f-3a3b-7210-bd2d-0d1dfb1d84c0,US,2021-07-15 17:18:43,40.19,59.99,33.0,USD,61,2019-12-05,59.99,USD,US,True,False,False,False,False,False,False,588.0,-19.800000000000004,-0.33005500916819475,2021-07-15,False,False,14.004108796296297,True
1174180,018d937f-3a3b-7210-bd2d-0d1dfb1d84c0,US,2021-09-09 17:24:41,40.19,59.99,33.0,USD,61,2019-12-05,59.99,USD,US,True,False,False,False,False,False,False,644.0,-19.800000000000004,-0.33005500916819475,2021-09-09,False,False,14.002592592592592,True
1174180,018d937f-3a3b-7210-bd2d-0d1dfb1d84c0,US,2021-10-28 19:04:12,40.19,59.99,33.0,USD,61,2019-12-05,59.99,USD,US,True,False,False,False,False,False,False,693.0,-19.800000000000004,-0.33005500916819475,2021-10-28,False,False,4.05,True
1174180,018d937f-3a3b-7210-bd2d-0d1dfb1d84c0,US,2021-11-04 17:20:59,40.19,59.99,33.0,USD,61,2019-12-05,59.99,USD,US,True,False,False,False,False,False,False,700.0,-19.800000000000004,-0.33005500916819475,2021-11-04,False,False,14.040081018518519,True
1174180,018d937f-3a3b-7210-bd2d-0d1dfb1d84c0,US,2021-11-24 20:04:07,29.99,59.99,50.0,USD,61,2019-12-05,59.99,USD,US,True,False,False,False,False,False,False,720.0,-30.000000000000004,-0.5000833472245374,2021-11-24,False,False,6.936631944444445,True
1174180,018d937f-3a3b-7210-bd2d-0d1dfb1d84c0,US,2021-12-09 16:03:09,29.99,59.99,50.0,USD,61,2019-12-05,59.99,USD,US,True,False,False,False,False,False,False,735.0,-30.000000000000004,-0.5000833472245374,2021-12-09,False,False,4.108217592592593,True
1174180,018d937f-3a3b-7210-bd2d-0d1dfb1d84c0,US,2021-12-23 01:36:46,29.99,59.99,50.0,USD,61,2019-12-05,59.99,USD,US,True,False,False,False,False,False,False,749.0,-30.000000000000004,-0.5000833472245374,2021-12-23,False,False,13.696527777777778,True
1174180,018d937f-3a3b-7210-bd2d-0d1dfb1d84c0,US,2022-01-12 19:50:51,29.99,59.99,50.0,USD,61,2019-12-05,59.99,USD,US,True,False,False,False,False,False,False,769.0,-30.000000000000004,-0.5000833472245374,2022-01-12,False,False,13.927442129629629,True
1174180,018d937f-3a3b-7210-bd2d-0d1dfb1d84c0,US,2022-01-27 20:04:19,29.99,59.99,50.0,USD,61,2019-12-05,59.99,USD,US,True,False,False,False,False,False,False,784.0,-30.000000000000004,-0.5000833472245374,2022-01-27,False,False,7.004710648148148,True
1174180,018d937f-3a3b-7210-bd2d-0d1dfb1d84c0,US,2022-03-24 17:33:56,29.99,59.99,50.0,USD,61,2019-12-05,59.99,USD,US,True,False,False,False,False,False,False,840.0,-30.000000000000004,-0.5000833472245374,2022-03-24,False,False,13.991006944444445,True
1174180,018d937f-3a3b-7210-bd2d-0d1dfb1d84c0,US,2022-05-05 17:52:20,29.99,59.99,50.0,USD,61,2019-12-05,59.99,USD,US,True,False,False,False,False,False,False,882.0,-30.000000000000004,-0.5000833472245374,2022-05-05,False,False,13.977511574074073,True
1174180,018d937f-3a3b-7210-bd2d-0d1dfb1d84c0,US,2022-06-16 17:15:41,29.99,59.99,50.0,USD,61,2019-12-05,59.99,USD,US,True,False,False,False,False,False,False,924.0,-30.000000000000004,-0.5000833472245374,2022-06-16,False,False,21.10181712962963,True
1174180,018d937f-3a3b-7210-bd2d-0d1dfb1d84c0,US,2022-07-21 17:10:01,29.99,59.99,50.0,USD,61,2019-12-05,59.99,USD,US,True,False,False,False,False,False,False,959.0,-30.000000000000004,-0.5000833472245374,2022-07-21,False,False,14.001921296296297,True
1174180,018d937f-3a3b-7210-bd2d-0d1dfb1d84c0,US,2022-09-01 17:19:48,29.99,59.99,50.0,USD,61,2019-12-05,59.99,USD,US,True,False,False,False,False,False,False,1001.0,-30.000000000000004,-0.5000833472245374,2022-09-01,False,False,13.995069444444445,True
1174180,018d937f-3a3b-7210-bd2d-0d1dfb1d84c0,US,2022-10-18 17:12:32,29.99,59.99,50.0,USD,61,2019-12-05,59.99,USD,US,True,False,False,False,False,False,False,1048.0,-30.000000000000004,-0.5000833472245374,2022-10-18,False,False,14.004375,True
1174180,018d937f-3a3b-7210-bd2d-0d1dfb1d84c0,US,2022-11-22 19:54:33,19.79,59.99,67.0,USD,61,2019-12-05,59.99,USD,US,True,False,False,False,False,False,False,1083.0,-40.2,-0.6701116852808802,2022-11-22,False,False,7.019814814814815,True
1174180,018d937f-3a3b-7210-bd2d-0d1dfb1d84c0,US,2022-12-05 18:44:46,19.79,59.99,67.0,USD,61,2019-12-05,59.99,USD,US,True,False,False,False,False,False,False,1096.0,-40.2,-0.6701116852808802,2022-12-05,False,False,13.982858796296297,True
1174180,018d937f-3a3b-7210-bd2d-0d1dfb1d84c0,US,2022-12-23 01:03:45,19.79,59.99,67.0,USD,61,2019-12-05,59.99,USD,US,True,False,False,False,False,False,False,1114.0,-40.2,-0.6701116852808802,2022-12-23,False,False,13.884895833333333,True
1174180,018d937f-3a3b-7210-bd2d-0d1dfb1d84c0,US,2023-01-19 18:10:07,19.79,59.99,67.0,USD,61,2019-12-05,59.99,USD,US,True,False,False,False,False,False,False,1141.0,-40.2,-0.6701116852808802,2023-01-19,False,False,55.10982638888889,True
1174180,018d937f-3a3b-7210-bd2d-0d1dfb1d84c0,US,2023-03-16 21:06:32,19.79,59.99,67.0,USD,61,2019-12-05,59.99,USD,US,True,False,False,False,False,False,False,1197.0,-40.2,-0.6701116852808802,2023-03-16,False,False,6.857175925925926,True
1174180,018d937f-3a3b-7210-bd2d-0d1dfb1d84c0,US,2023-04-14 19:25:01,19.79,59.99,67.0,USD,61,2019-12-05,59.99,USD,US,True,False,False,False,False,False,False,1226.0,-40.2,-0.6701116852808802,2023-04-14,False,False,13.995347222222222,True
1174180,018d937f-3a3b-7210-bd2d-0d1dfb1d84c0,US,2023-05-29 20:38:45,19.79,59.99,67.0,USD,61,2019-12-05,59.99,USD,US,True,False,False,False,False,False,False,1271.0,-40.2,-0.6701116852808802,2023-05-29,False,False,13.985856481481482,True
1174180,018d937f-3a3b-7210-bd2d-0d1dfb1d84c0,US,2023-06-29 19:40:13,19.79,59.99,67.0,USD,61,2019-12-05,59.99,USD,US,True,False,False,False,False,False,False,1302.0,-40.2,-0.6701116852808802,2023-06-29,False,False,13.990381944444444,True
1174180,018d937f-3a3b-7210-bd2d-0d1dfb1d84c0,US,2023-07-20 17:19:01,19.79,59.99,67.0,USD,61,2019-12-05,59.99,USD,US,True,False,False,False,False,False,False,1323.0,-40.2,-0.6701116852808802,2023-07-20,False,False,13.99994212962963,True
1174180,018d937f-3a3b-7210-bd2d-0d1dfb1d84c0,US,2023-09-07 17:19:13,19.79,59.99,67.0,USD,61,2019-12-05,59.99,USD,US,True,False,False,False,False,False,False,1372.0,-40.2,-0.6701116852808802,2023-09-07,False,False,14.000613425925925,True
1174180,018d937f-3a3b-7210-bd2d-0d1dfb1d84c0,US,2023-10-23 17:03:43,23.99,59.99,60.0,USD,61,2019-12-05,59.99,USD,US,True,False,False,False,False,False,False,1418.0,-36.0,-0.600100016669445,2023-10-23,False,False,14.01013888888889,True
1174180,018d937f-3a3b-7210-bd2d-0d1dfb1d84c0,US,2023-11-21 20:07:01,19.79,59.99,67.0,USD,61,2019-12-05,59.99,USD,US,True,False,False,False,False,False,False,1447.0,-40.2,-0.6701116852808802,2023-11-21,False,False,7.0042939814814815,True
1174180,018d937f-3a3b-7210-bd2d-0d1dfb1d84c0,US,2023-12-07 18:34:58,19.79,59.99,67.0,USD,61,2019-12-05,59.99,USD,US,True,False,False,False,False,False,False,1463.0,-40.2,-0.6701116852808802,2023-12-07,False,False,28.061481481481483,True
1174180,018d937f-3a3b-7210-bd2d-0d1dfb1d84c0,US,2024-02-08 18:48:38,19.8,59.99,67.0,USD,61,2019-12-05,59.99,USD,US,True,False,False,False,False,False,False,1526.0,-40.19,-0.6699449908318054,2024-02-08,False,False,13.978981481481481,True
1174180,018d937f-3a3b-7210-bd2d-0d1dfb1d84c0,US,2024-03-14 18:01:30,19.79,59.99,67.0,USD,61,2019-12-05,59.99,USD,US,True,False,False,False,False,False,False,1561.0,-40.2,-0.6701116852808802,2024-03-14,False,False,6.989293981481482,True
1174180,018d937f-3a3b-7210-bd2d-0d1dfb1d84c0,US,2024-04-11 17:18:10,23.99,59.99,60.0,USD,61,2019-12-05,59.99,USD,US,True,False,False,False,False,False,False,1589.0,-36.0,-0.600100016669445,2024-04-11,False,False,13.999340277777778,True
1174180,018d937f-3a3b-7210-bd2d-0d1dfb1d84c0,US,2024-05-27 17:22:05,23.99,59.99,60.0,USD,61,2019-12-05,59.99,USD,US,True,False,False,False,False,False,False,1635.0,-36.0,-0.600100016669445,2024-05-27,False,False,13.997928240740741,True
1174180,018d937f-3a3b-7210-bd2d-0d1dfb1d84c0,US,2024-06-27 18:21:40,19.79,59.99,67.0,USD,61,2019-12-05,59.99,USD,US,True,False,False,False,False,False,False,1666.0,-40.2,-0.6701116852808802,2024-06-27,False,False,13.981215277777778,True
1174180,018d937f-3a3b-7210-bd2d-0d1dfb1d84c0,US,2024-07-15 17:21:50,19.79,59.99,67.0,USD,61,2019-12-05,59.99,USD,US,True,False,False,False,False,False,False,1684.0,-40.2,-0.6701116852808802,2024-07-15,False,False,13.997523148148149,True
1174180,018d937f-3a3b-7210-bd2d-0d1dfb1d84c0,US,2024-08-29 17:18:47,23.99,59.99,60.0,USD,61,2019-12-05,59.99,USD,US,True,False,False,False,False,False,False,1729.0,-36.0,-0.600100016669445,2024-08-29,False,False,14.000011574074074,True
1174180,018d937f-3a3b-7210-bd2d-0d1dfb1d84c0,US,2024-11-27 20:40:54,19.79,59.99,67.0,USD,61,2019-12-05,59.99,USD,US,True,False,False,False,False,False,False,1819.0,-40.2,-0.6701116852808802,2024-11-27,False,False,6.9218981481481485,True
1174180,018d937f-3a3b-7210-bd2d-0d1dfb1d84c0,US,2024-12-05 18:17:05,19.79,59.99,67.0,USD,61,2019-12-05,59.99,USD,US,True,False,False,False,False,False,False,1827.0,-40.2,-0.6701116852808802,2024-12-05,False,False,28.021215277777777,True
1174180,018d937f-3a3b-7210-bd2d-0d1dfb1d84c0,US,2025-01-23 18:21:33,14.99,59.99,75.0,USD,61,2019-12-05,59.99,USD,US,True,False,False,False,False,False,False,1876.0,-45.0,-0.7501250208368061,2025-01-23,False,False,14.00013888888889,True
1174180,018d937f-3a3b-7210-bd2d-0d1dfb1d84c0,US,2025-03-13 19:05:57,14.99,59.99,75.0,USD,61,2019-12-05,59.99,USD,US,True,False,False,False,False,False,False,1925.0,-45.0,-0.7501250208368061,2025-03-13,False,False,6.947268518518518,True
1174180,018d937f-3a3b-7210-bd2d-0d1dfb1d84c0,US,2025-04-03 17:15:54,14.99,59.99,75.0,USD,61,2019-12-05,59.99,USD,US,True,False,False,False,False,False,False,1946.0,-45.0,-0.7501250208368061,2025-04-03,False,False,13.99974537037037,True
1174180,018d937f-3a3b-7210-bd2d-0d1dfb1d84c0,US,2025-05-19 17:42:18,14.99,59.99,75.0,USD,61,2019-12-05,59.99,USD,US,True,False,False,False,False,False,False,1992.0,-45.0,-0.7501250208368061,2025-05-19,False,False,14.053611111111111,True
1174180,018d937f-3a3b-7210-bd2d-0d1dfb1d84c0,US,2025-06-26 22:15:16,14.99,59.99,75.0,USD,61,2019-12-05,59.99,USD,US,True,False,False,False,False,False,False,2030.0,-45.0,-0.7501250208368061,2025-06-26,False,False,27.792418981481482,True
1174180,018d937f-3a3b-7210-bd2d-0d1dfb1d84c0,US,2025-08-25 17:27:39,14.99,59.99,75.0,USD,61,2019-12-05,59.99,USD,US,True,False,False,False,False,False,False,2090.0,-45.0,-0.7501250208368061,2025-08-25,False,False,13.996284722222223,True
1174180,018d937f-3a3b-7210-bd2d-0d1dfb1d84c0,US,2025-09-29 20:35:46,14.99,59.99,75.0,USD,61,2019-12-05,59.99,USD,US,True,False,False,False,False,False,False,2125.0,-45.0,-0.7501250208368061,2025-09-29,False,False,6.883229166666666,True
1174180,018d937f-3a3b-7210-bd2d-0d1dfb1d84c0,US,2025-10-08 17:16:03,14.99,59.99,75.0,USD,61,2019-12-05,59.99,USD,US,True,False,False,False,False,False,False,2134.0,-45.0,-0.7501250208368061,2025-10-08,False,False,12.008217592592592,True
1285190,01917100-2f57-70e4-8580-d881d5a099af,AR,2025-10-13 17:21:56,55.99,69.99,20.0,USD,61,2025-09-11,69.99,USD,AR,True,False,False,False,False,False,False,32.0,-13.999999999999993,-0.20002857551078712,2025-10-13,False,False,7.004282407407407,True
1285190,01917100-2f57-70e4-8580-d881d5a099af,AU,2025-10-13 17:18:56,87.96,109.95,20.0,AUD,61,2025-09-11,109.95,AUD,AU,True,False,False,False,False,False,False,32.0,-21.99000000000001,-0.20000000000000007,2025-10-13,False,False,7.002766203703704,True
1285190,01917100-2f57-70e4-8580-d881d5a099af,BR,2025-10-13 17:21:51,303.92,379.9,20.0,BRL,61,2025-09-11,379.9,BRL,BR,True,False,False,False,False,False,False,32.0,-75.97999999999996,-0.19999999999999996,2025-10-13,False,False,6.997766203703704,True
1285190,01917100-2f57-70e4-8580-d881d5a099af,CA,2025-10-13 17:18:52,71.99,89.99,20.0,CAD,61,2025-09-11,89.99,CAD,CA,True,False,False,False,False,False,False,32.0,-18.0,-0.20002222469163244,2025-10-13,False,False,6.999849537037037,True
1285190,01917100-2f57-70e4-8580-d881d5a099af,CN,2025-10-13 17:18:45,238.4,298.0,20.0,CNY,61,2025-09-11,298.0,CNY,CN,True,False,False,False,False,False,False,32.0,-59.599999999999994,-0.19999999999999996,2025-10-13,False,False,6.9998611111111115,True
1285190,01917100-2f57-70e4-8580-d881d5a099af,DE,2025-10-13 17:21:17,55.99,69.99,20.0,EUR,61,2025-09-11,69.99,EUR,DE,True,False,False,False,False,False,False,32.0,-13.999999999999993,-0.20002857551078712,2025-10-13,False,False,7.004560185185185,True
1285190,01917100-2f57-70e4-8580-d881d5a099af,FR,2025-10-13 17:21:17,55.99,69.99,20.0,EUR,61,2025-09-11,69.99,EUR,FR,True,False,False,False,False,False,False,32.0,-13.999999999999993,-0.20002857551078712,2025-10-13,False,False,7.004560185185185,True
1285190,01917100-2f57-70e4-8580-d881d5a099af,GB,2025-10-13 17:18:40,47.99,59.99,20.0,GBP,61,2025-09-11,59.99,GBP,GB,True,False,False,False,False,False,False,32.0,-12.0,-0.200033338889815,2025-10-13,False,False,7.006539351851852,True
1285190,01917100-2f57-70e4-8580-d881d5a099af,JP,2025-10-13 17:20:53,7568.0,9460.0,20.0,JPY,61,2025-09-11,9460.0,JPY,JP,True,False,False,False,False,False,False,32.0,-1892.0,-0.19999999999999996,2025-10-13,False,False,7.007395833333334,True
1285190,01917100-2f57-70e4-8580-d881d5a099af,PL,2025-10-13 17:21:17,234.93843137254905,293.6835294117647,20.0,PLN,61,2025-09-11,299.0,PLN,PL,True,True,True,False,False,False,False,32.0,-64.06156862745095,-0.21425273788445132,2025-10-13,True,True,7.004560185185185,True
1285190,01917100-2f57-70e4-8580-d881d5a099af,TR,2025-10-13 17:18:54,55.99,69.99,20.0,USD,61,2025-09-11,69.99,USD,TR,True,False,False,False,False,False,False,32.0,-13.999999999999993,-0.20002857551078712,2025-10-13,False,False,7.006412037037037,True
1285190,01917100-2f57-70e4-8580-d881d5a099af,US,2025-10-13 17:21:56,55.99,69.99,20.0,USD,61,2025-09-11,69.99,USD,US,True,False,False,False,False,False,False,32.0,-13.999999999999993,-0.20002857551078712,2025-10-13,False,False,7.004282407407407,True
1326470,018d937f-615e-70be-9403-5384464c6f1f,AR,2024-03-14 17:31:39,22.49,29.99,25.0,USD,61,2024-02-22,14.99,USD,AR,True,False,False,False,False,False,False,21.0,7.499999999999998,0.5003335557038024,2024-03-14,False,False,7.010081018518519,True
1326470,018d937f-615e-70be-9403-5384464c6f1f,AR,2024-05-27 17:16:02,20.99,29.99,30.0,USD,61,2024-02-22,14.99,USD,AR,True,False,False,False,False,False,False,95.0,5.999999999999998,0.40026684456304196,2024-05-27,False,False,7.000949074074074,True
1326470,018d937f-615e-70be-9403-5384464c6f1f,AR,2024-06-27 18:11:10,20.09,29.99,33.0,USD,61,2024-02-22,14.99,USD,AR,True,False,False,False,False,False,False,126.0,5.1,0.34022681787858566,2024-06-27,False,False,13.988634259259259,True
1326470,018d937f-615e-70be-9403-5384464c6f1f,AR,2024-10-28 17:27:47,16.49,29.99,45.0,USD,61,2024-02-22,14.99,USD,AR,True,False,False,False,False,False,False,249.0,1.4999999999999982,0.10006671114076049,2024-10-28,False,False,7.035300925925926,True
1326470,018d937f-615e-70be-9403-5384464c6f1f,AR,2024-11-27 21:11:37,16.49,29.99,45.0,USD,61,2024-02-22,14.99,USD,AR,True,False,False,False,False,False,False,279.0,1.4999999999999982,0.10006671114076049,2024-11-27,False,False,6.904629629629629,True
1326470,018d937f-615e-70be-9403-5384464c6f1f,AR,2024-12-19 21:28:36,14.99,29.99,50.0,USD,61,2024-02-22,14.99,USD,AR,True,False,False,False,False,False,False,301.0,0.0,0.0,2024-12-19,False,False,13.888252314814816,True
1326470,018d937f-615e-70be-9403-5384464c6f1f,AR,2025-03-13 18:14:16,14.99,29.99,50.0,USD,61,2024-02-22,14.99,USD,AR,True,False,False,False,False,False,False,385.0,0.0,0.0,2025-03-13,False,False,6.980925925925926,True
1326470,018d937f-615e-70be-9403-5384464c6f1f,AR,2025-04-03 17:15:55,11.99,29.99,60.0,USD,61,2024-02-22,14.99,USD,AR,True,False,False,False,False,False,False,406.0,-3.0,-0.20013342228152098,2025-04-03,False,False,7.002291666666666,True
1326470,018d937f-615e-70be-9403-5384464c6f1f,AR,2025-06-26 21:52:47,10.19,29.99,66.0,USD,61,2024-02-22,14.99,USD,AR,True,False,False,False,False,False,False,490.0,-4.800000000000001,-0.3202134756504337,2025-06-26,False,False,13.829618055555555,True
1326470,018d937f-615e-70be-9403-5384464c6f1f,AR,2025-09-29 17:31:40,9.89,29.99,67.0,USD,61,2024-02-22,14.99,USD,AR,True,False,False,False,False,False,False,585.0,-5.1,-0.34022681787858566,2025-09-29,False,False,7.015243055555556,True
1326470,018d937f-615e-70be-9403-5384464c6f1f,AR,2025-10-27 17:23:35,9.59,29.99,68.0,USD,61,2024-02-22,14.99,USD,AR,True,False,False,False,False,False,False,613.0,-5.4,-0.3602401601067379,2025-10-27,False,False,7.038865740740741,True
1326470,018d937f-615e-70be-9403-5384464c6f1f,AU,2024-03-14 17:34:30,32.96,43.95,25.0,AUD,61,2024-02-22,43.95,AUD,AU,True,False,False,False,False,False,False,21.0,-10.990000000000002,-0.25005688282138794,2024-03-14,False,False,7.007939814814815,True
1326470,018d937f-615e-70be-9403-5384464c6f1f,AU,2024-05-27 17:15:50,30.76,43.95,30.0,AUD,61,2024-02-22,43.95,AUD,AU,True,False,False,False,False,False,False,95.0,-13.190000000000001,-0.3001137656427759,2024-05-27,False,False,7.000972222222222,True
1326470,018d937f-615e-70be-9403-5384464c6f1f,AU,2024-06-27 18:10:24,29.44,43.95,33.0,AUD,61,2024-02-22,43.95,AUD,AU,True,False,False,False,False,False,False,126.0,-14.510000000000002,-0.3301478953356086,2024-06-27,False,False,13.988912037037037,True
1326470,018d937f-615e-70be-9403-5384464c6f1f,AU,2024-10-28 17:36:34,24.17,43.95,45.0,AUD,61,2024-02-22,43.95,AUD,AU,True,False,False,False,False,False,False,249.0,-19.78,-0.4500568828213879,2024-10-28,False,False,7.031377314814815,True
1326470,018d937f-615e-70be-9403-5384464c6f1f,AU,2024-11-27 21:44:22,24.17,43.95,45.0,AUD,61,2024-02-22,43.95,AUD,AU,True,False,False,False,False,False,False,279.0,-19.78,-0.4500568828213879,2024-11-27,False,False,6.8818981481481485,True
1326470,018d937f-615e-70be-9403-5384464c6f1f,AU,2024-12-19 20:36:36,21.97,43.95,50.0,AUD,61,2024-02-22,43.95,AUD,AU,True,False,False,False,False,False,False,301.0,-21.980000000000004,-0.5001137656427759,2024-12-19,False,False,13.924351851851851,True
1326470,018d937f-615e-70be-9403-5384464c6f1f,AU,2025-03-13 22:53:13,21.97,43.95,50.0,AUD,61,2024-02-22,43.95,AUD,AU,True,False,False,False,False,False,False,385.0,-21.980000000000004,-0.5001137656427759,2025-03-13,False,False,6.787268518518519,True
1326470,018d937f-615e-70be-9403-5384464c6f1f,AU,2025-04-03 17:19:16,17.58,43.95,60.0,AUD,61,2024-02-22,43.95,AUD,AU,True,False,False,False,False,False,False,406.0,-26.370000000000005,-0.6000000000000001,2025-04-03,False,False,7.000254629629629,True
1326470,018d937f-615e-70be-9403-5384464c6f1f,AU,2025-06-26 21:42:47,14.94,43.95,66.0,AUD,61,2024-02-22,43.95,AUD,AU,True,False,False,False,False,False,False,490.0,-29.010000000000005,-0.6600682593856655,2025-06-26,False,False,13.834166666666667,True
1326470,018d937f-615e-70be-9403-5384464c6f1f,AU,2025-09-29 17:29:41,14.5,43.95,67.0,AUD,61,2024-02-22,43.95,AUD,AU,True,False,False,False,False,False,False,585.0,-29.450000000000003,-0.6700796359499431,2025-09-29,False,False,7.0166203703703705,True
1326470,018d937f-615e-70be-9403-5384464c6f1f,AU,2025-10-27 17:23:24,14.06,43.95,68.0,AUD,61,2024-02-22,43.95,AUD,AU,True,False,False,False,False,False,False,613.0,-29.89,-0.6800910125142208,2025-10-27,False,False,7.039074074074074,True
1326470,018d937f-615e-70be-9403-5384464c6f1f,BR,2024-03-14 17:34:32,66.74,88.99,25.0,BRL,61,2024-02-22,88.99,BRL,BR,True,False,False,False,False,False,False,21.0,-22.25,-0.2500280930441623,2024-03-14,False,False,7.008113425925926,True
1326470,018d937f-615e-70be-9403-5384464c6f1f,BR,2024-05-27 17:15:38,62.29,88.99,30.0,BRL,61,2024-02-22,88.99,BRL,BR,True,False,False,False,False,False,False,95.0,-26.699999999999996,-0.30003371165299464,2024-05-27,False,False,7.000960648148149,True
1326470,018d937f-615e-70be-9403-5384464c6f1f,BR,2024-06-27 18:10:40,59.62,88.99,33.0,BRL,61,2024-02-22,88.99,BRL,BR,True,False,False,False,False,False,False,126.0,-29.369999999999997,-0.33003708281829414,2024-06-27,False,False,13.988726851851851,True
1326470,018d937f-615e-70be-9403-5384464c6f1f,BR,2024-10-28 17:38:40,48.94,88.99,45.0,BRL,61,2024-02-22,88.99,BRL,BR,True,False,False,False,False,False,False,249.0,-40.05,-0.4500505674794921,2024-10-28,False,False,7.032997685185185,True
1326470,018d937f-615e-70be-9403-5384464c6f1f,BR,2024-11-27 21:24:52,48.94,88.99,45.0,BRL,61,2024-02-22,88.99,BRL,BR,True,False,False,False,False,False,False,279.0,-40.05,-0.4500505674794921,2024-11-27,False,False,6.895428240740741,True
1326470,018d937f-615e-70be-9403-5384464c6f1f,BR,2024-12-19 23:02:25,44.49,88.99,50.0,BRL,61,2024-02-22,88.99,BRL,BR,True,False,False,False,False,False,False,301.0,-44.49999999999999,-0.5000561860883245,2024-12-19,False,False,13.826909722222222,True
1326470,018d937f-615e-70be-9403-5384464c6f1f,BR,2025-03-13 18:21:06,44.49,88.99,50.0,BRL,61,2024-02-22,88.99,BRL,BR,True,False,False,False,False,False,False,385.0,-44.49999999999999,-0.5000561860883245,2025-03-13,False,False,6.978449074074074,True
1326470,018d937f-615e-70be-9403-5384464c6f1f,BR,2025-04-03 17:18:46,35.59,88.99,60.0,BRL,61,2024-02-22,88.99,BRL,BR,True,False,False,False,False,False,False,406.0,-53.39999999999999,-0.6000674233059894,2025-04-03,False,False,7.000497685185185,True
1326470,018d937f-615e-70be-9403-5384464c6f1f,BR,2025-06-26 21:45:24,30.25,88.99,66.0,BRL,61,2024-02-22,88.99,BRL,BR,True,False,False,False,False,False,False,490.0,-58.739999999999995,-0.6600741656365884,2025-06-26,False,False,13.839027777777778,True
1326470,018d937f-615e-70be-9403-5384464c6f1f,BR,2025-10-01 12:23:14,29.36,88.99,67.0,BRL,61,2024-02-22,88.99,BRL,BR,True,False,False,False,False,False,False,587.0,-59.629999999999995,-0.6700752893583548,2025-10-01,False,False,5.229444444444445,True
1326470,018d937f-615e-70be-9403-5384464c6f1f,BR,2025-10-27 17:23:31,28.47,88.99,68.0,BRL,61,2024-02-22,88.99,BRL,BR,True,False,False,False,False,False,False,613.0,-60.519999999999996,-0.6800764130801213,2025-10-27,False,False,7.042650462962963,True
1326470,018d937f-615e-70be-9403-5384464c6f1f,CA,2024-03-14 17:34:18,29.24,38.99,25.0,CAD,61,2024-02-22,38.99,CAD,CA,True,False,False,False,False,False,False,21.0,-9.750000000000004,-0.25006411900487313,2024-03-14,False,False,7.008101851851852,True
1326470,018d937f-615e-70be-9403-5384464c6f1f,CA,2024-05-27 17:15:48,27.29,38.99,30.0,CAD,61,2024-02-22,38.99,CAD,CA,True,False,False,False,False,False,False,95.0,-11.700000000000003,-0.30007694280584774,2024-05-27,False,False,7.002916666666667,True
1326470,018d937f-615e-70be-9403-5384464c6f1f,CA,2024-06-27 18:13:44,26.12,38.99,33.0,CAD,61,2024-02-22,38.99,CAD,CA,True,False,False,False,False,False,False,126.0,-12.870000000000001,-0.33008463708643243,2024-06-27,False,False,13.986724537037038,True
1326470,018d937f-615e-70be-9403-5384464c6f1f,CA,2024-10-28 17:27:04,21.44,38.99,45.0,CAD,61,2024-02-22,38.99,CAD,CA,True,False,False,False,False,False,False,249.0,-17.55,-0.45011541420877144,2024-10-28,False,False,7.035810185185185,True
1326470,018d937f-615e-70be-9403-5384464c6f1f,CA,2024-11-27 21:11:39,21.44,38.99,45.0,CAD,61,2024-02-22,38.99,CAD,CA,True,False,False,False,False,False,False,279.0,-17.55,-0.45011541420877144,2024-11-27,False,False,6.904618055555556,True
1326470,018d937f-615e-70be-9403-5384464c6f1f,CA,2024-12-19 23:05:43,19.49,38.99,50.0,CAD,61,2024-02-22,38.99,CAD,CA,True,False,False,False,False,False,False,301.0,-19.500000000000004,-0.5001282380097462,2024-12-19,False,False,13.82474537037037,True
1326470,018d937f-615e-70be-9403-5384464c6f1f,CA,2025-03-13 18:20:43,19.49,38.99,50.0,CAD,61,2024-02-22,38.99,CAD,CA,True,False,False,False,False,False,False,385.0,-19.500000000000004,-0.5001282380097462,2025-03-13,False,False,6.9765625,True
1326470,018d937f-615e-70be-9403-5384464c6f1f,CA,2025-04-03 17:19:01,15.59,38.99,60.0,CAD,61,2024-02-22,38.99,CAD,CA,True,False,False,False,False,False,False,406.0,-23.400000000000002,-0.6001538856116952,2025-04-03,False,False,6.997997685185185,True
1326470,018d937f-615e-70be-9403-5384464c6f1f,CA,2025-06-26 21:41:38,13.25,38.99,66.0,CAD,61,2024-02-22,38.99,CAD,CA,True,False,False,False,False,False,False,490.0,-25.740000000000002,-0.6601692741728649,2025-06-26,False,False,13.841724537037036,True
1326470,018d937f-615e-70be-9403-5384464c6f1f,CA,2025-09-29 17:31:41,12.86,38.99,67.0,CAD,61,2024-02-22,38.99,CAD,CA,True,False,False,False,False,False,False,585.0,-26.130000000000003,-0.6701718389330598,2025-09-29,False,False,7.015266203703704,True
1326470,018d937f-615e-70be-9403-5384464c6f1f,CA,2025-10-27 17:23:19,12.47,38.99,68.0,CAD,61,2024-02-22,38.99,CAD,CA,True,False,False,False,False,False,False,613.0,-26.520000000000003,-0.6801744036932547,2025-10-27,False,False,7.042777777777777,True
1326470,018d937f-615e-70be-9403-5384464c6f1f,CN,2024-03-14 17:34:31,81.0,108.0,25.0,CNY,61,2024-02-22,108.0,CNY,CN,True,False,False,False,False,False,False,21.0,-27.0,-0.25,2024-03-14,False,False,7.008078703703704,True
1326470,018d937f-615e-70be-9403-5384464c6f1f,CN,2024-05-27 17:15:48,75.6,108.0,30.0,CNY,61,2024-02-22,108.0,CNY,CN,True,False,False,False,False,False,False,95.0,-32.400000000000006,-0.30000000000000004,2024-05-27,False,False,7.000960648148149,True
1326470,018d937f-615e-70be-9403-5384464c6f1f,CN,2024-06-27 18:09:57,72.36,108.0,33.0,CNY,61,2024-02-22,108.0,CNY,CN,True,False,False,False,False,False,False,126.0,-35.64,-0.32999999999999996,2024-06-27,False,False,13.989212962962963,True
1326470,018d937f-615e-70be-9403-5384464c6f1f,CN,2024-10-28 17:26:18,59.4,108.0,45.0,CNY,61,2024-02-22,108.0,CNY,CN,True,False,False,False,False,False,False,249.0,-48.6,-0.45000000000000007,2024-10-28,False,False,7.03849537037037,True
1326470,018d937f-615e-70be-9403-5384464c6f1f,CN,2024-11-27 21:11:33,59.4,108.0,45.0,CNY,61,2024-02-22,108.0,CNY,CN,True,False,False,False,False,False,False,279.0,-48.6,-0.45000000000000007,2024-11-27,False,False,6.9046412037037035,True
1326470,018d937f-615e-70be-9403-5384464c6f1f,CN,2024-12-19 21:28:00,54.0,108.0,50.0,CNY,61,2024-02-22,108.0,CNY,CN,True,False,False,False,False,False,False,301.0,-54.0,-0.5,2024-12-19,False,False,13.890601851851851,True
1326470,018d937f-615e-70be-9403-5384464c6f1f,CN,2025-03-13 18:56:33,54.0,108.0,50.0,CNY,61,2024-02-22,108.0,CNY,CN,True,False,False,False,False,False,False,385.0,-54.0,-0.5,2025-03-13,False,False,6.951655092592593,True
1326470,018d937f-615e-70be-9403-5384464c6f1f,CN,2025-04-03 17:19:00,43.2,108.0,60.0,CNY,61,2024-02-22,108.0,CNY,CN,True,False,False,False,False,False,False,406.0,-64.8,-0.6,2025-04-03,False,False,6.9978240740740745,True
1326470,018d937f-615e-70be-9403-5384464c6f1f,CN,2025-06-26 21:47:05,36.72,108.0,66.0,CNY,61,2024-02-22,108.0,CNY,CN,True,False,False,False,False,False,False,490.0,-71.28,-0.66,2025-06-26,False,False,13.824537037037038,True
1326470,018d937f-615e-70be-9403-5384464c6f1f,CN,2025-09-29 17:29:43,35.64,108.0,67.0,CNY,61,2024-02-22,108.0,CNY,CN,True,False,False,False,False,False,False,585.0,-72.36,-0.6699999999999999,2025-09-29,False,False,7.016550925925926,True
1326470,018d937f-615e-70be-9403-5384464c6f1f,CN,2025-10-27 17:27:23,34.56,108.0,68.0,CNY,61,2024-02-22,108.0,CNY,CN,True,False,False,False,False,False,False,613.0,-73.44,-0.6799999999999999,2025-10-27,False,False,7.039918981481481,True
1326470,018d937f-615e-70be-9403-5384464c6f1f,DE,2024-03-14 17:34:47,21.74,28.99,25.0,EUR,61,2024-02-22,28.99,EUR,DE,True,False,False,False,False,False,False,21.0,-7.25,-0.25008623663332186,2024-03-14,False,False,7.009837962962963,True
1326470,018d937f-615e-70be-9403-5384464c6f1f,DE,2024-05-27 17:21:38,20.29,28.99,30.0,EUR,61,2024-02-22,28.99,EUR,DE,True,False,False,False,False,False,False,95.0,-8.7,-0.3001034839599862,2024-05-27,False,False,6.998819444444444,True
1326470,018d937f-615e-70be-9403-5384464c6f1f,DE,2024-06-27 18:10:36,19.42,28.99,33.0,EUR,61,2024-02-22,28.99,EUR,DE,True,False,False,False,False,False,False,126.0,-9.569999999999997,-0.3301138323559847,2024-06-27,False,False,13.989155092592593,True
1326470,018d937f-615e-70be-9403-5384464c6f1f,DE,2024-10-28 17:37:36,15.94,28.99,45.0,EUR,61,2024-02-22,28.99,EUR,DE,True,False,False,False,False,False,False,249.0,-13.049999999999999,-0.45015522593997925,2024-10-28,False,False,7.032037037037037,True
1326470,018d937f-615e-70be-9403-5384464c6f1f,DE,2024-11-27 21:11:38,15.94,28.99,45.0,EUR,61,2024-02-22,28.99,EUR,DE,True,False,False,False,False,False,False,279.0,-13.049999999999999,-0.45015522593997925,2024-11-27,False,False,6.904629629629629,True
1326470,018d937f-615e-70be-9403-5384464c6f1f,DE,2024-12-19 23:02:46,14.49,28.99,50.0,EUR,61,2024-02-22,28.99,EUR,DE,True,False,False,False,False,False,False,301.0,-14.499999999999998,-0.5001724732666437,2024-12-19,False,False,13.82699074074074,True
1326470,018d937f-615e-70be-9403-5384464c6f1f,DE,2025-03-13 18:03:22,14.49,28.99,50.0,EUR,61,2024-02-22,28.99,EUR,DE,True,False,False,False,False,False,False,385.0,-14.499999999999998,-0.5001724732666437,2025-03-13,False,False,6.986446759259259,True
1326470,018d937f-615e-70be-9403-5384464c6f1f,DE,2025-04-03 17:15:57,11.59,28.99,60.0,EUR,61,2024-02-22,28.99,EUR,DE,True,False,False,False,False,False,False,406.0,-17.4,-0.6002069679199724,2025-04-03,False,False,6.999953703703704,True
1326470,018d937f-615e-70be-9403-5384464c6f1f,DE,2025-06-26 21:45:59,9.85,28.99,66.0,EUR,61,2024-02-22,28.99,EUR,DE,True,False,False,False,False,False,False,490.0,-19.14,-0.6602276647119696,2025-06-26,False,False,13.838726851851852,True
1326470,018d937f-615e-70be-9403-5384464c6f1f,DE,2025-09-29 17:29:37,9.56,28.99,67.0,EUR,61,2024-02-22,28.99,EUR,DE,True,False,False,False,False,False,False,585.0,-19.43,-0.6702311141773025,2025-09-29,False,False,7.0167013888888885,True
1326470,018d937f-615e-70be-9403-5384464c6f1f,DE,2025-10-27 17:27:29,9.27,28.99,68.0,EUR,61,2024-02-22,28.99,EUR,DE,True,False,False,False,False,False,False,613.0,-19.72,-0.6802345636426355,2025-10-27,False,False,7.036157407407408,True
1326470,018d937f-615e-70be-9403-5384464c6f1f,FR,2024-03-14 17:34:47,21.74,28.99,25.0,EUR,61,2024-02-22,28.99,EUR,FR,True,False,False,False,False,False,False,21.0,-7.25,-0.25008623663332186,2024-03-14,False,False,7.009837962962963,True
1326470,018d937f-615e-70be-9403-5384464c6f1f,FR,2024-05-27 17:21:38,20.29,28.99,30.0,EUR,61,2024-02-22,28.99,EUR,FR,True,False,False,False,False,False,False,95.0,-8.7,-0.3001034839599862,2024-05-27,False,False,6.998819444444444,True
1326470,018d937f-615e-70be-9403-5384464c6f1f,FR,2024-06-27 18:10:36,19.42,28.99,33.0,EUR,61,2024-02-22,28.99,EUR,FR,True,False,False,False,False,False,False,126.0,-9.569999999999997,-0.3301138323559847,2024-06-27,False,False,13.989155092592593,True
1326470,018d937f-615e-70be-9403-5384464c6f1f,FR,2024-10-28 17:37:36,15.94,28.99,45.0,EUR,61,2024-02-22,28.99,EUR,FR,True,False,False,False,False,False,False,249.0,-13.049999999999999,-0.45015522593997925,2024-10-28,False,False,7.032037037037037,True
1326470,018d937f-615e-70be-9403-5384464c6f1f,FR,2024-11-27 21:11:38,15.94,28.99,45.0,EUR,61,2024-02-22,28.99,EUR,FR,True,False,False,False,False,False,False,279.0,-13.049999999999999,-0.45015522593997925,2024-11-27,False,False,6.904629629629629,True
1326470,018d937f-615e-70be-9403-5384464c6f1f,FR,2024-12-19 23:02:46,14.49,28.99,50.0,EUR,61,2024-02-22,28.99,EUR,FR,True,False,False,False,False,False,False,301.0,-14.499999999999998,-0.5001724732666437,2024-12-19,False,False,13.82699074074074,True
1326470,018d937f-615e-70be-9403-5384464c6f1f,FR,2025-03-13 18:03:22,14.49,28.99,50.0,EUR,61,2024-02-22,28.99,EUR,FR,True,False,False,False,False,False,False,385.0,-14.499999999999998,-0.5001724732666437,2025-03-13,False,False,6.986446759259259,True
1326470,018d937f-615e-70be-9403-5384464c6f1f,FR,2025-04-03 17:15:57,11.59,28.99,60.0,EUR,61,2024-02-22,28.99,EUR,FR,True,False,False,False,False,False,False,406.0,-17.4,-0.6002069679199724,2025-04-03,False,False,6.999953703703704,True
1326470,018d937f-615e-70be-9403-5384464c6f1f,FR,2025-06-26 21:45:59,9.85,28.99,66.0,EUR,61,2024-02-22,28.99,EUR,FR,True,False,False,False,False,False,False,490.0,-19.14,-0.6602276647119696,2025-06-26,False,False,13.838726851851852,True
1326470,018d937f-615e-70be-9403-5384464c6f1f,FR,2025-09-29 17:29:37,9.56,28.99,67.0,EUR,61,2024-02-22,28.99,EUR,FR,True,False,False,False,False,False,False,585.0,-19.43,-0.6702311141773025,2025-09-29,False,False,7.0167013888888885,True
1326470,018d937f-615e-70be-9403-5384464c6f1f,FR,2025-10-27 17:27:29,9.27,28.99,68.0,EUR,61,2024-02-22,28.99,EUR,FR,True,False,False,False,False,False,False,613.0,-19.72,-0.6802345636426355,2025-10-27,False,False,7.036157407407408,True
1326470,018d937f-615e-70be-9403-5384464c6f1f,GB,2024-03-14 17:31:32,18.74,24.99,25.0,GBP,61,2024-02-22,24.99,GBP,GB,True,False,False,False,False,False,False,21.0,-6.25,-0.2501000400160064,2024-03-14,False,False,7.010185185185185,True
1326470,018d937f-615e-70be-9403-5384464c6f1f,GB,2024-05-27 17:19:39,17.49,24.99,30.0,GBP,61,2024-02-22,24.99,GBP,GB,True,False,False,False,False,False,False,95.0,-7.5,-0.30012004801920766,2024-05-27,False,False,6.998171296296296,True
1326470,018d937f-615e-70be-9403-5384464c6f1f,GB,2024-06-27 18:11:23,16.74,24.99,33.0,GBP,61,2024-02-22,24.99,GBP,GB,True,False,False,False,False,False,False,126.0,-8.25,-0.33013205282112845,2024-06-27,False,False,13.98826388888889,True
1326470,018d937f-615e-70be-9403-5384464c6f1f,GB,2024-10-28 17:37:27,13.74,24.99,45.0,GBP,61,2024-02-22,24.99,GBP,GB,True,False,False,False,False,False,False,249.0,-11.249999999999998,-0.4501800720288115,2024-10-28,False,False,7.030798611111111,True
1326470,018d937f-615e-70be-9403-5384464c6f1f,GB,2024-11-27 21:11:40,13.74,24.99,45.0,GBP,61,2024-02-22,24.99,GBP,GB,True,False,False,False,False,False,False,279.0,-11.249999999999998,-0.4501800720288115,2024-11-27,False,False,6.904606481481482,True
1326470,018d937f-615e-70be-9403-5384464c6f1f,GB,2024-12-19 23:02:54,12.49,24.99,50.0,GBP,61,2024-02-22,24.99,GBP,GB,True,False,False,False,False,False,False,301.0,-12.499999999999998,-0.5002000800320128,2024-12-19,False,False,13.826863425925925,True
1326470,018d937f-615e-70be-9403-5384464c6f1f,GB,2025-03-13 18:11:19,12.49,24.99,50.0,GBP,61,2024-02-22,24.99,GBP,GB,True,False,False,False,False,False,False,385.0,-12.499999999999998,-0.5002000800320128,2025-03-13,False,False,6.980787037037037,True
1326470,018d937f-615e-70be-9403-5384464c6f1f,GB,2025-04-03 17:19:21,9.99,24.99,60.0,GBP,61,2024-02-22,24.99,GBP,GB,True,False,False,False,False,False,False,406.0,-14.999999999999998,-0.6002400960384153,2025-04-03,False,False,6.999675925925926,True
1326470,018d937f-615e-70be-9403-5384464c6f1f,GB,2025-06-26 21:43:47,8.49,24.99,66.0,GBP,61,2024-02-22,24.99,GBP,GB,True,False,False,False,False,False,False,490.0,-16.5,-0.6602641056422569,2025-06-26,False,False,13.831585648148149,True
1326470,018d937f-615e-70be-9403-5384464c6f1f,GB,2025-09-29 17:29:37,8.24,24.99,67.0,GBP,61,2024-02-22,24.99,GBP,GB,True,False,False,False,False,False,False,585.0,-16.75,-0.6702681072428971,2025-09-29,False,False,7.016817129629629,True
1326470,018d937f-615e-70be-9403-5384464c6f1f,GB,2025-10-27 17:23:32,7.99,24.99,68.0,GBP,61,2024-02-22,24.99,GBP,GB,True,False,False,False,False,False,False,613.0,-17.0,-0.6802721088435374,2025-10-27,False,False,7.038796296296296,True
1326470,018d937f-615e-70be-9403-5384464c6f1f,JP,2024-12-07 16:48:21,3400.0,3400.0,0.0,JPY,61,2024-02-22,3400.0,JPY,JP,False,False,False,False,False,False,False,289.0,0.0,0.0,2024-12-07,False,False,,False
1326470,018d937f-615e-70be-9403-5384464c6f1f,JP,2024-12-19 21:35:21,1700.0,3400.0,50.0,JPY,61,2024-02-22,3400.0,JPY,JP,True,False,False,False,False,False,False,301.0,-1700.0,-0.5,2024-12-19,False,False,13.889293981481481,True
1326470,018d937f-615e-70be-9403-5384464c6f1f,JP,2025-03-13 19:22:48,1700.0,3400.0,50.0,JPY,61,2024-02-22,3400.0,JPY,JP,True,False,False,False,False,False,False,385.0,-1700.0,-0.5,2025-03-13,False,False,6.94087962962963,True
1326470,018d937f-615e-70be-9403-5384464c6f1f,JP,2025-04-03 17:20:14,1360.0,3400.0,60.0,JPY,61,2024-02-22,3400.0,JPY,JP,True,False,False,False,False,False,False,406.0,-2040.0,-0.6,2025-04-03,False,False,6.999895833333333,True
1326470,018d937f-615e-70be-9403-5384464c6f1f,JP,2025-06-26 22:21:51,1156.0,3400.0,66.0,JPY,61,2024-02-22,3400.0,JPY,JP,True,False,False,False,False,False,False,490.0,-2244.0,-0.6599999999999999,2025-06-26,False,False,13.819351851851852,True
1326470,018d937f-615e-70be-9403-5384464c6f1f,JP,2025-09-29 17:36:28,1122.0,3400.0,67.0,JPY,61,2024-02-22,3400.0,JPY,JP,True,False,False,False,False,False,False,585.0,-2278.0,-0.6699999999999999,2025-09-29,False,False,7.019398148148148,True
1326470,018d937f-615e-70be-9403-5384464c6f1f,JP,2025-10-27 17:29:49,1088.0,3400.0,68.0,JPY,61,2024-02-22,3400.0,JPY,JP,True,False,False,False,False,False,False,613.0,-2312.0,-0.6799999999999999,2025-10-27,False,False,7.039780092592593,True
1326470,018d937f-615e-70be-9403-5384464c6f1f,PL,2024-03-14 17:34:47,95.656,127.556,25.0,PLN,61,2024-02-22,138.99,PLN,PL,True,True,True,False,False,False,False,21.0,-43.334,-0.31177782574285917,2024-03-14,True,True,7.009837962962963,True
1326470,018d937f-615e-70be-9403-5384464c6f1f,PL,2024-05-27 17:21:38,89.27600000000001,127.556,30.0,PLN,61,2024-02-22,138.99,PLN,PL,True,False,False,False,False,False,False,95.0,-49.714,-0.3576804086624936,2024-05-27,True,True,6.998819444444444,True
1326470,018d937f-615e-70be-9403-5384464c6f1f,PL,2024-06-27 18:10:36,80.66769230769232,120.42,33.0,PLN,61,2024-02-22,138.99,PLN,PL,True,False,False,False,False,False,False,126.0,-58.32230769230769,-0.41961513556592334,2024-06-27,True,True,13.989155092592593,True
1326470,018d937f-615e-70be-9403-5384464c6f1f,PL,2024-10-28 17:37:36,66.21230769230769,120.42,45.0,PLN,61,2024-02-22,138.99,PLN,PL,True,False,False,False,False,False,False,249.0,-72.77769230769232,-0.5236181905726478,2024-10-28,True,True,7.032037037037037,True
1326470,018d937f-615e-70be-9403-5384464c6f1f,PL,2024-11-27 21:11:38,66.21230769230769,120.42,45.0,PLN,61,2024-02-22,138.99,PLN,PL,True,False,False,False,False,False,False,279.0,-72.77769230769232,-0.5236181905726478,2024-11-27,True,True,6.904629629629629,True
1326470,018d937f-615e-70be-9403-5384464c6f1f,PL,2024-12-19 23:02:46,60.189230769230775,120.42,50.0,PLN,61,2024-02-22,138.99,PLN,PL,True,False,False,False,False,False,False,301.0,-78.80076923076923,-0.5669527968254495,2024-12-19,True,True,13.82699074074074,True
1326470,018d937f-615e-70be-9403-5384464c6f1f,PL,2025-03-13 18:03:22,60.189230769230775,120.42,50.0,PLN,61,2024-02-22,138.99,PLN,PL,True,False,False,False,False,False,False,385.0,-78.80076923076923,-0.5669527968254495,2025-03-13,True,True,6.986446759259259,True
1326470,018d937f-615e-70be-9403-5384464c6f1f,PL,2025-04-03 17:15:57,48.143076923076926,120.42,60.0,PLN,61,2024-02-22,138.99,PLN,PL,True,False,False,False,False,False,False,406.0,-90.84692307692308,-0.6536220093310532,2025-04-03,True,True,6.999953703703704,True
1326470,018d937f-615e-70be-9403-5384464c6f1f,PL,2025-06-26 21:45:59,41.331372549019605,121.64431372549019,66.0,PLN,61,2024-02-22,138.99,PLN,PL,True,False,False,False,False,False,False,490.0,-97.6586274509804,-0.702630602568389,2025-06-26,True,True,13.838726851851852,True
1326470,018d937f-615e-70be-9403-5384464c6f1f,PL,2025-09-29 17:29:37,40.11450980392157,121.64431372549019,67.0,PLN,61,2024-02-22,138.99,PLN,PL,True,False,False,False,False,False,False,585.0,-98.87549019607843,-0.7113856406653603,2025-09-29,True,True,7.0167013888888885,True
1326470,018d937f-615e-70be-9403-5384464c6f1f,PL,2025-10-27 17:27:29,38.89764705882353,121.64431372549019,68.0,PLN,61,2024-02-22,138.99,PLN,PL,True,False,False,False,False,False,False,613.0,-100.09235294117647,-0.7201406787623317,2025-10-27,True,True,7.036157407407408,True
1326470,018d937f-615e-70be-9403-5384464c6f1f,TR,2024-03-14 17:34:31,11.24,14.99,25.0,USD,61,2024-02-22,14.99,USD,TR,True,False,False,False,False,False,False,21.0,-3.75,-0.2501667778519012,2024-03-14,False,False,7.008078703703704,True
1326470,018d937f-615e-70be-9403-5384464c6f1f,TR,2024-05-27 17:19:38,10.49,14.99,30.0,USD,61,2024-02-22,14.99,USD,TR,True,False,False,False,False,False,False,95.0,-4.5,-0.30020013342228147,2024-05-27,False,False,6.99832175925926,True
1326470,018d937f-615e-70be-9403-5384464c6f1f,TR,2024-06-27 18:09:31,10.04,14.99,33.0,USD,61,2024-02-22,14.99,USD,TR,True,False,False,False,False,False,False,126.0,-4.950000000000001,-0.3302201467645097,2024-06-27,False,False,13.989664351851852,True
1326470,018d937f-615e-70be-9403-5384464c6f1f,TR,2024-10-28 17:36:49,8.24,14.99,45.0,USD,61,2024-02-22,14.99,USD,TR,True,False,False,False,False,False,False,249.0,-6.75,-0.4503002001334223,2024-10-28,False,False,7.0325347222222225,True
1326470,018d937f-615e-70be-9403-5384464c6f1f,TR,2024-11-27 21:44:09,8.24,14.99,45.0,USD,61,2024-02-22,14.99,USD,TR,True,False,False,False,False,False,False,279.0,-6.75,-0.4503002001334223,2024-11-27,False,False,6.882048611111111,True
1326470,018d937f-615e-70be-9403-5384464c6f1f,TR,2024-12-19 19:43:15,7.49,14.99,50.0,USD,61,2024-02-22,14.99,USD,TR,True,False,False,False,False,False,False,301.0,-7.5,-0.5003335557038024,2024-12-19,False,False,13.96542824074074,True
1326470,018d937f-615e-70be-9403-5384464c6f1f,TR,2025-03-13 19:00:42,7.49,14.99,50.0,USD,61,2024-02-22,14.99,USD,TR,True,False,False,False,False,False,False,385.0,-7.5,-0.5003335557038024,2025-03-13,False,False,6.946724537037037,True
1326470,018d937f-615e-70be-9403-5384464c6f1f,TR,2025-04-03 17:19:07,5.99,14.99,60.0,USD,61,2024-02-22,14.99,USD,TR,True,False,False,False,False,False,False,406.0,-9.0,-0.600400266844563,2025-04-03,False,False,6.99775462962963,True
1326470,018d937f-615e-70be-9403-5384464c6f1f,TR,2025-06-26 22:05:37,5.09,14.99,66.0,USD,61,2024-02-22,14.99,USD,TR,True,False,False,False,False,False,False,490.0,-9.9,-0.6604402935290193,2025-06-26,False,False,13.818287037037036,True
1326470,018d937f-615e-70be-9403-5384464c6f1f,TR,2025-09-29 17:29:42,4.94,14.99,67.0,USD,61,2024-02-22,14.99,USD,TR,True,False,False,False,False,False,False,585.0,-10.05,-0.6704469646430954,2025-09-29,False,False,7.016608796296296,True
1326470,018d937f-615e-70be-9403-5384464c6f1f,TR,2025-10-27 17:23:18,4.79,14.99,68.0,USD,61,2024-02-22,14.99,USD,TR,True,False,False,False,False,False,False,613.0,-10.2,-0.6804536357571714,2025-10-27,False,False,7.0390393518518515,True
1326470,018d937f-615e-70be-9403-5384464c6f1f,US,2024-03-14 17:31:39,22.49,29.99,25.0,USD,61,2024-02-22,29.99,USD,US,True,False,False,False,False,False,False,21.0,-7.5,-0.25008336112037344,2024-03-14,False,False,7.010081018518519,True
1326470,018d937f-615e-70be-9403-5384464c6f1f,US,2024-05-27 17:16:02,20.99,29.99,30.0,USD,61,2024-02-22,29.99,USD,US,True,False,False,False,False,False,False,95.0,-9.0,-0.3001000333444481,2024-05-27,False,False,7.000949074074074,True
1326470,018d937f-615e-70be-9403-5384464c6f1f,US,2024-06-27 18:11:10,20.09,29.99,33.0,USD,61,2024-02-22,29.99,USD,US,True,False,False,False,False,False,False,126.0,-9.899999999999999,-0.33011003667889294,2024-06-27,False,False,13.988634259259259,True
1326470,018d937f-615e-70be-9403-5384464c6f1f,US,2024-10-28 17:27:47,16.49,29.99,45.0,USD,61,2024-02-22,29.99,USD,US,True,False,False,False,False,False,False,249.0,-13.5,-0.4501500500166723,2024-10-28,False,False,7.035300925925926,True
1326470,018d937f-615e-70be-9403-5384464c6f1f,US,2024-11-27 21:11:37,16.49,29.99,45.0,USD,61,2024-02-22,29.99,USD,US,True,False,False,False,False,False,False,279.0,-13.5,-0.4501500500166723,2024-11-27,False,False,6.904629629629629,True
1326470,018d937f-615e-70be-9403-5384464c6f1f,US,2024-12-19 21:28:36,14.99,29.99,50.0,USD,61,2024-02-22,29.99,USD,US,True,False,False,False,False,False,False,301.0,-14.999999999999998,-0.5001667222407469,2024-12-19,False,False,13.888252314814816,True
1326470,018d937f-615e-70be-9403-5384464c6f1f,US,2025-03-13 18:14:16,14.99,29.99,50.0,USD,61,2024-02-22,29.99,USD,US,True,False,False,False,False,False,False,385.0,-14.999999999999998,-0.5001667222407469,2025-03-13,False,False,6.980925925925926,True
1326470,018d937f-615e-70be-9403-5384464c6f1f,US,2025-04-03 17:15:55,11.99,29.99,60.0,USD,61,2024-02-22,29.99,USD,US,True,False,False,False,False,False,False,406.0,-18.0,-0.6002000666888962,2025-04-03,False,False,7.002291666666666,True
1326470,018d937f-615e-70be-9403-5384464c6f1f,US,2025-06-26 21:52:47,10.19,29.99,66.0,USD,61,2024-02-22,29.99,USD,US,True,False,False,False,False,False,False,490.0,-19.799999999999997,-0.6602200733577859,2025-06-26,False,False,13.829618055555555,True
1326470,018d937f-615e-70be-9403-5384464c6f1f,US,2025-09-29 17:31:40,9.89,29.99,67.0,USD,61,2024-02-22,29.99,USD,US,True,False,False,False,False,False,False,585.0,-20.099999999999998,-0.6702234078026008,2025-09-29,False,False,7.015243055555556,True
1326470,018d937f-615e-70be-9403-5384464c6f1f,US,2025-10-27 17:23:35,9.59,29.99,68.0,USD,61,2024-02-22,29.99,USD,US,True,False,False,False,False,False,False,613.0,-20.4,-0.6802267422474157,2025-10-27,False,False,7.038865740740741,True
1669000,018d937f-6b7e-7213-992d-536da3e39f0a,AR,2023-08-28 17:19:49,39.99,49.99,20.0,USD,61,2023-05-02,29.99,USD,AR,True,False,False,False,False,False,False,118.0,10.000000000000004,0.3334444814938313,2023-08-28,False,False,7.010300925925926,True
1669000,018d937f-6b7e-7213-992d-536da3e39f0a,AR,2023-11-06 18:28:53,34.99,49.99,30.0,USD,61,2023-05-02,29.99,USD,AR,True,False,False,False,False,False,False,188.0,5.0000000000000036,0.16672224074691577,2023-11-06,False,False,7.0060416666666665,True
1669000,018d937f-6b7e-7213-992d-536da3e39f0a,AR,2023-11-21 23:18:43,34.99,49.99,30.0,USD,61,2023-05-02,29.99,USD,AR,True,False,False,False,False,False,False,203.0,5.0000000000000036,0.16672224074691577,2023-11-21,False,False,6.895775462962963,True
1669000,018d937f-6b7e-7213-992d-536da3e39f0a,AR,2023-12-21 21:19:35,34.99,49.99,30.0,USD,61,2023-05-02,29.99,USD,AR,True,False,False,False,False,False,False,233.0,5.0000000000000036,0.16672224074691577,2023-12-21,False,False,13.977777777777778,True
1669000,018d937f-6b7e-7213-992d-536da3e39f0a,AR,2024-02-26 18:19:04,34.99,49.99,30.0,USD,61,2023-05-02,29.99,USD,AR,True,False,False,False,False,False,False,300.0,5.0000000000000036,0.16672224074691577,2024-02-26,False,False,7.002766203703704,True
1669000,018d937f-6b7e-7213-992d-536da3e39f0a,AR,2024-03-14 17:50:02,34.99,49.99,30.0,USD,61,2023-05-02,29.99,USD,AR,True,False,False,False,False,False,False,317.0,5.0000000000000036,0.16672224074691577,2024-03-14,False,False,6.992997685185185,True
1669000,018d937f-6b7e-7213-992d-536da3e39f0a,AR,2024-05-09 17:18:33,34.99,49.99,30.0,USD,61,2023-05-02,29.99,USD,AR,True,False,False,False,False,False,False,373.0,5.0000000000000036,0.16672224074691577,2024-05-09,False,False,7.9998148148148145,True
1669000,018d937f-6b7e-7213-992d-536da3e39f0a,AR,2024-06-17 17:17:05,34.99,49.99,30.0,USD,61,2023-05-02,29.99,USD,AR,True,False,False,False,False,False,False,412.0,5.0000000000000036,0.16672224074691577,2024-06-17,False,False,6.99943287037037,True
1669000,018d937f-6b7e-7213-992d-536da3e39f0a,AR,2024-06-27 18:43:47,34.99,49.99,30.0,USD,61,2023-05-02,29.99,USD,AR,True,False,False,False,False,False,False,422.0,5.0000000000000036,0.16672224074691577,2024-06-27,False,False,13.975914351851852,True
1669000,018d937f-6b7e-7213-992d-536da3e39f0a,AR,2024-09-30 17:20:33,32.49,49.99,35.0,USD,61,2023-05-02,29.99,USD,AR,True,False,False,False,False,False,False,517.0,2.5000000000000036,0.08336112037345789,2024-09-30,False,False,7.005497685185185,True
1669000,018d937f-6b7e-7213-992d-536da3e39f0a,AR,2024-11-07 18:15:32,32.49,49.99,35.0,USD,61,2023-05-02,29.99,USD,AR,True,False,False,False,False,False,False,555.0,2.5000000000000036,0.08336112037345789,2024-11-07,False,False,7.000127314814815,True
1669000,018d937f-6b7e-7213-992d-536da3e39f0a,AR,2024-11-27 21:11:27,32.49,49.99,35.0,USD,61,2023-05-02,29.99,USD,AR,True,False,False,False,False,False,False,575.0,2.5000000000000036,0.08336112037345789,2024-11-27,False,False,6.91275462962963,True
1669000,018d937f-6b7e-7213-992d-536da3e39f0a,AR,2024-12-19 23:14:20,32.49,49.99,35.0,USD,61,2023-05-02,29.99,USD,AR,True,False,False,False,False,False,False,597.0,2.5000000000000036,0.08336112037345789,2024-12-19,False,False,13.816840277777779,True
1669000,018d937f-6b7e-7213-992d-536da3e39f0a,AR,2025-02-10 18:42:52,31.99,49.99,36.0,USD,61,2023-05-02,29.99,USD,AR,True,False,False,False,False,False,False,650.0,2.0,0.06668889629876618,2025-02-10,False,False,6.991226851851851,True
1669000,018d937f-6b7e-7213-992d-536da3e39f0a,AR,2025-03-13 19:23:57,32.49,49.99,35.0,USD,61,2023-05-02,29.99,USD,AR,True,False,False,False,False,False,False,681.0,2.5000000000000036,0.08336112037345789,2025-03-13,False,False,6.9369097222222225,True
1669000,018d937f-6b7e-7213-992d-536da3e39f0a,AR,2025-04-01 17:18:46,32.49,49.99,35.0,USD,61,2023-05-02,29.99,USD,AR,True,False,False,False,False,False,False,700.0,2.5000000000000036,0.08336112037345789,2025-04-01,False,False,6.9979050925925925,True
1669000,018d937f-6b7e-7213-992d-536da3e39f0a,AR,2025-05-08 17:20:07,29.99,49.99,40.0,USD,61,2023-05-02,29.99,USD,AR,True,False,False,False,False,False,False,737.0,0.0,0.0,2025-05-08,False,False,6.997222222222222,True
1669000,018d937f-6b7e-7213-992d-536da3e39f0a,AR,2025-06-26 21:53:03,29.99,49.99,40.0,USD,61,2023-05-02,29.99,USD,AR,True,False,False,False,False,False,False,786.0,0.0,0.0,2025-06-26,False,False,13.837719907407408,True
1669000,018d937f-6b7e-7213-992d-536da3e39f0a,AR,2025-08-04 17:22:54,29.99,49.99,40.0,USD,61,2023-05-02,29.99,USD,AR,True,False,False,False,False,False,False,825.0,0.0,0.0,2025-08-04,False,False,13.996064814814815,True
1669000,018d937f-6b7e-7213-992d-536da3e39f0a,AR,2025-09-29 17:35:47,24.99,49.99,50.0,USD,61,2023-05-02,29.99,USD,AR,True,False,False,False,False,False,False,881.0,-5.0,-0.16672224074691566,2025-09-29,False,False,13.990729166666666,True
1669000,018d937f-6b7e-7213-992d-536da3e39f0a,AU,2023-08-28 17:24:58,55.96,69.95,20.0,AUD,61,2023-05-02,69.95,AUD,AU,True,False,False,False,False,False,False,118.0,-13.990000000000002,-0.20000000000000007,2023-08-28,False,False,6.985949074074074,True
1669000,018d937f-6b7e-7213-992d-536da3e39f0a,AU,2023-11-06 18:28:31,48.96,69.95,30.0,AUD,61,2023-05-02,69.95,AUD,AU,True,False,False,False,False,False,False,188.0,-20.990000000000002,-0.30007147962830594,2023-11-06,False,False,6.9899305555555555,True
1669000,018d937f-6b7e-7213-992d-536da3e39f0a,AU,2023-12-22 00:20:15,48.96,69.95,30.0,AUD,61,2023-05-02,69.95,AUD,AU,True,False,False,False,False,False,False,234.0,-20.990000000000002,-0.30007147962830594,2023-12-22,False,False,13.854872685185185,True
1669000,018d937f-6b7e-7213-992d-536da3e39f0a,AU,2024-02-26 18:18:58,48.96,69.95,30.0,AUD,61,2023-05-02,69.95,AUD,AU,True,False,False,False,False,False,False,300.0,-20.990000000000002,-0.30007147962830594,2024-02-26,False,False,7.002824074074074,True
1669000,018d937f-6b7e-7213-992d-536da3e39f0a,AU,2024-03-14 17:55:36,48.96,69.95,30.0,AUD,61,2023-05-02,69.95,AUD,AU,True,False,False,False,False,False,False,317.0,-20.990000000000002,-0.30007147962830594,2024-03-14,False,False,6.988715277777778,True
1669000,018d937f-6b7e-7213-992d-536da3e39f0a,AU,2024-05-09 17:15:38,48.96,69.95,30.0,AUD,61,2023-05-02,69.95,AUD,AU,True,False,False,False,False,False,False,373.0,-20.990000000000002,-0.30007147962830594,2024-05-09,False,False,8.001678240740741,True
1669000,018d937f-6b7e-7213-992d-536da3e39f0a,AU,2024-06-17 17:17:04,48.96,69.95,30.0,AUD,61,2023-05-02,69.95,AUD,AU,True,False,False,False,False,False,False,412.0,-20.990000000000002,-0.30007147962830594,2024-06-17,False,False,6.999444444444444,True
1669000,018d937f-6b7e-7213-992d-536da3e39f0a,AU,2024-06-27 18:43:50,48.96,69.95,30.0,AUD,61,2023-05-02,69.95,AUD,AU,True,False,False,False,False,False,False,422.0,-20.990000000000002,-0.30007147962830594,2024-06-27,False,False,13.975717592592593,True
1669000,018d937f-6b7e-7213-992d-536da3e39f0a,AU,2024-09-30 17:19:50,45.46,69.95,35.0,AUD,61,2023-05-02,69.95,AUD,AU,True,False,False,False,False,False,False,517.0,-24.490000000000002,-0.35010721944245893,2024-09-30,False,False,7.00613425925926,True
1669000,018d937f-6b7e-7213-992d-536da3e39f0a,AU,2024-11-07 18:15:33,45.46,69.95,35.0,AUD,61,2023-05-02,69.95,AUD,AU,True,False,False,False,False,False,False,555.0,-24.490000000000002,-0.35010721944245893,2024-11-07,False,False,7.002071759259259,True
1669000,018d937f-6b7e-7213-992d-536da3e39f0a,AU,2024-11-27 21:44:14,45.46,69.95,35.0,AUD,61,2023-05-02,69.95,AUD,AU,True,False,False,False,False,False,False,575.0,-24.490000000000002,-0.35010721944245893,2024-11-27,False,False,6.889780092592592,True
1669000,018d937f-6b7e-7213-992d-536da3e39f0a,AU,2024-12-19 19:44:04,45.46,69.95,35.0,AUD,61,2023-05-02,69.95,AUD,AU,True,False,False,False,False,False,False,597.0,-24.490000000000002,-0.35010721944245893,2024-12-19,False,False,13.964918981481482,True
1669000,018d937f-6b7e-7213-992d-536da3e39f0a,AU,2025-02-10 18:42:45,44.76,69.95,36.0,AUD,61,2023-05-02,69.95,AUD,AU,True,False,False,False,False,False,False,650.0,-25.190000000000005,-0.36011436740528957,2025-02-10,False,False,6.991284722222222,True
1669000,018d937f-6b7e-7213-992d-536da3e39f0a,AU,2025-03-13 19:35:44,45.46,69.95,35.0,AUD,61,2023-05-02,69.95,AUD,AU,True,False,False,False,False,False,False,681.0,-24.490000000000002,-0.35010721944245893,2025-03-13,False,False,6.928518518518518,True
1669000,018d937f-6b7e-7213-992d-536da3e39f0a,AU,2025-04-01 17:18:35,45.46,69.95,35.0,AUD,61,2023-05-02,69.95,AUD,AU,True,False,False,False,False,False,False,700.0,-24.490000000000002,-0.35010721944245893,2025-04-01,False,False,6.999965277777778,True
1669000,018d937f-6b7e-7213-992d-536da3e39f0a,AU,2025-05-08 17:20:05,41.97,69.95,40.0,AUD,61,2023-05-02,69.95,AUD,AU,True,False,False,False,False,False,False,737.0,-27.980000000000004,-0.4,2025-05-08,False,False,6.999293981481482,True
1669000,018d937f-6b7e-7213-992d-536da3e39f0a,AU,2025-06-26 21:52:09,41.97,69.95,40.0,AUD,61,2023-05-02,69.95,AUD,AU,True,False,False,False,False,False,False,786.0,-27.980000000000004,-0.4,2025-06-26,False,False,13.833819444444444,True
1669000,018d937f-6b7e-7213-992d-536da3e39f0a,AU,2025-08-04 17:23:31,41.97,69.95,40.0,AUD,61,2023-05-02,69.95,AUD,AU,True,False,False,False,False,False,False,825.0,-27.980000000000004,-0.4,2025-08-04,False,False,13.995636574074075,True
1669000,018d937f-6b7e-7213-992d-536da3e39f0a,AU,2025-09-29 17:31:27,34.97,69.95,50.0,AUD,61,2023-05-02,69.95,AUD,AU,True,False,False,False,False,False,False,881.0,-34.980000000000004,-0.5000714796283059,2025-09-29,False,False,13.99505787037037,True
1669000,018d937f-6b7e-7213-992d-536da3e39f0a,BR,2023-08-28 17:17:16,132.79,165.99,20.0,BRL,61,2023-05-02,179.99,BRL,BR,True,False,False,False,False,False,False,118.0,-47.20000000000002,-0.2622367909328297,2023-08-28,False,False,77.03723379629629,True
1669000,018d937f-6b7e-7213-992d-536da3e39f0a,BR,2023-11-06 18:19:35,116.19,165.99,30.0,BRL,61,2023-05-02,179.99,BRL,BR,True,False,False,False,False,False,False,188.0,-63.80000000000001,-0.35446413689649425,2023-11-06,False,False,,False
1669000,018d937f-6b7e-7213-992d-536da3e39f0a,BR,2023-11-21 21:15:16,116.19,165.99,30.0,BRL,61,2023-05-02,179.99,BRL,BR,True,False,False,False,False,False,False,203.0,-63.80000000000001,-0.35446413689649425,2023-11-21,False,False,6.982233796296296,True
1669000,018d937f-6b7e-7213-992d-536da3e39f0a,BR,2023-12-21 21:15:17,116.19,165.99,30.0,BRL,61,2023-05-02,179.99,BRL,BR,True,False,False,False,False,False,False,233.0,-63.80000000000001,-0.35446413689649425,2023-12-21,False,False,13.981111111111112,True
1669000,018d937f-6b7e-7213-992d-536da3e39f0a,BR,2024-01-16 16:03:51,199.99,199.99,0.0,BRL,61,2023-05-02,179.99,BRL,BR,False,False,False,True,False,False,False,259.0,20.0,0.11111728429357193,2024-01-16,False,False,,False
1669000,018d937f-6b7e-7213-992d-536da3e39f0a,BR,2024-02-26 18:18:50,139.99,199.99,30.0,BRL,61,2023-05-02,179.99,BRL,BR,True,False,False,False,False,False,False,300.0,-40.0,-0.22223456858714374,2024-02-26,False,False,7.003946759259259,True
1669000,018d937f-6b7e-7213-992d-536da3e39f0a,BR,2024-03-14 17:55:11,139.99,199.99,30.0,BRL,61,2023-05-02,179.99,BRL,BR,True,False,False,False,False,False,False,317.0,-40.0,-0.22223456858714374,2024-03-14,False,False,6.989085648148148,True
1669000,018d937f-6b7e-7213-992d-536da3e39f0a,BR,2024-05-09 17:03:03,139.99,199.99,30.0,BRL,61,2023-05-02,179.99,BRL,BR,True,False,False,False,False,False,False,373.0,-40.0,-0.22223456858714374,2024-05-09,False,False,8.010543981481481,True
1669000,018d937f-6b7e-7213-992d-536da3e39f0a,BR,2024-06-17 17:19:45,139.99,199.99,30.0,BRL,61,2023-05-02,179.99,BRL,BR,True,False,False,False,False,False,False,412.0,-40.0,-0.22223456858714374,2024-06-17,False,False,6.99738425925926,True
1669000,018d937f-6b7e-7213-992d-536da3e39f0a,BR,2024-06-27 18:44:05,139.99,199.99,30.0,BRL,61,2023-05-02,179.99,BRL,BR,True,False,False,False,False,False,False,422.0,-40.0,-0.22223456858714374,2024-06-27,False,False,13.975543981481481,True
1669000,018d937f-6b7e-7213-992d-536da3e39f0a,BR,2024-09-30 17:17:31,129.99,199.99,35.0,BRL,61,2023-05-02,179.99,BRL,BR,True,False,False,False,False,False,False,517.0,-50.0,-0.2777932107339296,2024-09-30,False,False,7.007557870370371,True
1669000,018d937f-6b7e-7213-992d-536da3e39f0a,BR,2024-11-07 18:18:21,129.99,199.99,35.0,BRL,61,2023-05-02,179.99,BRL,BR,True,False,False,False,False,False,False,555.0,-50.0,-0.2777932107339296,2024-11-07,False,False,7.000034722222222,True
1669000,018d937f-6b7e-7213-992d-536da3e39f0a,BR,2024-11-27 21:24:44,129.99,199.99,35.0,BRL,61,2023-05-02,179.99,BRL,BR,True,False,False,False,False,False,False,575.0,-50.0,-0.2777932107339296,2024-11-27,False,False,6.903449074074074,True
1669000,018d937f-6b7e-7213-992d-536da3e39f0a,BR,2024-12-19 23:05:20,129.99,199.99,35.0,BRL,61,2023-05-02,179.99,BRL,BR,True,False,False,False,False,False,False,597.0,-50.0,-0.2777932107339296,2024-12-19,False,False,13.824953703703704,True
1669000,018d937f-6b7e-7213-992d-536da3e39f0a,BR,2025-01-28 08:00:28,179.99,179.99,0.0,BRL,61,2023-05-02,179.99,BRL,BR,False,False,False,True,False,False,False,637.0,0.0,0.0,2025-01-28,False,False,,False
1669000,018d937f-6b7e-7213-992d-536da3e39f0a,BR,2025-02-10 18:42:37,115.19,179.99,36.0,BRL,61,2023-05-02,179.99,BRL,BR,True,False,False,False,False,False,False,650.0,-64.80000000000001,-0.36002000111117294,2025-02-10,False,False,6.9941203703703705,True
1669000,018d937f-6b7e-7213-992d-536da3e39f0a,BR,2025-03-13 19:28:09,116.99,179.99,35.0,BRL,61,2023-05-02,179.99,BRL,BR,True,False,False,False,False,False,False,681.0,-63.000000000000014,-0.3500194455247514,2025-03-13,False,False,6.933715277777778,True
1669000,018d937f-6b7e-7213-992d-536da3e39f0a,BR,2025-04-01 17:18:28,116.99,179.99,35.0,BRL,61,2023-05-02,179.99,BRL,BR,True,False,False,False,False,False,False,700.0,-63.000000000000014,-0.3500194455247514,2025-04-01,False,False,6.9999768518518515,True
1669000,018d937f-6b7e-7213-992d-536da3e39f0a,BR,2025-05-08 17:22:38,107.99,179.99,40.0,BRL,61,2023-05-02,179.99,BRL,BR,True,False,False,False,False,False,False,737.0,-72.00000000000001,-0.4000222234568588,2025-05-08,False,False,6.997141203703704,True
1669000,018d937f-6b7e-7213-992d-536da3e39f0a,BR,2025-06-26 21:55:34,107.99,179.99,40.0,BRL,61,2023-05-02,179.99,BRL,BR,True,False,False,False,False,False,False,786.0,-72.00000000000001,-0.4000222234568588,2025-06-26,False,False,13.83361111111111,True
1669000,018d937f-6b7e-7213-992d-536da3e39f0a,BR,2025-08-04 17:20:36,107.99,179.99,40.0,BRL,61,2023-05-02,179.99,BRL,BR,True,False,False,False,False,False,False,825.0,-72.00000000000001,-0.4000222234568588,2025-08-04,False,False,14.000034722222223,True
1669000,018d937f-6b7e-7213-992d-536da3e39f0a,BR,2025-09-29 20:10:55,89.99,179.99,50.0,BRL,61,2023-05-02,179.99,BRL,BR,True,False,False,False,False,False,False,881.0,-90.00000000000001,-0.5000277793210735,2025-09-29,False,False,13.882997685185185,True
1669000,018d937f-6b7e-7213-992d-536da3e39f0a,CA,2023-08-28 17:28:14,47.99,59.99,20.0,CAD,61,2023-05-02,66.99,CAD,CA,True,False,False,False,False,False,False,118.0,-18.999999999999993,-0.283624421555456,2023-08-28,False,False,6.999212962962963,True
1669000,018d937f-6b7e-7213-992d-536da3e39f0a,CA,2023-11-06 18:32:26,41.99,59.99,30.0,CAD,61,2023-05-02,66.99,CAD,CA,True,False,False,False,False,False,False,188.0,-24.999999999999993,-0.3731900283624421,2023-11-06,False,False,6.98255787037037,True
1669000,018d937f-6b7e-7213-992d-536da3e39f0a,CA,2023-11-21 23:53:59,41.99,59.99,30.0,CAD,61,2023-05-02,66.99,CAD,CA,True,False,False,False,False,False,False,203.0,-24.999999999999993,-0.3731900283624421,2023-11-21,False,False,6.872233796296296,True
1669000,018d937f-6b7e-7213-992d-536da3e39f0a,CA,2023-12-21 21:20:25,41.99,59.99,30.0,CAD,61,2023-05-02,66.99,CAD,CA,True,False,False,False,False,False,False,233.0,-24.999999999999993,-0.3731900283624421,2023-12-21,False,False,13.977743055555555,True
1669000,018d937f-6b7e-7213-992d-536da3e39f0a,CA,2024-01-16 16:03:59,66.99,66.99,0.0,CAD,61,2023-05-02,66.99,CAD,CA,False,False,False,True,False,False,False,259.0,0.0,0.0,2024-01-16,False,False,,False
1669000,018d937f-6b7e-7213-992d-536da3e39f0a,CA,2024-02-26 18:19:12,46.89,66.99,30.0,CAD,61,2023-05-02,66.99,CAD,CA,True,False,False,False,False,False,False,300.0,-20.099999999999994,-0.3000447828034034,2024-02-26,False,False,7.002650462962963,True
1669000,018d937f-6b7e-7213-992d-536da3e39f0a,CA,2024-03-14 17:54:50,46.89,66.99,30.0,CAD,61,2023-05-02,66.99,CAD,CA,True,False,False,False,False,False,False,317.0,-20.099999999999994,-0.3000447828034034,2024-03-14,False,False,6.988391203703704,True
1669000,018d937f-6b7e-7213-992d-536da3e39f0a,CA,2024-05-09 17:18:20,46.89,66.99,30.0,CAD,61,2023-05-02,66.99,CAD,CA,True,False,False,False,False,False,False,373.0,-20.099999999999994,-0.3000447828034034,2024-05-09,False,False,7.9999768518518515,True
1669000,018d937f-6b7e-7213-992d-536da3e39f0a,CA,2024-06-17 17:18:44,46.89,66.99,30.0,CAD,61,2023-05-02,66.99,CAD,CA,True,False,False,False,False,False,False,412.0,-20.099999999999994,-0.3000447828034034,2024-06-17,False,False,6.99832175925926,True
1669000,018d937f-6b7e-7213-992d-536da3e39f0a,CA,2024-06-27 18:43:47,46.89,66.99,30.0,CAD,61,2023-05-02,66.99,CAD,CA,True,False,False,False,False,False,False,422.0,-20.099999999999994,-0.3000447828034034,2024-06-27,False,False,13.97574074074074,True
1669000,018d937f-6b7e-7213-992d-536da3e39f0a,CA,2024-09-30 17:17:30,43.54,66.99,35.0,CAD,61,2023-05-02,66.99,CAD,CA,True,False,False,False,False,False,False,517.0,-23.449999999999996,-0.3500522466039707,2024-09-30,False,False,7.008101851851852,True
1669000,018d937f-6b7e-7213-992d-536da3e39f0a,CA,2024-11-07 18:18:44,43.54,66.99,35.0,CAD,61,2023-05-02,66.99,CAD,CA,True,False,False,False,False,False,False,555.0,-23.449999999999996,-0.3500522466039707,2024-11-07,False,False,6.997951388888889,True
1669000,018d937f-6b7e-7213-992d-536da3e39f0a,CA,2024-11-27 21:11:29,43.54,66.99,35.0,CAD,61,2023-05-02,66.99,CAD,CA,True,False,False,False,False,False,False,575.0,-23.449999999999996,-0.3500522466039707,2024-11-27,False,False,6.912627314814815,True
1669000,018d937f-6b7e-7213-992d-536da3e39f0a,CA,2024-12-19 19:43:52,43.54,66.99,35.0,CAD,61,2023-05-02,66.99,CAD,CA,True,False,False,False,False,False,False,597.0,-23.449999999999996,-0.3500522466039707,2024-12-19,False,False,13.964988425925926,True
1669000,018d937f-6b7e-7213-992d-536da3e39f0a,CA,2025-02-10 18:38:37,42.87,66.99,36.0,CAD,61,2023-05-02,66.99,CAD,CA,True,False,False,False,False,False,False,650.0,-24.119999999999997,-0.36005373936408414,2025-02-10,False,False,6.996979166666667,True
1669000,018d937f-6b7e-7213-992d-536da3e39f0a,CA,2025-03-13 19:28:12,43.54,66.99,35.0,CAD,61,2023-05-02,66.99,CAD,CA,True,False,False,False,False,False,False,681.0,-23.449999999999996,-0.3500522466039707,2025-03-13,False,False,6.933784722222223,True
1669000,018d937f-6b7e-7213-992d-536da3e39f0a,CA,2025-04-01 17:18:50,43.54,66.99,35.0,CAD,61,2023-05-02,66.99,CAD,CA,True,False,False,False,False,False,False,700.0,-23.449999999999996,-0.3500522466039707,2025-04-01,False,False,6.997835648148148,True
1669000,018d937f-6b7e-7213-992d-536da3e39f0a,CA,2025-05-08 17:20:34,40.19,66.99,40.0,CAD,61,2023-05-02,66.99,CAD,CA,True,False,False,False,False,False,False,737.0,-26.799999999999997,-0.400059710404538,2025-05-08,False,False,6.998912037037037,True
1669000,018d937f-6b7e-7213-992d-536da3e39f0a,CA,2025-06-26 21:50:26,40.19,66.99,40.0,CAD,61,2023-05-02,66.99,CAD,CA,True,False,False,False,False,False,False,786.0,-26.799999999999997,-0.400059710404538,2025-06-26,False,False,13.839398148148149,True
1669000,018d937f-6b7e-7213-992d-536da3e39f0a,CA,2025-08-04 17:28:33,40.19,66.99,40.0,CAD,61,2023-05-02,66.99,CAD,CA,True,False,False,False,False,False,False,825.0,-26.799999999999997,-0.400059710404538,2025-08-04,False,False,13.994004629629629,True
1669000,018d937f-6b7e-7213-992d-536da3e39f0a,CA,2025-09-29 17:35:47,33.49,66.99,50.0,CAD,61,2023-05-02,66.99,CAD,CA,True,False,False,False,False,False,False,881.0,-33.49999999999999,-0.5000746380056724,2025-09-29,False,False,13.99204861111111,True
1669000,018d937f-6b7e-7213-992d-536da3e39f0a,CN,2023-08-28 17:26:11,174.4,218.0,20.0,CNY,61,2023-05-02,198.0,CNY,CN,True,False,False,False,False,False,False,118.0,-23.599999999999994,-0.11919191919191918,2023-08-28,False,False,6.992442129629629,True
1669000,018d937f-6b7e-7213-992d-536da3e39f0a,CN,2023-11-06 18:23:45,152.6,218.0,30.0,CNY,61,2023-05-02,198.0,CNY,CN,True,False,False,False,False,False,False,188.0,-45.400000000000006,-0.22929292929292933,2023-11-06,False,False,7.006516203703704,True
1669000,018d937f-6b7e-7213-992d-536da3e39f0a,CN,2023-11-22 00:51:00,152.6,218.0,30.0,CNY,61,2023-05-02,198.0,CNY,CN,True,False,False,False,False,False,False,204.0,-45.400000000000006,-0.22929292929292933,2023-11-22,False,False,6.831990740740741,True
1669000,018d937f-6b7e-7213-992d-536da3e39f0a,CN,2023-12-21 21:04:31,152.6,218.0,30.0,CNY,61,2023-05-02,198.0,CNY,CN,True,False,False,False,False,False,False,233.0,-45.400000000000006,-0.22929292929292933,2023-12-21,False,False,13.986574074074074,True
1669000,018d937f-6b7e-7213-992d-536da3e39f0a,CN,2024-01-16 16:06:43,248.0,248.0,0.0,CNY,61,2023-05-02,198.0,CNY,CN,False,False,False,True,False,False,False,259.0,50.0,0.2525252525252526,2024-01-16,False,False,,False
1669000,018d937f-6b7e-7213-992d-536da3e39f0a,CN,2024-02-26 18:19:08,173.6,248.0,30.0,CNY,61,2023-05-02,198.0,CNY,CN,True,False,False,False,False,False,False,300.0,-24.400000000000006,-0.12323232323232325,2024-02-26,False,False,7.0040625,True
1669000,018d937f-6b7e-7213-992d-536da3e39f0a,CN,2024-03-14 17:52:16,173.6,248.0,30.0,CNY,61,2023-05-02,198.0,CNY,CN,True,False,False,False,False,False,False,317.0,-24.400000000000006,-0.12323232323232325,2024-03-14,False,False,6.989178240740741,True
1669000,018d937f-6b7e-7213-992d-536da3e39f0a,CN,2024-05-09 17:18:25,173.6,248.0,30.0,CNY,61,2023-05-02,198.0,CNY,CN,True,False,False,False,False,False,False,373.0,-24.400000000000006,-0.12323232323232325,2024-05-09,False,False,7.999780092592593,True
1669000,018d937f-6b7e-7213-992d-536da3e39f0a,CN,2024-06-17 17:17:04,173.6,248.0,30.0,CNY,61,2023-05-02,198.0,CNY,CN,True,False,False,False,False,False,False,412.0,-24.400000000000006,-0.12323232323232325,2024-06-17,False,False,7.000891203703704,True
1669000,018d937f-6b7e-7213-992d-536da3e39f0a,CN,2024-06-27 18:43:48,173.6,248.0,30.0,CNY,61,2023-05-02,198.0,CNY,CN,True,False,False,False,False,False,False,422.0,-24.400000000000006,-0.12323232323232325,2024-06-27,False,False,13.97587962962963,True
1669000,018d937f-6b7e-7213-992d-536da3e39f0a,CN,2024-09-30 17:20:35,161.2,248.0,35.0,CNY,61,2023-05-02,198.0,CNY,CN,True,False,False,False,False,False,False,517.0,-36.80000000000001,-0.18585858585858595,2024-09-30,False,False,7.003668981481481,True
1669000,018d937f-6b7e-7213-992d-536da3e39f0a,CN,2024-11-07 18:15:33,161.2,248.0,35.0,CNY,61,2023-05-02,198.0,CNY,CN,True,False,False,False,False,False,False,555.0,-36.80000000000001,-0.18585858585858595,2024-11-07,False,False,7.000219907407407,True
1669000,018d937f-6b7e-7213-992d-536da3e39f0a,CN,2024-11-27 21:11:22,161.2,248.0,35.0,CNY,61,2023-05-02,198.0,CNY,CN,True,False,False,False,False,False,False,575.0,-36.80000000000001,-0.18585858585858595,2024-11-27,False,False,6.912569444444444,True
1669000,018d937f-6b7e-7213-992d-536da3e39f0a,CN,2024-12-19 20:38:22,161.2,248.0,35.0,CNY,61,2023-05-02,198.0,CNY,CN,True,False,False,False,False,False,False,597.0,-36.80000000000001,-0.18585858585858595,2024-12-19,False,False,13.925138888888888,True
1669000,018d937f-6b7e-7213-992d-536da3e39f0a,CN,2025-01-28 08:00:32,198.0,198.0,0.0,CNY,61,2023-05-02,198.0,CNY,CN,False,False,False,True,False,False,False,637.0,0.0,0.0,2025-01-28,False,False,,False
1669000,018d937f-6b7e-7213-992d-536da3e39f0a,CN,2025-02-10 18:42:53,126.72,198.0,36.0,CNY,61,2023-05-02,198.0,CNY,CN,True,False,False,False,False,False,False,650.0,-71.28,-0.36,2025-02-10,False,False,6.991238425925926,True
1669000,018d937f-6b7e-7213-992d-536da3e39f0a,CN,2025-03-13 19:38:58,128.7,198.0,35.0,CNY,61,2023-05-02,198.0,CNY,CN,True,False,False,False,False,False,False,681.0,-69.30000000000001,-0.3500000000000001,2025-03-13,False,False,6.928576388888889,True
1669000,018d937f-6b7e-7213-992d-536da3e39f0a,CN,2025-04-01 17:18:49,128.7,198.0,35.0,CNY,61,2023-05-02,198.0,CNY,CN,True,False,False,False,False,False,False,700.0,-69.30000000000001,-0.3500000000000001,2025-04-01,False,False,6.99994212962963,True
1669000,018d937f-6b7e-7213-992d-536da3e39f0a,CN,2025-05-08 17:23:01,118.8,198.0,40.0,CNY,61,2023-05-02,198.0,CNY,CN,True,False,False,False,False,False,False,737.0,-79.2,-0.4,2025-05-08,False,False,6.997141203703704,True
1669000,018d937f-6b7e-7213-992d-536da3e39f0a,CN,2025-06-26 21:53:37,118.8,198.0,40.0,CNY,61,2023-05-02,198.0,CNY,CN,True,False,False,False,False,False,False,786.0,-79.2,-0.4,2025-06-26,False,False,13.829780092592593,True
1669000,018d937f-6b7e-7213-992d-536da3e39f0a,CN,2025-08-04 17:20:50,118.8,198.0,40.0,CNY,61,2023-05-02,198.0,CNY,CN,True,False,False,False,False,False,False,825.0,-79.2,-0.4,2025-08-04,False,False,13.997465277777778,True
1669000,018d937f-6b7e-7213-992d-536da3e39f0a,CN,2025-09-29 17:31:31,99.0,198.0,50.0,CNY,61,2023-05-02,198.0,CNY,CN,True,False,False,False,False,False,False,881.0,-99.0,-0.5,2025-09-29,False,False,13.994953703703704,True
1669000,018d937f-6b7e-7213-992d-536da3e39f0a,DE,2023-11-06 18:04:38,34.99,49.99,30.0,EUR,61,2023-05-02,49.99,EUR,DE,True,False,False,False,False,False,False,188.0,-15.0,-0.3000600120024005,2023-11-06,False,False,7.019398148148148,True
1669000,018d937f-6b7e-7213-992d-536da3e39f0a,DE,2023-11-21 21:39:21,34.99,49.99,30.0,EUR,61,2023-05-02,49.99,EUR,DE,True,False,False,False,False,False,False,203.0,-15.0,-0.3000600120024005,2023-11-21,False,False,6.971608796296296,True
1669000,018d937f-6b7e-7213-992d-536da3e39f0a,DE,2023-12-21 21:55:51,34.99,49.99,30.0,EUR,61,2023-05-02,49.99,EUR,DE,True,False,False,False,False,False,False,233.0,-15.0,-0.3000600120024005,2023-12-21,False,False,13.952905092592593,True
1669000,018d937f-6b7e-7213-992d-536da3e39f0a,DE,2024-02-26 18:19:05,34.99,49.99,30.0,EUR,61,2023-05-02,49.99,EUR,DE,True,False,False,False,False,False,False,300.0,-15.0,-0.3000600120024005,2024-02-26,False,False,7.003564814814815,True
1669000,018d937f-6b7e-7213-992d-536da3e39f0a,DE,2024-03-14 17:55:53,34.99,49.99,30.0,EUR,61,2023-05-02,49.99,EUR,DE,True,False,False,False,False,False,False,317.0,-15.0,-0.3000600120024005,2024-03-14,False,False,6.989780092592593,True
1669000,018d937f-6b7e-7213-992d-536da3e39f0a,DE,2024-05-09 17:15:38,34.99,49.99,30.0,EUR,61,2023-05-02,49.99,EUR,DE,True,False,False,False,False,False,False,373.0,-15.0,-0.3000600120024005,2024-05-09,False,False,8.001875,True
1669000,018d937f-6b7e-7213-992d-536da3e39f0a,DE,2024-06-17 17:18:43,34.99,49.99,30.0,EUR,61,2023-05-02,49.99,EUR,DE,True,False,False,False,False,False,False,412.0,-15.0,-0.3000600120024005,2024-06-17,False,False,6.99994212962963,True
1669000,018d937f-6b7e-7213-992d-536da3e39f0a,DE,2024-06-27 18:43:48,34.99,49.99,30.0,EUR,61,2023-05-02,49.99,EUR,DE,True,False,False,False,False,False,False,422.0,-15.0,-0.3000600120024005,2024-06-27,False,False,13.975752314814814,True
1669000,018d937f-6b7e-7213-992d-536da3e39f0a,DE,2024-09-30 17:19:37,32.49,49.99,35.0,EUR,61,2023-05-02,49.99,EUR,DE,True,False,False,False,False,False,False,517.0,-17.5,-0.3500700140028006,2024-09-30,False,False,7.004398148148148,True
1669000,018d937f-6b7e-7213-992d-536da3e39f0a,DE,2024-11-07 18:15:36,32.49,49.99,35.0,EUR,61,2023-05-02,49.99,EUR,DE,True,False,False,False,False,False,False,555.0,-17.5,-0.3500700140028006,2024-11-07,False,False,7.0001388888888885,True
1669000,018d937f-6b7e-7213-992d-536da3e39f0a,DE,2024-11-27 21:11:27,32.49,49.99,35.0,EUR,61,2023-05-02,49.99,EUR,DE,True,False,False,False,False,False,False,575.0,-17.5,-0.3500700140028006,2024-11-27,False,False,6.912592592592593,True
1669000,018d937f-6b7e-7213-992d-536da3e39f0a,DE,2024-12-19 23:14:35,32.49,49.99,35.0,EUR,61,2023-05-02,49.99,EUR,DE,True,False,False,False,False,False,False,597.0,-17.5,-0.3500700140028006,2024-12-19,False,False,13.820798611111112,True
1669000,018d937f-6b7e-7213-992d-536da3e39f0a,DE,2025-02-10 18:38:05,31.99,49.99,36.0,EUR,61,2023-05-02,49.99,EUR,DE,True,False,False,False,False,False,False,650.0,-18.000000000000004,-0.3600720144028806,2025-02-10,False,False,6.994664351851852,True
1669000,018d937f-6b7e-7213-992d-536da3e39f0a,DE,2025-03-13 19:18:06,32.49,49.99,35.0,EUR,61,2023-05-02,49.99,EUR,DE,True,False,False,False,False,False,False,681.0,-17.5,-0.3500700140028006,2025-03-13,False,False,6.9368287037037035,True
1669000,018d937f-6b7e-7213-992d-536da3e39f0a,DE,2025-04-01 17:18:57,32.49,49.99,35.0,EUR,61,2023-05-02,49.99,EUR,DE,True,False,False,False,False,False,False,700.0,-17.5,-0.3500700140028006,2025-04-01,False,False,6.997789351851852,True
1669000,018d937f-6b7e-7213-992d-536da3e39f0a,DE,2025-05-08 17:23:02,29.99,49.99,40.0,EUR,61,2023-05-02,49.99,EUR,DE,True,False,False,False,False,False,False,737.0,-20.000000000000004,-0.40008001600320064,2025-05-08,False,False,6.995208333333333,True
1669000,018d937f-6b7e-7213-992d-536da3e39f0a,DE,2025-06-26 21:53:53,29.99,49.99,40.0,EUR,61,2023-05-02,49.99,EUR,DE,True,False,False,False,False,False,False,786.0,-20.000000000000004,-0.40008001600320064,2025-06-26,False,False,13.834837962962963,True
1669000,018d937f-6b7e-7213-992d-536da3e39f0a,DE,2025-08-04 17:28:28,29.99,49.99,40.0,EUR,61,2023-05-02,49.99,EUR,DE,True,False,False,False,False,False,False,825.0,-20.000000000000004,-0.40008001600320064,2025-08-04,False,False,13.99244212962963,True
1669000,018d937f-6b7e-7213-992d-536da3e39f0a,DE,2025-09-29 17:31:31,24.99,49.99,50.0,EUR,61,2023-05-02,49.99,EUR,DE,True,False,False,False,False,False,False,881.0,-25.000000000000004,-0.5001000200040009,2025-09-29,False,False,13.99662037037037,True
1669000,018d937f-6b7e-7213-992d-536da3e39f0a,FR,2023-11-06 18:04:38,34.99,49.99,30.0,EUR,61,2023-05-02,49.99,EUR,FR,True,False,False,False,False,False,False,188.0,-15.0,-0.3000600120024005,2023-11-06,False,False,7.019398148148148,True
1669000,018d937f-6b7e-7213-992d-536da3e39f0a,FR,2023-11-21 21:39:21,34.99,49.99,30.0,EUR,61,2023-05-02,49.99,EUR,FR,True,False,False,False,False,False,False,203.0,-15.0,-0.3000600120024005,2023-11-21,False,False,6.971608796296296,True
1669000,018d937f-6b7e-7213-992d-536da3e39f0a,FR,2023-12-21 21:55:51,34.99,49.99,30.0,EUR,61,2023-05-02,49.99,EUR,FR,True,False,False,False,False,False,False,233.0,-15.0,-0.3000600120024005,2023-12-21,False,False,13.952905092592593,True
1669000,018d937f-6b7e-7213-992d-536da3e39f0a,FR,2024-02-26 18:19:05,34.99,49.99,30.0,EUR,61,2023-05-02,49.99,EUR,FR,True,False,False,False,False,False,False,300.0,-15.0,-0.3000600120024005,2024-02-26,False,False,7.003564814814815,True
1669000,018d937f-6b7e-7213-992d-536da3e39f0a,FR,2024-03-14 17:55:53,34.99,49.99,30.0,EUR,61,2023-05-02,49.99,EUR,FR,True,False,False,False,False,False,False,317.0,-15.0,-0.3000600120024005,2024-03-14,False,False,6.989780092592593,True
1669000,018d937f-6b7e-7213-992d-536da3e39f0a,FR,2024-05-09 17:15:38,34.99,49.99,30.0,EUR,61,2023-05-02,49.99,EUR,FR,True,False,False,False,False,False,False,373.0,-15.0,-0.3000600120024005,2024-05-09,False,False,8.001875,True
1669000,018d937f-6b7e-7213-992d-536da3e39f0a,FR,2024-06-17 17:18:43,34.99,49.99,30.0,EUR,61,2023-05-02,49.99,EUR,FR,True,False,False,False,False,False,False,412.0,-15.0,-0.3000600120024005,2024-06-17,False,False,6.99994212962963,True
1669000,018d937f-6b7e-7213-992d-536da3e39f0a,FR,2024-06-27 18:43:48,34.99,49.99,30.0,EUR,61,2023-05-02,49.99,EUR,FR,True,False,False,False,False,False,False,422.0,-15.0,-0.3000600120024005,2024-06-27,False,False,13.975752314814814,True
1669000,018d937f-6b7e-7213-992d-536da3e39f0a,FR,2024-09-30 17:19:37,32.49,49.99,35.0,EUR,61,2023-05-02,49.99,EUR,FR,True,False,False,False,False,False,False,517.0,-17.5,-0.3500700140028006,2024-09-30,False,False,7.004398148148148,True
1669000,018d937f-6b7e-7213-992d-536da3e39f0a,FR,2024-11-07 18:15:36,32.49,49.99,35.0,EUR,61,2023-05-02,49.99,EUR,FR,True,False,False,False,False,False,False,555.0,-17.5,-0.3500700140028006,2024-11-07,False,False,7.0001388888888885,True
1669000,018d937f-6b7e-7213-992d-536da3e39f0a,FR,2024-11-27 21:11:27,32.49,49.99,35.0,EUR,61,2023-05-02,49.99,EUR,FR,True,False,False,False,False,False,False,575.0,-17.5,-0.3500700140028006,2024-11-27,False,False,6.912592592592593,True
1669000,018d937f-6b7e-7213-992d-536da3e39f0a,FR,2024-12-19 23:14:35,32.49,49.99,35.0,EUR,61,2023-05-02,49.99,EUR,FR,True,False,False,False,False,False,False,597.0,-17.5,-0.3500700140028006,2024-12-19,False,False,13.820798611111112,True
1669000,018d937f-6b7e-7213-992d-536da3e39f0a,FR,2025-02-10 18:38:05,31.99,49.99,36.0,EUR,61,2023-05-02,49.99,EUR,FR,True,False,False,False,False,False,False,650.0,-18.000000000000004,-0.3600720144028806,2025-02-10,False,False,6.994664351851852,True
1669000,018d937f-6b7e-7213-992d-536da3e39f0a,FR,2025-03-13 19:18:06,32.49,49.99,35.0,EUR,61,2023-05-02,49.99,EUR,FR,True,False,False,False,False,False,False,681.0,-17.5,-0.3500700140028006,2025-03-13,False,False,6.9368287037037035,True
1669000,018d937f-6b7e-7213-992d-536da3e39f0a,FR,2025-04-01 17:18:57,32.49,49.99,35.0,EUR,61,2023-05-02,49.99,EUR,FR,True,False,False,False,False,False,False,700.0,-17.5,-0.3500700140028006,2025-04-01,False,False,6.997789351851852,True
1669000,018d937f-6b7e-7213-992d-536da3e39f0a,FR,2025-05-08 17:23:02,29.99,49.99,40.0,EUR,61,2023-05-02,49.99,EUR,FR,True,False,False,False,False,False,False,737.0,-20.000000000000004,-0.40008001600320064,2025-05-08,False,False,6.995208333333333,True
1669000,018d937f-6b7e-7213-992d-536da3e39f0a,FR,2025-06-26 21:53:53,29.99,49.99,40.0,EUR,61,2023-05-02,49.99,EUR,FR,True,False,False,False,False,False,False,786.0,-20.000000000000004,-0.40008001600320064,2025-06-26,False,False,13.834837962962963,True
1669000,018d937f-6b7e-7213-992d-536da3e39f0a,FR,2025-08-04 17:28:28,29.99,49.99,40.0,EUR,61,2023-05-02,49.99,EUR,FR,True,False,False,False,False,False,False,825.0,-20.000000000000004,-0.40008001600320064,2025-08-04,False,False,13.99244212962963,True
1669000,018d937f-6b7e-7213-992d-536da3e39f0a,FR,2025-09-29 17:31:31,24.99,49.99,50.0,EUR,61,2023-05-02,49.99,EUR,FR,True,False,False,False,False,False,False,881.0,-25.000000000000004,-0.5001000200040009,2025-09-29,False,False,13.99662037037037,True
1669000,018d937f-6b7e-7213-992d-536da3e39f0a,GB,2023-08-28 17:17:03,33.59,41.99,20.0,GBP,61,2023-05-02,41.99,GBP,GB,True,False,False,False,False,False,False,118.0,-8.399999999999999,-0.20004763038818762,2023-08-28,False,False,6.991018518518518,True
1669000,018d937f-6b7e-7213-992d-536da3e39f0a,GB,2023-11-06 18:35:25,29.39,41.99,30.0,GBP,61,2023-05-02,41.99,GBP,GB,True,False,False,False,False,False,False,188.0,-12.600000000000001,-0.3000714455822815,2023-11-06,False,False,6.982997685185185,True
1669000,018d937f-6b7e-7213-992d-536da3e39f0a,GB,2023-11-21 21:12:49,29.39,41.99,30.0,GBP,61,2023-05-02,41.99,GBP,GB,True,False,False,False,False,False,False,203.0,-12.600000000000001,-0.3000714455822815,2023-11-21,False,False,6.983217592592593,True
1669000,018d937f-6b7e-7213-992d-536da3e39f0a,GB,2023-12-22 01:15:12,29.39,41.99,30.0,GBP,61,2023-05-02,41.99,GBP,GB,True,False,False,False,False,False,False,234.0,-12.600000000000001,-0.3000714455822815,2023-12-22,False,False,13.812523148148149,True
1669000,018d937f-6b7e-7213-992d-536da3e39f0a,GB,2024-02-26 18:19:10,29.39,41.99,30.0,GBP,61,2023-05-02,41.99,GBP,GB,True,False,False,False,False,False,False,300.0,-12.600000000000001,-0.3000714455822815,2024-02-26,False,False,7.004143518518519,True
1669000,018d937f-6b7e-7213-992d-536da3e39f0a,GB,2024-03-14 17:50:03,29.39,41.99,30.0,GBP,61,2023-05-02,41.99,GBP,GB,True,False,False,False,False,False,False,317.0,-12.600000000000001,-0.3000714455822815,2024-03-14,False,False,6.991666666666666,True
1669000,018d937f-6b7e-7213-992d-536da3e39f0a,GB,2024-05-09 17:15:46,29.39,41.99,30.0,GBP,61,2023-05-02,41.99,GBP,GB,True,False,False,False,False,False,False,373.0,-12.600000000000001,-0.3000714455822815,2024-05-09,False,False,8.001840277777777,True
1669000,018d937f-6b7e-7213-992d-536da3e39f0a,GB,2024-06-17 17:17:04,29.39,41.99,30.0,GBP,61,2023-05-02,41.99,GBP,GB,True,False,False,False,False,False,False,412.0,-12.600000000000001,-0.3000714455822815,2024-06-17,False,False,7.001192129629629,True
1669000,018d937f-6b7e-7213-992d-536da3e39f0a,GB,2024-06-27 18:44:01,29.39,41.99,30.0,GBP,61,2023-05-02,41.99,GBP,GB,True,False,False,False,False,False,False,422.0,-12.600000000000001,-0.3000714455822815,2024-06-27,False,False,13.975625,True
1669000,018d937f-6b7e-7213-992d-536da3e39f0a,GB,2024-09-30 17:19:55,27.29,41.99,35.0,GBP,61,2023-05-02,41.99,GBP,GB,True,False,False,False,False,False,False,517.0,-14.700000000000003,-0.3500833531793285,2024-09-30,False,False,7.006805555555555,True
1669000,018d937f-6b7e-7213-992d-536da3e39f0a,GB,2024-11-07 18:18:21,27.29,41.99,35.0,GBP,61,2023-05-02,41.99,GBP,GB,True,False,False,False,False,False,False,555.0,-14.700000000000003,-0.3500833531793285,2024-11-07,False,False,6.998240740740741,True
1669000,018d937f-6b7e-7213-992d-536da3e39f0a,GB,2024-11-27 21:11:31,27.29,41.99,35.0,GBP,61,2023-05-02,41.99,GBP,GB,True,False,False,False,False,False,False,575.0,-14.700000000000003,-0.3500833531793285,2024-11-27,False,False,6.912638888888889,True
1669000,018d937f-6b7e-7213-992d-536da3e39f0a,GB,2024-12-19 21:54:29,27.29,41.99,35.0,GBP,61,2023-05-02,41.99,GBP,GB,True,False,False,False,False,False,False,597.0,-14.700000000000003,-0.3500833531793285,2024-12-19,False,False,13.874467592592593,True
1669000,018d937f-6b7e-7213-992d-536da3e39f0a,GB,2025-02-10 18:38:04,26.87,41.99,36.0,GBP,61,2023-05-02,41.99,GBP,GB,True,False,False,False,False,False,False,650.0,-15.120000000000001,-0.36008573469873784,2025-02-10,False,False,6.994548611111111,True
1669000,018d937f-6b7e-7213-992d-536da3e39f0a,GB,2025-03-13 19:18:05,27.29,41.99,35.0,GBP,61,2023-05-02,41.99,GBP,GB,True,False,False,False,False,False,False,681.0,-14.700000000000003,-0.3500833531793285,2025-03-13,False,False,6.9409375,True
1669000,018d937f-6b7e-7213-992d-536da3e39f0a,GB,2025-04-01 17:18:44,27.29,41.99,35.0,GBP,61,2023-05-02,41.99,GBP,GB,True,False,False,False,False,False,False,700.0,-14.700000000000003,-0.3500833531793285,2025-04-01,False,False,6.999953703703704,True
1669000,018d937f-6b7e-7213-992d-536da3e39f0a,GB,2025-05-08 17:20:15,25.19,41.99,40.0,GBP,61,2023-05-02,41.99,GBP,GB,True,False,False,False,False,False,False,737.0,-16.8,-0.40009526077637536,2025-05-08,False,False,6.999097222222222,True
1669000,018d937f-6b7e-7213-992d-536da3e39f0a,GB,2025-06-26 21:56:05,25.19,41.99,40.0,GBP,61,2023-05-02,41.99,GBP,GB,True,False,False,False,False,False,False,786.0,-16.8,-0.40009526077637536,2025-06-26,False,False,13.83116898148148,True
1669000,018d937f-6b7e-7213-992d-536da3e39f0a,GB,2025-08-04 17:28:35,25.19,41.99,40.0,GBP,61,2023-05-02,41.99,GBP,GB,True,False,False,False,False,False,False,825.0,-16.8,-0.40009526077637536,2025-08-04,False,False,13.994016203703703,True
1669000,018d937f-6b7e-7213-992d-536da3e39f0a,GB,2025-09-29 20:05:26,20.99,41.99,50.0,GBP,61,2023-05-02,41.99,GBP,GB,True,False,False,False,False,False,False,881.0,-21.000000000000004,-0.5001190759704692,2025-09-29,False,False,13.888125,True
1669000,018d937f-6b7e-7213-992d-536da3e39f0a,JP,2024-12-07 17:24:27,6990.0,6990.0,0.0,JPY,61,2023-05-02,6990.0,JPY,JP,False,False,False,False,False,False,False,585.0,0.0,0.0,2024-12-07,False,False,,False
1669000,018d937f-6b7e-7213-992d-536da3e39f0a,JP,2024-12-19 23:28:32,4543.0,6990.0,35.0,JPY,61,2023-05-02,6990.0,JPY,JP,True,False,False,False,False,False,False,597.0,-2447.0,-0.35007153075822606,2024-12-19,False,False,13.819050925925925,True
1669000,018d937f-6b7e-7213-992d-536da3e39f0a,JP,2025-02-10 18:51:18,4473.0,6990.0,36.0,JPY,61,2023-05-02,6990.0,JPY,JP,True,False,False,False,False,False,False,650.0,-2517.0,-0.3600858369098713,2025-02-10,False,False,6.991481481481482,True
1669000,018d937f-6b7e-7213-992d-536da3e39f0a,JP,2025-03-13 20:04:22,4543.0,6990.0,35.0,JPY,61,2023-05-02,6990.0,JPY,JP,True,False,False,False,False,False,False,681.0,-2447.0,-0.35007153075822606,2025-03-13,False,False,6.916400462962963,True
1669000,018d937f-6b7e-7213-992d-536da3e39f0a,JP,2025-04-01 17:18:53,4543.0,6990.0,35.0,JPY,61,2023-05-02,6990.0,JPY,JP,True,False,False,False,False,False,False,700.0,-2447.0,-0.35007153075822606,2025-04-01,False,False,7.000046296296296,True
1669000,018d937f-6b7e-7213-992d-536da3e39f0a,JP,2025-05-08 17:27:17,4194.0,6990.0,40.0,JPY,61,2023-05-02,6990.0,JPY,JP,True,False,False,False,False,False,False,737.0,-2796.0,-0.4,2025-05-08,False,False,6.995046296296296,True
1669000,018d937f-6b7e-7213-992d-536da3e39f0a,JP,2025-06-26 22:21:14,4194.0,6990.0,40.0,JPY,61,2023-05-02,6990.0,JPY,JP,True,False,False,False,False,False,False,786.0,-2796.0,-0.4,2025-06-26,False,False,13.823703703703703,True
1669000,018d937f-6b7e-7213-992d-536da3e39f0a,JP,2025-08-04 17:25:24,4194.0,6990.0,40.0,JPY,61,2023-05-02,6990.0,JPY,JP,True,False,False,False,False,False,False,825.0,-2796.0,-0.4,2025-08-04,False,False,13.99554398148148,True
1669000,018d937f-6b7e-7213-992d-536da3e39f0a,JP,2025-09-29 17:37:54,3495.0,6990.0,50.0,JPY,61,2023-05-02,6990.0,JPY,JP,True,False,False,False,False,False,False,881.0,-3495.0,-0.5,2025-09-29,False,False,13.993715277777778,True
1669000,018d937f-6b7e-7213-992d-536da3e39f0a,PL,2023-11-06 18:04:38,153.95600000000002,219.95600000000002,30.0,PLN,61,2023-05-02,231.99,PLN,PL,True,True,True,False,False,False,False,188.0,-78.03399999999999,-0.33636794689426264,2023-11-06,True,True,7.019398148148148,True
1669000,018d937f-6b7e-7213-992d-536da3e39f0a,PL,2023-11-21 21:39:21,153.95600000000002,219.95600000000002,30.0,PLN,61,2023-05-02,231.99,PLN,PL,True,False,False,False,False,False,False,203.0,-78.03399999999999,-0.33636794689426264,2023-11-21,True,True,6.971608796296296,True
1669000,018d937f-6b7e-7213-992d-536da3e39f0a,PL,2023-12-21 21:55:51,153.95600000000002,219.95600000000002,30.0,PLN,61,2023-05-02,231.99,PLN,PL,True,False,False,False,False,False,False,233.0,-78.03399999999999,-0.33636794689426264,2023-12-21,True,True,13.952905092592593,True
1669000,018d937f-6b7e-7213-992d-536da3e39f0a,PL,2024-02-26 18:19:05,153.95600000000002,219.95600000000002,30.0,PLN,61,2023-05-02,231.99,PLN,PL,True,False,False,False,False,False,False,300.0,-78.03399999999999,-0.33636794689426264,2024-02-26,True,True,7.003564814814815,True
1669000,018d937f-6b7e-7213-992d-536da3e39f0a,PL,2024-03-14 17:55:53,153.95600000000002,219.95600000000002,30.0,PLN,61,2023-05-02,231.99,PLN,PL,True,False,False,False,False,False,False,317.0,-78.03399999999999,-0.33636794689426264,2024-03-14,True,True,6.989780092592593,True
1669000,018d937f-6b7e-7213-992d-536da3e39f0a,PL,2024-05-09 17:15:38,153.95600000000002,219.95600000000002,30.0,PLN,61,2023-05-02,231.99,PLN,PL,True,False,False,False,False,False,False,373.0,-78.03399999999999,-0.33636794689426264,2024-05-09,True,True,8.001875,True
1669000,018d937f-6b7e-7213-992d-536da3e39f0a,PL,2024-06-17 17:18:43,145.34307692307695,207.65076923076924,30.0,PLN,61,2023-05-02,231.99,PLN,PL,True,False,False,False,False,False,False,412.0,-86.64692307692306,-0.3734942155994787,2024-06-17,True,True,6.99994212962963,True
1669000,018d937f-6b7e-7213-992d-536da3e39f0a,PL,2024-06-27 18:43:48,145.34307692307695,207.65076923076924,30.0,PLN,61,2023-05-02,231.99,PLN,PL,True,False,False,False,False,False,False,422.0,-86.64692307692306,-0.3734942155994787,2024-06-27,True,True,13.975752314814814,True
1669000,018d937f-6b7e-7213-992d-536da3e39f0a,PL,2024-09-30 17:19:37,134.95846153846156,207.65076923076924,35.0,PLN,61,2023-05-02,231.99,PLN,PL,True,False,False,False,False,False,False,517.0,-97.03153846153845,-0.41825741825741813,2024-09-30,True,True,7.004398148148148,True
1669000,018d937f-6b7e-7213-992d-536da3e39f0a,PL,2024-11-07 18:15:36,134.95846153846156,207.65076923076924,35.0,PLN,61,2023-05-02,231.99,PLN,PL,True,False,False,False,False,False,False,555.0,-97.03153846153845,-0.41825741825741813,2024-11-07,True,True,7.0001388888888885,True
1669000,018d937f-6b7e-7213-992d-536da3e39f0a,PL,2024-11-27 21:11:27,134.95846153846156,207.65076923076924,35.0,PLN,61,2023-05-02,231.99,PLN,PL,True,False,False,False,False,False,False,575.0,-97.03153846153845,-0.41825741825741813,2024-11-27,True,True,6.912592592592593,True
1669000,018d937f-6b7e-7213-992d-536da3e39f0a,PL,2024-12-19 23:14:35,134.95846153846156,207.65076923076924,35.0,PLN,61,2023-05-02,231.99,PLN,PL,True,False,False,False,False,False,False,597.0,-97.03153846153845,-0.41825741825741813,2024-12-19,True,True,13.820798611111112,True
1669000,018d937f-6b7e-7213-992d-536da3e39f0a,PL,2025-02-10 18:38:05,132.88153846153847,207.65076923076924,36.0,PLN,61,2023-05-02,231.99,PLN,PL,True,False,False,False,False,False,False,650.0,-99.10846153846154,-0.4272100587890062,2025-02-10,True,True,6.994664351851852,True
1669000,018d937f-6b7e-7213-992d-536da3e39f0a,PL,2025-03-13 19:18:06,134.95846153846156,207.65076923076924,35.0,PLN,61,2023-05-02,231.99,PLN,PL,True,False,False,False,False,False,False,681.0,-97.03153846153845,-0.41825741825741813,2025-03-13,True,True,6.9368287037037035,True
1669000,018d937f-6b7e-7213-992d-536da3e39f0a,PL,2025-04-01 17:18:57,134.95846153846156,207.65076923076924,35.0,PLN,61,2023-05-02,231.99,PLN,PL,True,False,False,False,False,False,False,700.0,-97.03153846153845,-0.41825741825741813,2025-04-01,True,True,6.997789351851852,True
1669000,018d937f-6b7e-7213-992d-536da3e39f0a,PL,2025-05-08 17:23:02,124.57384615384616,207.65076923076924,40.0,PLN,61,2023-05-02,231.99,PLN,PL,True,False,False,False,False,False,False,737.0,-107.41615384615385,-0.4630206209153578,2025-05-08,True,True,6.995208333333333,True
1669000,018d937f-6b7e-7213-992d-536da3e39f0a,PL,2025-06-26 21:53:53,125.84039215686275,209.76196078431374,40.0,PLN,61,2023-05-02,231.99,PLN,PL,True,False,False,False,False,False,False,786.0,-106.14960784313726,-0.45756113557971145,2025-06-26,True,True,13.834837962962963,True
1669000,018d937f-6b7e-7213-992d-536da3e39f0a,PL,2025-08-04 17:28:28,125.84039215686275,209.76196078431374,40.0,PLN,61,2023-05-02,231.99,PLN,PL,True,False,False,False,False,False,False,825.0,-106.14960784313726,-0.45756113557971145,2025-08-04,True,True,13.99244212962963,True
1669000,018d937f-6b7e-7213-992d-536da3e39f0a,PL,2025-09-29 17:31:31,104.86,209.76196078431374,50.0,PLN,61,2023-05-02,231.99,PLN,PL,True,False,False,False,False,False,False,881.0,-127.13000000000001,-0.5479977585240743,2025-09-29,True,True,13.99662037037037,True
1669000,018d937f-6b7e-7213-992d-536da3e39f0a,TR,2023-08-28 17:20:50,11.9,14.875000000000002,20.0,USD,61,2023-05-02,29.99,USD,TR,True,True,True,False,False,False,False,118.0,-18.089999999999996,-0.6032010670223407,2023-08-28,True,True,7.047731481481481,True
1669000,018d937f-6b7e-7213-992d-536da3e39f0a,TR,2023-11-06 18:33:30,10.412500000000001,14.875000000000002,30.0,USD,61,2023-05-02,29.99,USD,TR,True,False,False,False,False,False,False,188.0,-19.577499999999997,-0.6528009336445482,2023-11-06,True,True,6.994780092592593,True
1669000,018d937f-6b7e-7213-992d-536da3e39f0a,TR,2023-11-21 17:24:26,30.213400000000004,30.213400000000004,0.0,USD,61,2023-05-02,29.99,USD,TR,False,False,False,True,False,False,False,203.0,0.22340000000000515,0.00744914971657229,2023-11-21,True,True,,False
1669000,018d937f-6b7e-7213-992d-536da3e39f0a,TR,2023-11-21 23:54:07,21.14595,30.212700000000005,30.0,USD,61,2023-05-02,29.99,USD,TR,True,False,False,False,False,False,False,203.0,-8.84405,-0.29489996665555185,2023-11-21,True,True,6.871782407407407,True
1669000,018d937f-6b7e-7213-992d-536da3e39f0a,TR,2023-12-21 21:23:23,21.418950000000002,30.602950000000003,30.0,USD,61,2023-05-02,29.99,USD,TR,True,False,False,False,False,False,False,233.0,-8.571049999999996,-0.2857969323107702,2023-12-21,True,True,13.968993055555556,True
1669000,018d937f-6b7e-7213-992d-536da3e39f0a,TR,2024-02-11 09:56:58,29.99,29.99,0.0,USD,61,2023-05-02,29.99,USD,TR,False,True,False,False,False,False,False,285.0,0.0,0.0,2024-02-11,False,False,,False
1669000,018d937f-6b7e-7213-992d-536da3e39f0a,TR,2024-02-26 18:19:05,20.99,29.99,30.0,USD,61,2023-05-02,29.99,USD,TR,True,False,False,False,False,False,False,300.0,-9.0,-0.3001000333444481,2024-02-26,False,False,7.003761574074074,True
1669000,018d937f-6b7e-7213-992d-536da3e39f0a,TR,2024-03-14 17:55:15,20.99,29.99,30.0,USD,61,2023-05-02,29.99,USD,TR,True,False,False,False,False,False,False,317.0,-9.0,-0.3001000333444481,2024-03-14,False,False,6.989375,True
1669000,018d937f-6b7e-7213-992d-536da3e39f0a,TR,2024-05-09 17:18:19,20.99,29.99,30.0,USD,61,2023-05-02,29.99,USD,TR,True,False,False,False,False,False,False,373.0,-9.0,-0.3001000333444481,2024-05-09,False,False,7.999930555555555,True
1669000,018d937f-6b7e-7213-992d-536da3e39f0a,TR,2024-06-17 17:17:05,20.99,29.99,30.0,USD,61,2023-05-02,29.99,USD,TR,True,False,False,False,False,False,False,412.0,-9.0,-0.3001000333444481,2024-06-17,False,False,6.999236111111111,True
1669000,018d937f-6b7e-7213-992d-536da3e39f0a,TR,2024-06-27 18:44:00,20.99,29.99,30.0,USD,61,2023-05-02,29.99,USD,TR,True,False,False,False,False,False,False,422.0,-9.0,-0.3001000333444481,2024-06-27,False,False,13.975775462962963,True
1669000,018d937f-6b7e-7213-992d-536da3e39f0a,TR,2024-09-30 17:20:21,19.49,29.99,35.0,USD,61,2023-05-02,29.99,USD,TR,True,False,False,False,False,False,False,517.0,-10.5,-0.3501167055685228,2024-09-30,False,False,7.0063657407407405,True
1669000,018d937f-6b7e-7213-992d-536da3e39f0a,TR,2024-11-07 18:18:46,19.49,29.99,35.0,USD,61,2023-05-02,29.99,USD,TR,True,False,False,False,False,False,False,555.0,-10.5,-0.3501167055685228,2024-11-07,False,False,6.999664351851852,True
1669000,018d937f-6b7e-7213-992d-536da3e39f0a,TR,2024-11-27 21:44:02,19.49,29.99,35.0,USD,61,2023-05-02,29.99,USD,TR,True,False,False,False,False,False,False,575.0,-10.5,-0.3501167055685228,2024-11-27,False,False,6.889930555555556,True
1669000,018d937f-6b7e-7213-992d-536da3e39f0a,TR,2024-12-19 23:05:36,19.49,29.99,35.0,USD,61,2023-05-02,29.99,USD,TR,True,False,False,False,False,False,False,597.0,-10.5,-0.3501167055685228,2024-12-19,False,False,13.826921296296296,True
1669000,018d937f-6b7e-7213-992d-536da3e39f0a,TR,2025-02-10 18:43:01,19.19,29.99,36.0,USD,61,2023-05-02,29.99,USD,TR,True,False,False,False,False,False,False,650.0,-10.799999999999997,-0.36012004001333775,2025-02-10,False,False,6.991122685185185,True
1669000,018d937f-6b7e-7213-992d-536da3e39f0a,TR,2025-03-13 19:41:19,19.49,29.99,35.0,USD,61,2023-05-02,29.99,USD,TR,True,False,False,False,False,False,False,681.0,-10.5,-0.3501167055685228,2025-03-13,False,False,6.92275462962963,True
1669000,018d937f-6b7e-7213-992d-536da3e39f0a,TR,2025-04-01 17:18:41,19.49,29.99,35.0,USD,61,2023-05-02,29.99,USD,TR,True,False,False,False,False,False,False,700.0,-10.5,-0.3501167055685228,2025-04-01,False,False,7.0000231481481485,True
1669000,018d937f-6b7e-7213-992d-536da3e39f0a,TR,2025-05-08 17:20:19,17.99,29.99,40.0,USD,61,2023-05-02,29.99,USD,TR,True,False,False,False,False,False,False,737.0,-12.0,-0.4001333777925975,2025-05-08,False,False,6.999305555555556,True
1669000,018d937f-6b7e-7213-992d-536da3e39f0a,TR,2025-06-26 22:04:50,17.99,29.99,40.0,USD,61,2023-05-02,29.99,USD,TR,True,False,False,False,False,False,False,786.0,-12.0,-0.4001333777925975,2025-06-26,False,False,13.82511574074074,True
1669000,018d937f-6b7e-7213-992d-536da3e39f0a,TR,2025-08-04 17:20:59,17.99,29.99,40.0,USD,61,2023-05-02,29.99,USD,TR,True,False,False,False,False,False,False,825.0,-12.0,-0.4001333777925975,2025-08-04,False,False,13.997939814814815,True
1669000,018d937f-6b7e-7213-992d-536da3e39f0a,TR,2025-09-29 17:31:32,14.99,29.99,50.0,USD,61,2023-05-02,29.99,USD,TR,True,False,False,False,False,False,False,881.0,-14.999999999999998,-0.5001667222407469,2025-09-29,False,False,13.995046296296296,True
1669000,018d937f-6b7e-7213-992d-536da3e39f0a,US,2023-08-28 17:19:49,39.99,49.99,20.0,USD,61,2023-05-02,49.99,USD,US,True,False,False,False,False,False,False,118.0,-10.0,-0.20004000800160027,2023-08-28,False,False,7.010300925925926,True
1669000,018d937f-6b7e-7213-992d-536da3e39f0a,US,2023-11-06 18:28:53,34.99,49.99,30.0,USD,61,2023-05-02,49.99,USD,US,True,False,False,False,False,False,False,188.0,-15.0,-0.3000600120024005,2023-11-06,False,False,7.0060416666666665,True
1669000,018d937f-6b7e-7213-992d-536da3e39f0a,US,2023-11-21 23:18:43,34.99,49.99,30.0,USD,61,2023-05-02,49.99,USD,US,True,False,False,False,False,False,False,203.0,-15.0,-0.3000600120024005,2023-11-21,False,False,6.895775462962963,True
1669000,018d937f-6b7e-7213-992d-536da3e39f0a,US,2023-12-21 21:19:35,34.99,49.99,30.0,USD,61,2023-05-02,49.99,USD,US,True,False,False,False,False,False,False,233.0,-15.0,-0.3000600120024005,2023-12-21,False,False,13.977777777777778,True
1669000,018d937f-6b7e-7213-992d-536da3e39f0a,US,2024-02-26 18:19:04,34.99,49.99,30.0,USD,61,2023-05-02,49.99,USD,US,True,False,False,False,False,False,False,300.0,-15.0,-0.3000600120024005,2024-02-26,False,False,7.002766203703704,True
1669000,018d937f-6b7e-7213-992d-536da3e39f0a,US,2024-03-14 17:50:02,34.99,49.99,30.0,USD,61,2023-05-02,49.99,USD,US,True,False,False,False,False,False,False,317.0,-15.0,-0.3000600120024005,2024-03-14,False,False,6.992997685185185,True
1669000,018d937f-6b7e-7213-992d-536da3e39f0a,US,2024-05-09 17:18:33,34.99,49.99,30.0,USD,61,2023-05-02,49.99,USD,US,True,False,False,False,False,False,False,373.0,-15.0,-0.3000600120024005,2024-05-09,False,False,7.9998148148148145,True
1669000,018d937f-6b7e-7213-992d-536da3e39f0a,US,2024-06-17 17:17:05,34.99,49.99,30.0,USD,61,2023-05-02,49.99,USD,US,True,False,False,False,False,False,False,412.0,-15.0,-0.3000600120024005,2024-06-17,False,False,6.99943287037037,True
1669000,018d937f-6b7e-7213-992d-536da3e39f0a,US,2024-06-27 18:43:47,34.99,49.99,30.0,USD,61,2023-05-02,49.99,USD,US,True,False,False,False,False,False,False,422.0,-15.0,-0.3000600120024005,2024-06-27,False,False,13.975914351851852,True
1669000,018d937f-6b7e-7213-992d-536da3e39f0a,US,2024-09-30 17:20:33,32.49,49.99,35.0,USD,61,2023-05-02,49.99,USD,US,True,False,False,False,False,False,False,517.0,-17.5,-0.3500700140028006,2024-09-30,False,False,7.005497685185185,True
1669000,018d937f-6b7e-7213-992d-536da3e39f0a,US,2024-11-07 18:15:32,32.49,49.99,35.0,USD,61,2023-05-02,49.99,USD,US,True,False,False,False,False,False,False,555.0,-17.5,-0.3500700140028006,2024-11-07,False,False,7.000127314814815,True
1669000,018d937f-6b7e-7213-992d-536da3e39f0a,US,2024-11-27 21:11:27,32.49,49.99,35.0,USD,61,2023-05-02,49.99,USD,US,True,False,False,False,False,False,False,575.0,-17.5,-0.3500700140028006,2024-11-27,False,False,6.91275462962963,True
1669000,018d937f-6b7e-7213-992d-536da3e39f0a,US,2024-12-19 23:14:20,32.49,49.99,35.0,USD,61,2023-05-02,49.99,USD,US,True,False,False,False,False,False,False,597.0,-17.5,-0.3500700140028006,2024-12-19,False,False,13.816840277777779,True
1669000,018d937f-6b7e-7213-992d-536da3e39f0a,US,2025-02-10 18:42:52,31.99,49.99,36.0,USD,61,2023-05-02,49.99,USD,US,True,False,False,False,False,False,False,650.0,-18.000000000000004,-0.3600720144028806,2025-02-10,False,False,6.991226851851851,True
1669000,018d937f-6b7e-7213-992d-536da3e39f0a,US,2025-03-13 19:23:57,32.49,49.99,35.0,USD,61,2023-05-02,49.99,USD,US,True,False,False,False,False,False,False,681.0,-17.5,-0.3500700140028006,2025-03-13,False,False,6.9369097222222225,True
1669000,018d937f-6b7e-7213-992d-536da3e39f0a,US,2025-04-01 17:18:46,32.49,49.99,35.0,USD,61,2023-05-02,49.99,USD,US,True,False,False,False,False,False,False,700.0,-17.5,-0.3500700140028006,2025-04-01,False,False,6.9979050925925925,True
1669000,018d937f-6b7e-7213-992d-536da3e39f0a,US,2025-05-08 17:20:07,29.99,49.99,40.0,USD,61,2023-05-02,49.99,USD,US,True,False,False,False,False,False,False,737.0,-20.000000000000004,-0.40008001600320064,2025-05-08,False,False,6.997222222222222,True
1669000,018d937f-6b7e-7213-992d-536da3e39f0a,US,2025-06-26 21:53:03,29.99,49.99,40.0,USD,61,2023-05-02,49.99,USD,US,True,False,False,False,False,False,False,786.0,-20.000000000000004,-0.40008001600320064,2025-06-26,False,False,13.837719907407408,True
1669000,018d937f-6b7e-7213-992d-536da3e39f0a,US,2025-08-04 17:22:54,29.99,49.99,40.0,USD,61,2023-05-02,49.99,USD,US,True,False,False,False,False,False,False,825.0,-20.000000000000004,-0.40008001600320064,2025-08-04,False,False,13.996064814814815,True
1669000,018d937f-6b7e-7213-992d-536da3e39f0a,US,2025-09-29 17:35:47,24.99,49.99,50.0,USD,61,2023-05-02,49.99,USD,US,True,False,False,False,False,False,False,881.0,-25.000000000000004,-0.5001000200040009,2025-09-29,False,False,13.990729166666666,True
1757300,018d937f-32c3-72ad-8de9-940e3c0c3191,AR,2025-09-19 14:15:27,19.99,19.99,0.0,USD,61,2025-09-19,7.99,USD,AR,False,False,False,False,True,False,False,0.0,11.999999999999998,1.501877346683354,2025-09-19,False,False,,False
1757300,018d937f-32c3-72ad-8de9-940e3c0c3191,AU,2025-09-19 14:18:22,29.5,29.5,0.0,AUD,61,2025-09-19,29.5,AUD,AU,False,False,False,False,True,False,False,0.0,0.0,0.0,2025-09-19,False,False,,False
1757300,018d937f-32c3-72ad-8de9-940e3c0c3191,BR,2025-09-19 14:18:26,57.99,57.99,0.0,BRL,61,2025-09-19,57.99,BRL,BR,False,False,False,False,True,False,False,0.0,0.0,0.0,2025-09-19,False,False,,False
1757300,018d937f-32c3-72ad-8de9-940e3c0c3191,CA,2025-09-19 14:15:25,25.99,25.99,0.0,CAD,61,2025-09-19,25.99,CAD,CA,False,False,False,False,True,False,False,0.0,0.0,0.0,2025-09-19,False,False,,False
1757300,018d937f-32c3-72ad-8de9-940e3c0c3191,CN,2025-09-19 14:15:32,69.0,69.0,0.0,CNY,61,2025-09-19,69.0,CNY,CN,False,False,False,False,True,False,False,0.0,0.0,0.0,2025-09-19,False,False,,False
1757300,018d937f-32c3-72ad-8de9-940e3c0c3191,DE,2025-09-19 14:18:13,19.5,19.5,0.0,EUR,61,2025-09-19,19.5,EUR,DE,False,False,False,False,True,False,False,0.0,0.0,0.0,2025-09-19,False,False,,False
1757300,018d937f-32c3-72ad-8de9-940e3c0c3191,FR,2025-09-19 14:18:13,19.5,19.5,0.0,EUR,61,2025-09-19,19.5,EUR,FR,False,False,False,False,True,False,False,0.0,0.0,0.0,2025-09-19,False,False,,False
1757300,018d937f-32c3-72ad-8de9-940e3c0c3191,GB,2025-09-19 14:15:30,16.75,16.75,0.0,GBP,61,2025-09-19,16.75,GBP,GB,False,False,False,False,True,False,False,0.0,0.0,0.0,2025-09-19,False,False,,False
1757300,018d937f-32c3-72ad-8de9-940e3c0c3191,JP,2025-09-19 14:15:32,2300.0,2300.0,0.0,JPY,61,2025-09-19,2300.0,JPY,JP,False,False,False,False,True,False,False,0.0,0.0,0.0,2025-09-19,False,False,,False
1757300,018d937f-32c3-72ad-8de9-940e3c0c3191,PL,2025-09-19 14:18:13,81.82352941176471,81.82352941176471,0.0,PLN,61,2025-09-19,69.0,PLN,PL,False,True,True,False,True,False,False,0.0,12.82352941176471,0.18584825234441604,2025-09-19,True,True,,False
1757300,018d937f-32c3-72ad-8de9-940e3c0c3191,TR,2025-09-19 14:18:13,7.99,7.99,0.0,USD,61,2025-09-19,7.99,USD,TR,False,False,False,False,True,False,False,0.0,0.0,0.0,2025-09-19,False,False,,False
1757300,018d937f-32c3-72ad-8de9-940e3c0c3191,US,2025-09-19 14:15:27,19.99,19.99,0.0,USD,61,2025-09-19,19.99,USD,US,False,False,False,False,True,False,False,0.0,0.0,0.0,2025-09-19,False,False,,False
1903340,018ffe0d-15a7-7247-bb3c-4e5e1980561f,AR,2025-05-01 17:18:46,49.99,49.99,0.0,USD,61,2025-04-24,34.99,USD,AR,False,False,False,False,False,False,False,7.0,15.0,0.42869391254644174,2025-05-01,False,False,,False
1903340,018ffe0d-15a7-7247-bb3c-4e5e1980561f,AR,2025-06-26 21:52:27,44.99,49.99,10.0,USD,61,2025-04-24,34.99,USD,AR,True,False,False,False,False,False,False,63.0,10.0,0.2857959416976279,2025-06-26,False,False,13.842511574074074,True
1903340,018ffe0d-15a7-7247-bb3c-4e5e1980561f,AR,2025-07-15 17:15:30,44.99,49.99,10.0,USD,61,2025-04-24,34.99,USD,AR,True,False,False,False,False,False,False,82.0,10.0,0.2857959416976279,2025-07-15,False,False,14.01275462962963,True
1903340,018ffe0d-15a7-7247-bb3c-4e5e1980561f,AR,2025-08-28 17:15:54,44.99,49.99,10.0,USD,61,2025-04-24,34.99,USD,AR,True,False,False,False,False,False,False,126.0,10.0,0.2857959416976279,2025-08-28,False,False,14.000601851851853,True
1903340,018ffe0d-15a7-7247-bb3c-4e5e1980561f,AR,2025-09-29 20:52:27,44.99,49.99,10.0,USD,61,2025-04-24,34.99,USD,AR,True,False,False,False,False,False,False,158.0,10.0,0.2857959416976279,2025-09-29,False,False,6.888495370370371,True
1903340,018ffe0d-15a7-7247-bb3c-4e5e1980561f,AR,2025-10-30 17:18:47,39.99,49.99,20.0,USD,61,2025-04-24,34.99,USD,AR,True,False,False,False,False,False,False,189.0,5.0,0.14289797084881384,2025-10-30,False,False,6.9998611111111115,True
1903340,018ffe0d-15a7-7247-bb3c-4e5e1980561f,AU,2025-05-01 17:19:07,69.95,69.95,0.0,AUD,61,2025-04-24,69.95,AUD,AU,False,False,False,False,False,False,False,7.0,0.0,0.0,2025-05-01,False,False,,False
1903340,018ffe0d-15a7-7247-bb3c-4e5e1980561f,AU,2025-06-26 21:52:18,62.95,69.95,10.0,AUD,61,2025-04-24,69.95,AUD,AU,True,False,False,False,False,False,False,63.0,-7.0,-0.10007147962830598,2025-06-26,False,False,13.838634259259258,True
1903340,018ffe0d-15a7-7247-bb3c-4e5e1980561f,AU,2025-07-15 17:18:18,62.95,69.95,10.0,AUD,61,2025-04-24,69.95,AUD,AU,True,False,False,False,False,False,False,82.0,-7.0,-0.10007147962830598,2025-07-15,False,False,14.010439814814815,True
1903340,018ffe0d-15a7-7247-bb3c-4e5e1980561f,AU,2025-08-28 17:18:30,62.95,69.95,10.0,AUD,61,2025-04-24,69.95,AUD,AU,True,False,False,False,False,False,False,126.0,-7.0,-0.10007147962830598,2025-08-28,False,False,13.998796296296296,True
1903340,018ffe0d-15a7-7247-bb3c-4e5e1980561f,AU,2025-09-29 20:41:32,62.95,69.95,10.0,AUD,61,2025-04-24,69.95,AUD,AU,True,False,False,False,False,False,False,158.0,-7.0,-0.10007147962830598,2025-09-29,False,False,6.895798611111111,True
1903340,018ffe0d-15a7-7247-bb3c-4e5e1980561f,AU,2025-10-30 17:18:33,55.96,69.95,20.0,AUD,61,2025-04-24,69.95,AUD,AU,True,False,False,False,False,False,False,189.0,-13.990000000000002,-0.20000000000000007,2025-10-30,False,False,6.999988425925926,True
1903340,018ffe0d-15a7-7247-bb3c-4e5e1980561f,BR,2025-05-01 17:19:09,199.0,199.0,0.0,BRL,61,2025-04-24,199.0,BRL,BR,False,False,False,False,False,False,False,7.0,0.0,0.0,2025-05-01,False,False,,False
1903340,018ffe0d-15a7-7247-bb3c-4e5e1980561f,BR,2025-06-26 21:55:24,179.1,199.0,10.0,BRL,61,2025-04-24,199.0,BRL,BR,True,False,False,False,False,False,False,63.0,-19.900000000000006,-0.09999999999999998,2025-06-26,False,False,13.838414351851851,True
1903340,018ffe0d-15a7-7247-bb3c-4e5e1980561f,BR,2025-07-15 17:15:27,179.1,199.0,10.0,BRL,61,2025-04-24,199.0,BRL,BR,True,False,False,False,False,False,False,82.0,-19.900000000000006,-0.09999999999999998,2025-07-15,False,False,14.010532407407407,True
1903340,018ffe0d-15a7-7247-bb3c-4e5e1980561f,BR,2025-08-28 17:16:11,179.1,199.0,10.0,BRL,61,2025-04-24,199.0,BRL,BR,True,False,False,False,False,False,False,126.0,-19.900000000000006,-0.09999999999999998,2025-08-28,False,False,14.002118055555556,True
1903340,018ffe0d-15a7-7247-bb3c-4e5e1980561f,BR,2025-09-29 20:52:29,179.1,199.0,10.0,BRL,61,2025-04-24,199.0,BRL,BR,True,False,False,False,False,False,False,158.0,-19.900000000000006,-0.09999999999999998,2025-09-29,False,False,6.888425925925926,True
1903340,018ffe0d-15a7-7247-bb3c-4e5e1980561f,BR,2025-10-30 17:15:37,159.2,199.0,20.0,BRL,61,2025-04-24,199.0,BRL,BR,True,False,False,False,False,False,False,189.0,-39.80000000000001,-0.20000000000000007,2025-10-30,False,False,7.0024189814814815,True
1903340,018ffe0d-15a7-7247-bb3c-4e5e1980561f,CA,2025-05-01 17:18:47,64.99,64.99,0.0,CAD,61,2025-04-24,64.99,CAD,CA,False,False,False,False,False,False,False,7.0,0.0,0.0,2025-05-01,False,False,,False
1903340,018ffe0d-15a7-7247-bb3c-4e5e1980561f,CA,2025-06-26 21:49:32,58.49,64.99,10.0,CAD,61,2025-04-24,64.99,CAD,CA,True,False,False,False,False,False,False,63.0,-6.499999999999993,-0.10001538698261259,2025-06-26,False,False,13.844201388888889,True
1903340,018ffe0d-15a7-7247-bb3c-4e5e1980561f,CA,2025-07-15 17:18:38,58.49,64.99,10.0,CAD,61,2025-04-24,64.99,CAD,CA,True,False,False,False,False,False,False,82.0,-6.499999999999993,-0.10001538698261259,2025-07-15,False,False,14.010381944444445,True
1903340,018ffe0d-15a7-7247-bb3c-4e5e1980561f,CA,2025-08-28 17:15:58,58.49,64.99,10.0,CAD,61,2025-04-24,64.99,CAD,CA,True,False,False,False,False,False,False,126.0,-6.499999999999993,-0.10001538698261259,2025-08-28,False,False,14.00232638888889,True
1903340,018ffe0d-15a7-7247-bb3c-4e5e1980561f,CA,2025-09-29 20:52:47,58.49,64.99,10.0,CAD,61,2025-04-24,64.99,CAD,CA,True,False,False,False,False,False,False,158.0,-6.499999999999993,-0.10001538698261259,2025-09-29,False,False,6.888194444444444,True
1903340,018ffe0d-15a7-7247-bb3c-4e5e1980561f,CA,2025-10-30 17:15:40,51.99,64.99,20.0,CAD,61,2025-04-24,64.99,CAD,CA,True,False,False,False,False,False,False,189.0,-12.999999999999993,-0.20003077396522528,2025-10-30,False,False,7.000092592592592,True
1903340,018ffe0d-15a7-7247-bb3c-4e5e1980561f,CN,2025-05-01 17:18:31,218.0,218.0,0.0,CNY,61,2025-04-24,218.0,CNY,CN,False,False,False,False,False,False,False,7.0,0.0,0.0,2025-05-01,False,False,,False
1903340,018ffe0d-15a7-7247-bb3c-4e5e1980561f,CN,2025-06-26 21:54:46,196.2,218.0,10.0,CNY,61,2025-04-24,218.0,CNY,CN,True,False,False,False,False,False,False,63.0,-21.80000000000001,-0.10000000000000009,2025-06-26,False,False,13.836886574074073,True
1903340,018ffe0d-15a7-7247-bb3c-4e5e1980561f,CN,2025-07-15 17:15:45,196.2,218.0,10.0,CNY,61,2025-04-24,218.0,CNY,CN,True,False,False,False,False,False,False,82.0,-21.80000000000001,-0.10000000000000009,2025-07-15,False,False,14.010451388888889,True
1903340,018ffe0d-15a7-7247-bb3c-4e5e1980561f,CN,2025-08-28 17:15:59,196.2,218.0,10.0,CNY,61,2025-04-24,218.0,CNY,CN,True,False,False,False,False,False,False,126.0,-21.80000000000001,-0.10000000000000009,2025-08-28,False,False,14.000358796296297,True
1903340,018ffe0d-15a7-7247-bb3c-4e5e1980561f,CN,2025-09-29 20:35:35,196.2,218.0,10.0,CNY,61,2025-04-24,218.0,CNY,CN,True,False,False,False,False,False,False,158.0,-21.80000000000001,-0.10000000000000009,2025-09-29,False,False,6.8977662037037035,True
1903340,018ffe0d-15a7-7247-bb3c-4e5e1980561f,CN,2025-10-30 17:18:39,174.4,218.0,20.0,CNY,61,2025-04-24,218.0,CNY,CN,True,False,False,False,False,False,False,189.0,-43.599999999999994,-0.19999999999999996,2025-10-30,False,False,6.9998148148148145,True
1903340,018ffe0d-15a7-7247-bb3c-4e5e1980561f,DE,2025-05-01 17:19:12,49.99,49.99,0.0,EUR,61,2025-04-24,49.99,EUR,DE,False,False,False,False,False,False,False,7.0,0.0,0.0,2025-05-01,False,False,,False
1903340,018ffe0d-15a7-7247-bb3c-4e5e1980561f,DE,2025-06-26 21:53:40,44.99,49.99,10.0,EUR,61,2025-04-24,49.99,EUR,DE,True,False,False,False,False,False,False,63.0,-5.0,-0.10002000400080013,2025-06-26,False,False,13.83954861111111,True
1903340,018ffe0d-15a7-7247-bb3c-4e5e1980561f,DE,2025-07-15 17:15:36,44.99,49.99,10.0,EUR,61,2025-04-24,49.99,EUR,DE,True,False,False,False,False,False,False,82.0,-5.0,-0.10002000400080013,2025-07-15,False,False,14.010555555555555,True
1903340,018ffe0d-15a7-7247-bb3c-4e5e1980561f,DE,2025-08-28 17:18:55,44.99,49.99,10.0,EUR,61,2025-04-24,49.99,EUR,DE,True,False,False,False,False,False,False,126.0,-5.0,-0.10002000400080013,2025-08-28,False,False,14.00011574074074,True
1903340,018ffe0d-15a7-7247-bb3c-4e5e1980561f,DE,2025-09-29 20:24:38,44.99,49.99,10.0,EUR,61,2025-04-24,49.99,EUR,DE,True,False,False,False,False,False,False,158.0,-5.0,-0.10002000400080013,2025-09-29,False,False,6.9055787037037035,True
1903340,018ffe0d-15a7-7247-bb3c-4e5e1980561f,DE,2025-10-30 17:15:50,39.99,49.99,20.0,EUR,61,2025-04-24,49.99,EUR,DE,True,False,False,False,False,False,False,189.0,-10.0,-0.20004000800160027,2025-10-30,False,False,7.001793981481481,True
1903340,018ffe0d-15a7-7247-bb3c-4e5e1980561f,FR,2025-05-01 17:19:12,49.99,49.99,0.0,EUR,61,2025-04-24,49.99,EUR,FR,False,False,False,False,False,False,False,7.0,0.0,0.0,2025-05-01,False,False,,False
1903340,018ffe0d-15a7-7247-bb3c-4e5e1980561f,FR,2025-06-26 21:53:40,44.99,49.99,10.0,EUR,61,2025-04-24,49.99,EUR,FR,True,False,False,False,False,False,False,63.0,-5.0,-0.10002000400080013,2025-06-26,False,False,13.83954861111111,True
1903340,018ffe0d-15a7-7247-bb3c-4e5e1980561f,FR,2025-07-15 17:15:36,44.99,49.99,10.0,EUR,61,2025-04-24,49.99,EUR,FR,True,False,False,False,False,False,False,82.0,-5.0,-0.10002000400080013,2025-07-15,False,False,14.010555555555555,True
1903340,018ffe0d-15a7-7247-bb3c-4e5e1980561f,FR,2025-08-28 17:18:55,44.99,49.99,10.0,EUR,61,2025-04-24,49.99,EUR,FR,True,False,False,False,False,False,False,126.0,-5.0,-0.10002000400080013,2025-08-28,False,False,14.00011574074074,True
1903340,018ffe0d-15a7-7247-bb3c-4e5e1980561f,FR,2025-09-29 20:24:38,44.99,49.99,10.0,EUR,61,2025-04-24,49.99,EUR,FR,True,False,False,False,False,False,False,158.0,-5.0,-0.10002000400080013,2025-09-29,False,False,6.9055787037037035,True
1903340,018ffe0d-15a7-7247-bb3c-4e5e1980561f,FR,2025-10-30 17:15:50,39.99,49.99,20.0,EUR,61,2025-04-24,49.99,EUR,FR,True,False,False,False,False,False,False,189.0,-10.0,-0.20004000800160027,2025-10-30,False,False,7.001793981481481,True
1903340,018ffe0d-15a7-7247-bb3c-4e5e1980561f,GB,2025-05-01 17:18:35,41.99,41.99,0.0,GBP,61,2025-04-24,41.99,GBP,GB,False,False,False,False,False,False,False,7.0,0.0,0.0,2025-05-01,False,False,,False
1903340,018ffe0d-15a7-7247-bb3c-4e5e1980561f,GB,2025-06-26 21:54:09,37.79,41.99,10.0,GBP,61,2025-04-24,41.99,GBP,GB,True,False,False,False,False,False,False,63.0,-4.200000000000003,-0.10002381519409387,2025-06-26,False,False,13.837349537037037,True
1903340,018ffe0d-15a7-7247-bb3c-4e5e1980561f,GB,2025-07-15 17:18:34,37.79,41.99,10.0,GBP,61,2025-04-24,41.99,GBP,GB,True,False,False,False,False,False,False,82.0,-4.200000000000003,-0.10002381519409387,2025-07-15,False,False,14.010300925925925,True
1903340,018ffe0d-15a7-7247-bb3c-4e5e1980561f,GB,2025-08-28 17:15:52,37.79,41.99,10.0,GBP,61,2025-04-24,41.99,GBP,GB,True,False,False,False,False,False,False,126.0,-4.200000000000003,-0.10002381519409387,2025-08-28,False,False,14.002256944444444,True
1903340,018ffe0d-15a7-7247-bb3c-4e5e1980561f,GB,2025-09-29 20:41:33,37.79,41.99,10.0,GBP,61,2025-04-24,41.99,GBP,GB,True,False,False,False,False,False,False,158.0,-4.200000000000003,-0.10002381519409387,2025-09-29,False,False,6.8938194444444445,True
1903340,018ffe0d-15a7-7247-bb3c-4e5e1980561f,GB,2025-10-30 17:18:57,33.59,41.99,20.0,GBP,61,2025-04-24,41.99,GBP,GB,True,False,False,False,False,False,False,189.0,-8.399999999999999,-0.20004763038818762,2025-10-30,False,False,6.997696759259259,True
1903340,018ffe0d-15a7-7247-bb3c-4e5e1980561f,JP,2025-05-01 17:19:38,7480.0,7480.0,0.0,JPY,61,2025-04-24,7480.0,JPY,JP,False,False,False,False,False,False,False,7.0,0.0,0.0,2025-05-01,False,False,,False
1903340,018ffe0d-15a7-7247-bb3c-4e5e1980561f,JP,2025-06-26 22:32:54,6732.0,7480.0,10.0,JPY,61,2025-04-24,7480.0,JPY,JP,True,False,False,False,False,False,False,63.0,-748.0,-0.09999999999999998,2025-06-26,False,False,13.824004629629629,True
1903340,018ffe0d-15a7-7247-bb3c-4e5e1980561f,JP,2025-07-15 17:15:52,6732.0,7480.0,10.0,JPY,61,2025-04-24,7480.0,JPY,JP,True,False,False,False,False,False,False,82.0,-748.0,-0.09999999999999998,2025-07-15,False,False,14.012928240740742,True
1903340,018ffe0d-15a7-7247-bb3c-4e5e1980561f,JP,2025-08-28 17:19:36,6732.0,7480.0,10.0,JPY,61,2025-04-24,7480.0,JPY,JP,True,False,False,False,False,False,False,126.0,-748.0,-0.09999999999999998,2025-08-28,False,False,14.000451388888889,True
1903340,018ffe0d-15a7-7247-bb3c-4e5e1980561f,JP,2025-09-29 21:16:29,6732.0,7480.0,10.0,JPY,61,2025-04-24,7480.0,JPY,JP,True,False,False,False,False,False,False,158.0,-748.0,-0.09999999999999998,2025-09-29,False,False,6.879039351851852,True
1903340,018ffe0d-15a7-7247-bb3c-4e5e1980561f,JP,2025-10-30 17:18:52,5984.0,7480.0,20.0,JPY,61,2025-04-24,7480.0,JPY,JP,True,False,False,False,False,False,False,189.0,-1496.0,-0.19999999999999996,2025-10-30,False,False,6.998194444444445,True
1903340,018ffe0d-15a7-7247-bb3c-4e5e1980561f,PL,2025-05-01 17:19:12,207.65076923076924,207.65076923076924,0.0,PLN,61,2025-04-24,179.0,PLN,PL,False,True,True,False,False,False,False,7.0,28.650769230769242,0.16006016330038686,2025-05-01,True,True,,False
1903340,018ffe0d-15a7-7247-bb3c-4e5e1980561f,PL,2025-06-26 21:53:40,188.781568627451,209.76196078431374,10.0,PLN,61,2025-04-24,179.0,PLN,PL,True,False,False,False,False,False,False,63.0,9.781568627451009,0.0546456347902291,2025-06-26,True,True,13.83954861111111,True
1903340,018ffe0d-15a7-7247-bb3c-4e5e1980561f,PL,2025-07-15 17:15:36,188.781568627451,209.76196078431374,10.0,PLN,61,2025-04-24,179.0,PLN,PL,True,False,False,False,False,False,False,82.0,9.781568627451009,0.0546456347902291,2025-07-15,True,True,14.010555555555555,True
1903340,018ffe0d-15a7-7247-bb3c-4e5e1980561f,PL,2025-08-28 17:18:55,188.781568627451,209.76196078431374,10.0,PLN,61,2025-04-24,179.0,PLN,PL,True,False,False,False,False,False,False,126.0,9.781568627451009,0.0546456347902291,2025-08-28,True,True,14.00011574074074,True
1903340,018ffe0d-15a7-7247-bb3c-4e5e1980561f,PL,2025-09-29 20:24:38,188.781568627451,209.76196078431374,10.0,PLN,61,2025-04-24,179.0,PLN,PL,True,False,False,False,False,False,False,158.0,9.781568627451009,0.0546456347902291,2025-09-29,True,True,6.9055787037037035,True
1903340,018ffe0d-15a7-7247-bb3c-4e5e1980561f,PL,2025-10-30 17:15:50,167.80117647058825,209.76196078431374,20.0,PLN,61,2025-04-24,179.0,PLN,PL,True,False,False,False,False,False,False,189.0,-11.198823529411754,-0.06256325994084777,2025-10-30,True,True,7.001793981481481,True
1903340,018ffe0d-15a7-7247-bb3c-4e5e1980561f,TR,2025-05-01 17:18:32,34.99,34.99,0.0,USD,61,2025-04-24,34.99,USD,TR,False,False,False,False,False,False,False,7.0,0.0,0.0,2025-05-01,False,False,,False
1903340,018ffe0d-15a7-7247-bb3c-4e5e1980561f,TR,2025-06-26 22:10:55,31.49,34.99,10.0,USD,61,2025-04-24,34.99,USD,TR,True,False,False,False,False,False,False,63.0,-3.5000000000000036,-0.10002857959416989,2025-06-26,False,False,13.827615740740741,True
1903340,018ffe0d-15a7-7247-bb3c-4e5e1980561f,TR,2025-07-15 17:15:33,31.49,34.99,10.0,USD,61,2025-04-24,34.99,USD,TR,True,False,False,False,False,False,False,82.0,-3.5000000000000036,-0.10002857959416989,2025-07-15,False,False,14.012731481481481,True
1903340,018ffe0d-15a7-7247-bb3c-4e5e1980561f,TR,2025-08-28 17:16:10,31.49,34.99,10.0,USD,61,2025-04-24,34.99,USD,TR,True,False,False,False,False,False,False,126.0,-3.5000000000000036,-0.10002857959416989,2025-08-28,False,False,14.000243055555556,True
1903340,018ffe0d-15a7-7247-bb3c-4e5e1980561f,TR,2025-09-29 20:52:26,31.49,34.99,10.0,USD,61,2025-04-24,34.99,USD,TR,True,False,False,False,False,False,False,158.0,-3.5000000000000036,-0.10002857959416989,2025-09-29,False,False,6.886111111111111,True
1903340,018ffe0d-15a7-7247-bb3c-4e5e1980561f,TR,2025-10-30 17:18:39,27.99,34.99,20.0,USD,61,2025-04-24,34.99,USD,TR,True,False,False,False,False,False,False,189.0,-7.0000000000000036,-0.20005715918833966,2025-10-30,False,False,6.9998148148148145,True
1903340,018ffe0d-15a7-7247-bb3c-4e5e1980561f,US,2025-05-01 17:18:46,49.99,49.99,0.0,USD,61,2025-04-24,49.99,USD,US,False,False,False,False,False,False,False,7.0,0.0,0.0,2025-05-01,False,False,,False
1903340,018ffe0d-15a7-7247-bb3c-4e5e1980561f,US,2025-06-26 21:52:27,44.99,49.99,10.0,USD,61,2025-04-24,49.99,USD,US,True,False,False,False,False,False,False,63.0,-5.0,-0.10002000400080013,2025-06-26,False,False,13.842511574074074,True
1903340,018ffe0d-15a7-7247-bb3c-4e5e1980561f,US,2025-07-15 17:15:30,44.99,49.99,10.0,USD,61,2025-04-24,49.99,USD,US,True,False,False,False,False,False,False,82.0,-5.0,-0.10002000400080013,2025-07-15,False,False,14.01275462962963,True
1903340,018ffe0d-15a7-7247-bb3c-4e5e1980561f,US,2025-08-28 17:15:54,44.99,49.99,10.0,USD,61,2025-04-24,49.99,USD,US,True,False,False,False,False,False,False,126.0,-5.0,-0.10002000400080013,2025-08-28,False,False,14.000601851851853,True
1903340,018ffe0d-15a7-7247-bb3c-4e5e1980561f,US,2025-09-29 20:52:27,44.99,49.99,10.0,USD,61,2025-04-24,49.99,USD,US,True,False,False,False,False,False,False,158.0,-5.0,-0.10002000400080013,2025-09-29,False,False,6.888495370370371,True
1903340,018ffe0d-15a7-7247-bb3c-4e5e1980561f,US,2025-10-30 17:18:47,39.99,49.99,20.0,USD,61,2025-04-24,49.99,USD,US,True,False,False,False,False,False,False,189.0,-10.0,-0.20004000800160027,2025-10-30,False,False,6.9998611111111115,True
2138330,018d937f-6ed7-7164-8fc3-5390f976e531,AR,2023-12-04 19:08:23,25.49,29.99,15.0,USD,61,2023-09-25,22.49,USD,AR,True,False,False,False,False,False,False,70.0,3.0,0.1333926189417518,2023-12-04,False,False,7.018715277777778,True
2138330,018d937f-6ed7-7164-8fc3-5390f976e531,AR,2023-12-21 22:49:41,25.49,29.99,15.0,USD,61,2023-09-25,22.49,USD,AR,True,False,False,False,False,False,False,87.0,3.0,0.1333926189417518,2023-12-21,False,False,13.945266203703703,True
2138330,018d937f-6ed7-7164-8fc3-5390f976e531,AR,2024-02-08 18:48:44,25.49,29.99,15.0,USD,61,2023-09-25,22.49,USD,AR,True,False,False,False,False,False,False,136.0,3.0,0.1333926189417518,2024-02-08,False,False,9.976851851851851,True
2138330,018d937f-6ed7-7164-8fc3-5390f976e531,AR,2024-03-14 17:49:29,25.49,29.99,15.0,USD,61,2023-09-25,22.49,USD,AR,True,False,False,False,False,False,False,171.0,3.0,0.1333926189417518,2024-03-14,False,False,6.9999768518518515,True
2138330,018d937f-6ed7-7164-8fc3-5390f976e531,AR,2024-03-28 17:18:42,25.49,29.99,15.0,USD,61,2023-09-25,22.49,USD,AR,True,False,False,False,False,False,False,185.0,3.0,0.1333926189417518,2024-03-28,False,False,9.999583333333334,True
2138330,018d937f-6ed7-7164-8fc3-5390f976e531,AR,2024-05-16 17:18:14,25.49,29.99,15.0,USD,61,2023-09-25,22.49,USD,AR,True,False,False,False,False,False,False,234.0,3.0,0.1333926189417518,2024-05-16,False,False,10.00025462962963,True
2138330,018d937f-6ed7-7164-8fc3-5390f976e531,AR,2024-06-27 18:00:06,25.49,29.99,15.0,USD,61,2023-09-25,22.49,USD,AR,True,False,False,False,False,False,False,276.0,3.0,0.1333926189417518,2024-06-27,False,False,14.023680555555556,True
2138330,018d937f-6ed7-7164-8fc3-5390f976e531,AR,2024-08-12 17:17:41,25.49,29.99,15.0,USD,61,2023-09-25,22.49,USD,AR,True,False,False,False,False,False,False,322.0,3.0,0.1333926189417518,2024-08-12,False,False,6.999849537037037,True
2138330,018d937f-6ed7-7164-8fc3-5390f976e531,AR,2024-09-19 17:19:04,23.99,29.99,20.0,USD,61,2023-09-25,22.49,USD,AR,True,False,False,False,False,False,False,360.0,1.5,0.0666963094708759,2024-09-19,False,False,9.999780092592593,True
2138330,018d937f-6ed7-7164-8fc3-5390f976e531,AR,2024-10-29 18:18:04,23.99,29.99,20.0,USD,61,2023-09-25,22.49,USD,AR,True,False,False,False,False,False,False,400.0,1.5,0.0666963094708759,2024-10-29,False,False,11.998275462962964,True
2138330,018d937f-6ed7-7164-8fc3-5390f976e531,AR,2024-11-27 21:02:49,23.99,29.99,20.0,USD,61,2023-09-25,22.49,USD,AR,True,False,False,False,False,False,False,429.0,1.5,0.0666963094708759,2024-11-27,False,False,6.9275115740740745,True
2138330,018d937f-6ed7-7164-8fc3-5390f976e531,AR,2024-12-10 18:18:13,23.99,29.99,20.0,USD,61,2023-09-25,22.49,USD,AR,True,False,False,False,False,False,False,442.0,1.5,0.0666963094708759,2024-12-10,False,False,8.000648148148148,True
2138330,018d937f-6ed7-7164-8fc3-5390f976e531,AR,2024-12-19 23:14:22,23.99,29.99,20.0,USD,61,2023-09-25,22.49,USD,AR,True,False,False,False,False,False,False,451.0,1.5,0.0666963094708759,2024-12-19,False,False,13.823125,True
2138330,018d937f-6ed7-7164-8fc3-5390f976e531,AR,2025-01-24 18:18:32,23.99,29.99,20.0,USD,61,2023-09-25,22.49,USD,AR,True,False,False,False,False,False,False,487.0,1.5,0.0666963094708759,2025-01-24,False,False,8.999988425925926,True
2138330,018d937f-6ed7-7164-8fc3-5390f976e531,AR,2025-03-13 19:00:13,22.49,29.99,25.0,USD,61,2023-09-25,22.49,USD,AR,True,False,False,False,False,False,False,535.0,0.0,0.0,2025-03-13,False,False,13.929583333333333,True
2138330,018d937f-6ed7-7164-8fc3-5390f976e531,AR,2025-05-15 17:15:58,22.49,29.99,25.0,USD,61,2023-09-25,22.49,USD,AR,True,False,False,False,False,False,False,598.0,0.0,0.0,2025-05-15,False,False,10.002268518518518,True
2138330,018d937f-6ed7-7164-8fc3-5390f976e531,AR,2025-06-26 21:59:55,20.99,29.99,30.0,USD,61,2023-09-25,22.49,USD,AR,True,False,False,False,False,False,False,640.0,-1.5,-0.0666963094708759,2025-06-26,False,False,13.839108796296296,True
2138330,018d937f-6ed7-7164-8fc3-5390f976e531,AR,2025-08-04 17:23:09,20.99,29.99,30.0,USD,61,2023-09-25,22.49,USD,AR,True,False,False,False,False,False,False,679.0,-1.5,-0.0666963094708759,2025-08-04,False,False,12.996770833333333,True
2138330,018d937f-6ed7-7164-8fc3-5390f976e531,AR,2025-09-18 17:31:08,20.99,29.99,30.0,USD,61,2023-09-25,22.49,USD,AR,True,False,False,False,False,False,False,724.0,-1.5,-0.0666963094708759,2025-09-18,False,False,9.989351851851852,True
2138330,018d937f-6ed7-7164-8fc3-5390f976e531,AR,2025-09-29 21:07:57,20.99,29.99,30.0,USD,61,2023-09-25,22.49,USD,AR,True,False,False,False,False,False,False,735.0,-1.5,-0.0666963094708759,2025-09-29,False,False,6.882025462962963,True
2138330,018d937f-6ed7-7164-8fc3-5390f976e531,AU,2023-12-04 18:17:52,38.2,44.95,15.0,AUD,61,2023-09-25,44.95,AUD,AU,True,False,False,False,False,False,False,70.0,-6.75,-0.15016685205784208,2023-12-04,False,False,7.08150462962963,True
2138330,018d937f-6ed7-7164-8fc3-5390f976e531,AU,2023-12-21 20:23:39,38.2,44.95,15.0,AUD,61,2023-09-25,44.95,AUD,AU,True,False,False,False,False,False,False,87.0,-6.75,-0.15016685205784208,2023-12-21,False,False,13.982685185185185,True
2138330,018d937f-6ed7-7164-8fc3-5390f976e531,AU,2024-02-08 18:07:31,38.2,44.95,15.0,AUD,61,2023-09-25,44.95,AUD,AU,True,False,False,False,False,False,False,136.0,-6.75,-0.15016685205784208,2024-02-08,False,False,10.007627314814815,True
2138330,018d937f-6ed7-7164-8fc3-5390f976e531,AU,2024-03-14 17:49:30,38.2,44.95,15.0,AUD,61,2023-09-25,44.95,AUD,AU,True,False,False,False,False,False,False,171.0,-6.75,-0.15016685205784208,2024-03-14,False,False,6.9998148148148145,True
2138330,018d937f-6ed7-7164-8fc3-5390f976e531,AU,2024-03-28 17:15:52,38.2,44.95,15.0,AUD,61,2023-09-25,44.95,AUD,AU,True,False,False,False,False,False,False,185.0,-6.75,-0.15016685205784208,2024-03-28,False,False,9.99974537037037,True
2138330,018d937f-6ed7-7164-8fc3-5390f976e531,AU,2024-05-16 17:18:21,38.2,44.95,15.0,AUD,61,2023-09-25,44.95,AUD,AU,True,False,False,False,False,False,False,234.0,-6.75,-0.15016685205784208,2024-05-16,False,False,9.99994212962963,True
2138330,018d937f-6ed7-7164-8fc3-5390f976e531,AU,2024-06-27 18:00:06,38.2,44.95,15.0,AUD,61,2023-09-25,44.95,AUD,AU,True,False,False,False,False,False,False,276.0,-6.75,-0.15016685205784208,2024-06-27,False,False,14.02375,True
2138330,018d937f-6ed7-7164-8fc3-5390f976e531,AU,2024-08-12 17:20:16,38.2,44.95,15.0,AUD,61,2023-09-25,44.95,AUD,AU,True,False,False,False,False,False,False,322.0,-6.75,-0.15016685205784208,2024-08-12,False,False,6.998055555555555,True
2138330,018d937f-6ed7-7164-8fc3-5390f976e531,AU,2024-09-19 17:18:53,35.96,44.95,20.0,AUD,61,2023-09-25,44.95,AUD,AU,True,False,False,False,False,False,False,360.0,-8.990000000000002,-0.20000000000000007,2024-09-19,False,False,9.9996875,True
2138330,018d937f-6ed7-7164-8fc3-5390f976e531,AU,2024-10-29 18:15:25,35.96,44.95,20.0,AUD,61,2023-09-25,44.95,AUD,AU,True,False,False,False,False,False,False,400.0,-8.990000000000002,-0.20000000000000007,2024-10-29,False,False,12.000034722222223,True
2138330,018d937f-6ed7-7164-8fc3-5390f976e531,AU,2024-11-27 21:28:20,35.96,44.95,20.0,AUD,61,2023-09-25,44.95,AUD,AU,True,False,False,False,False,False,False,429.0,-8.990000000000002,-0.20000000000000007,2024-11-27,False,False,6.905694444444444,True
2138330,018d937f-6ed7-7164-8fc3-5390f976e531,AU,2024-12-10 18:18:41,35.96,44.95,20.0,AUD,61,2023-09-25,44.95,AUD,AU,True,False,False,False,False,False,False,442.0,-8.990000000000002,-0.20000000000000007,2024-12-10,False,False,8.000949074074073,True
2138330,018d937f-6ed7-7164-8fc3-5390f976e531,AU,2024-12-19 20:33:37,35.96,44.95,20.0,AUD,61,2023-09-25,44.95,AUD,AU,True,False,False,False,False,False,False,451.0,-8.990000000000002,-0.20000000000000007,2024-12-19,False,False,13.934826388888888,True
2138330,018d937f-6ed7-7164-8fc3-5390f976e531,AU,2025-01-24 18:18:50,35.96,44.95,20.0,AUD,61,2023-09-25,44.95,AUD,AU,True,False,False,False,False,False,False,487.0,-8.990000000000002,-0.20000000000000007,2025-01-24,False,False,8.999780092592593,True
2138330,018d937f-6ed7-7164-8fc3-5390f976e531,AU,2025-03-13 19:20:08,33.71,44.95,25.0,AUD,61,2023-09-25,44.95,AUD,AU,True,False,False,False,False,False,False,535.0,-11.240000000000002,-0.25005561735261406,2025-03-13,False,False,13.916030092592592,True
2138330,018d937f-6ed7-7164-8fc3-5390f976e531,AU,2025-05-15 17:18:55,33.71,44.95,25.0,AUD,61,2023-09-25,44.95,AUD,AU,True,False,False,False,False,False,False,598.0,-11.240000000000002,-0.25005561735261406,2025-05-15,False,False,10.000092592592592,True
2138330,018d937f-6ed7-7164-8fc3-5390f976e531,AU,2025-06-26 21:52:33,31.46,44.95,30.0,AUD,61,2023-09-25,44.95,AUD,AU,True,False,False,False,False,False,False,640.0,-13.490000000000002,-0.30011123470522805,2025-06-26,False,False,13.84025462962963,True
2138330,018d937f-6ed7-7164-8fc3-5390f976e531,AU,2025-08-04 17:23:37,31.46,44.95,30.0,AUD,61,2023-09-25,44.95,AUD,AU,True,False,False,False,False,False,False,679.0,-13.490000000000002,-0.30011123470522805,2025-08-04,False,False,12.994351851851851,True
2138330,018d937f-6ed7-7164-8fc3-5390f976e531,AU,2025-09-18 17:31:56,31.46,44.95,30.0,AUD,61,2023-09-25,44.95,AUD,AU,True,False,False,False,False,False,False,724.0,-13.490000000000002,-0.30011123470522805,2025-09-18,False,False,9.99056712962963,True
2138330,018d937f-6ed7-7164-8fc3-5390f976e531,AU,2025-09-29 21:02:42,31.46,44.95,30.0,AUD,61,2023-09-25,44.95,AUD,AU,True,False,False,False,False,False,False,735.0,-13.490000000000002,-0.30011123470522805,2025-09-29,False,False,6.8856828703703705,True
2138330,018d937f-6ed7-7164-8fc3-5390f976e531,BR,2023-12-04 18:16:22,84.99,99.99,15.0,BRL,61,2023-09-25,99.99,BRL,BR,True,False,False,False,False,False,False,70.0,-15.0,-0.15001500150015,2023-12-04,False,False,6.9948958333333335,True
2138330,018d937f-6ed7-7164-8fc3-5390f976e531,BR,2023-12-21 20:22:29,84.99,99.99,15.0,BRL,61,2023-09-25,99.99,BRL,BR,True,False,False,False,False,False,False,87.0,-15.0,-0.15001500150015,2023-12-21,False,False,13.978993055555556,True
2138330,018d937f-6ed7-7164-8fc3-5390f976e531,BR,2024-02-08 18:18:30,84.99,99.99,15.0,BRL,61,2023-09-25,99.99,BRL,BR,True,False,False,False,False,False,False,136.0,-15.0,-0.15001500150015,2024-02-08,False,False,9.999918981481482,True
2138330,018d937f-6ed7-7164-8fc3-5390f976e531,BR,2024-03-14 17:49:30,84.99,99.99,15.0,BRL,61,2023-09-25,99.99,BRL,BR,True,False,False,False,False,False,False,171.0,-15.0,-0.15001500150015,2024-03-14,False,False,7.0,True
2138330,018d937f-6ed7-7164-8fc3-5390f976e531,BR,2024-03-28 17:18:19,84.99,99.99,15.0,BRL,61,2023-09-25,99.99,BRL,BR,True,False,False,False,False,False,False,185.0,-15.0,-0.15001500150015,2024-03-28,False,False,10.000092592592592,True
2138330,018d937f-6ed7-7164-8fc3-5390f976e531,BR,2024-05-16 17:18:34,84.99,99.99,15.0,BRL,61,2023-09-25,99.99,BRL,BR,True,False,False,False,False,False,False,234.0,-15.0,-0.15001500150015,2024-05-16,False,False,9.99994212962963,True
2138330,018d937f-6ed7-7164-8fc3-5390f976e531,BR,2024-06-27 17:59:56,84.99,99.99,15.0,BRL,61,2023-09-25,99.99,BRL,BR,True,False,False,False,False,False,False,276.0,-15.0,-0.15001500150015,2024-06-27,False,False,14.024224537037037,True
2138330,018d937f-6ed7-7164-8fc3-5390f976e531,BR,2024-08-12 17:19:57,84.99,99.99,15.0,BRL,61,2023-09-25,99.99,BRL,BR,True,False,False,False,False,False,False,322.0,-15.0,-0.15001500150015,2024-08-12,False,False,6.9998148148148145,True
2138330,018d937f-6ed7-7164-8fc3-5390f976e531,BR,2024-09-19 17:18:30,79.99,99.99,20.0,BRL,61,2023-09-25,99.99,BRL,BR,True,False,False,False,False,False,False,360.0,-20.0,-0.20002000200019998,2024-09-19,False,False,10.000277777777777,True
2138330,018d937f-6ed7-7164-8fc3-5390f976e531,BR,2024-10-29 18:15:29,79.99,99.99,20.0,BRL,61,2023-09-25,99.99,BRL,BR,True,False,False,False,False,False,False,400.0,-20.0,-0.20002000200019998,2024-10-29,False,False,12.001886574074074,True
2138330,018d937f-6ed7-7164-8fc3-5390f976e531,BR,2024-11-27 21:19:32,79.99,99.99,20.0,BRL,61,2023-09-25,99.99,BRL,BR,True,False,False,False,False,False,False,429.0,-20.0,-0.20002000200019998,2024-11-27,False,False,6.915787037037037,True
2138330,018d937f-6ed7-7164-8fc3-5390f976e531,BR,2024-12-10 18:15:48,79.99,99.99,20.0,BRL,61,2023-09-25,99.99,BRL,BR,True,False,False,False,False,False,False,442.0,-20.0,-0.20002000200019998,2024-12-10,False,False,8.002835648148148,True
2138330,018d937f-6ed7-7164-8fc3-5390f976e531,BR,2024-12-19 21:57:52,79.99,99.99,20.0,BRL,61,2023-09-25,99.99,BRL,BR,True,False,False,False,False,False,False,451.0,-20.0,-0.20002000200019998,2024-12-19,False,False,13.876365740740741,True
2138330,018d937f-6ed7-7164-8fc3-5390f976e531,BR,2025-01-24 18:15:45,79.99,99.99,20.0,BRL,61,2023-09-25,99.99,BRL,BR,True,False,False,False,False,False,False,487.0,-20.0,-0.20002000200019998,2025-01-24,False,False,9.00204861111111,True
2138330,018d937f-6ed7-7164-8fc3-5390f976e531,BR,2025-03-13 19:03:51,74.99,99.99,25.0,BRL,61,2023-09-25,99.99,BRL,BR,True,False,False,False,False,False,False,535.0,-25.0,-0.25002500250025006,2025-03-13,False,False,13.926990740740742,True
2138330,018d937f-6ed7-7164-8fc3-5390f976e531,BR,2025-05-15 17:18:26,74.99,99.99,25.0,BRL,61,2023-09-25,99.99,BRL,BR,True,False,False,False,False,False,False,598.0,-25.0,-0.25002500250025006,2025-05-15,False,False,9.99829861111111,True
2138330,018d937f-6ed7-7164-8fc3-5390f976e531,BR,2025-06-26 21:55:23,69.99,99.99,30.0,BRL,61,2023-09-25,99.99,BRL,BR,True,False,False,False,False,False,False,640.0,-30.0,-0.3000300030003,2025-06-26,False,False,13.840057870370371,True
2138330,018d937f-6ed7-7164-8fc3-5390f976e531,BR,2025-08-04 17:20:48,69.99,99.99,30.0,BRL,61,2023-09-25,99.99,BRL,BR,True,False,False,False,False,False,False,679.0,-30.0,-0.3000300030003,2025-08-04,False,False,12.99829861111111,True
2138330,018d937f-6ed7-7164-8fc3-5390f976e531,BR,2025-09-18 17:32:19,69.99,99.99,30.0,BRL,61,2023-09-25,99.99,BRL,BR,True,False,False,False,False,False,False,724.0,-30.0,-0.3000300030003,2025-09-18,False,False,9.990590277777779,True
2138330,018d937f-6ed7-7164-8fc3-5390f976e531,BR,2025-09-29 21:05:17,69.99,99.99,30.0,BRL,61,2023-09-25,99.99,BRL,BR,True,False,False,False,False,False,False,735.0,-30.0,-0.3000300030003,2025-09-29,False,False,6.883831018518518,True
2138330,018d937f-6ed7-7164-8fc3-5390f976e531,CA,2023-12-04 18:11:39,33.99,39.99,15.0,CAD,61,2023-09-25,39.99,CAD,CA,True,False,False,False,False,False,False,70.0,-6.0,-0.15003750937734428,2023-12-04,False,False,7.03125,True
2138330,018d937f-6ed7-7164-8fc3-5390f976e531,CA,2023-12-21 20:20:01,33.99,39.99,15.0,CAD,61,2023-09-25,39.99,CAD,CA,True,False,False,False,False,False,False,87.0,-6.0,-0.15003750937734428,2023-12-21,False,False,13.982893518518518,True
2138330,018d937f-6ed7-7164-8fc3-5390f976e531,CA,2024-02-08 18:07:21,33.99,39.99,15.0,CAD,61,2023-09-25,39.99,CAD,CA,True,False,False,False,False,False,False,136.0,-6.0,-0.15003750937734428,2024-02-08,False,False,10.007743055555556,True
2138330,018d937f-6ed7-7164-8fc3-5390f976e531,CA,2024-03-14 17:49:29,33.99,39.99,15.0,CAD,61,2023-09-25,39.99,CAD,CA,True,False,False,False,False,False,False,171.0,-6.0,-0.15003750937734428,2024-03-14,False,False,6.995451388888889,True
2138330,018d937f-6ed7-7164-8fc3-5390f976e531,CA,2024-03-28 17:15:52,33.99,39.99,15.0,CAD,61,2023-09-25,39.99,CAD,CA,True,False,False,False,False,False,False,185.0,-6.0,-0.15003750937734428,2024-03-28,False,False,9.999710648148149,True
2138330,018d937f-6ed7-7164-8fc3-5390f976e531,CA,2024-05-16 17:18:31,33.99,39.99,15.0,CAD,61,2023-09-25,39.99,CAD,CA,True,False,False,False,False,False,False,234.0,-6.0,-0.15003750937734428,2024-05-16,False,False,10.000046296296297,True
2138330,018d937f-6ed7-7164-8fc3-5390f976e531,CA,2024-06-27 18:02:18,33.99,39.99,15.0,CAD,61,2023-09-25,39.99,CAD,CA,True,False,False,False,False,False,False,276.0,-6.0,-0.15003750937734428,2024-06-27,False,False,14.022199074074074,True
2138330,018d937f-6ed7-7164-8fc3-5390f976e531,CA,2024-08-12 17:17:43,33.99,39.99,15.0,CAD,61,2023-09-25,39.99,CAD,CA,True,False,False,False,False,False,False,322.0,-6.0,-0.15003750937734428,2024-08-12,False,False,7.001990740740741,True
2138330,018d937f-6ed7-7164-8fc3-5390f976e531,CA,2024-09-19 17:19:04,31.99,39.99,20.0,CAD,61,2023-09-25,39.99,CAD,CA,True,False,False,False,False,False,False,360.0,-8.000000000000004,-0.20005001250312582,2024-09-19,False,False,9.997824074074074,True
2138330,018d937f-6ed7-7164-8fc3-5390f976e531,CA,2024-10-29 18:15:29,31.99,39.99,20.0,CAD,61,2023-09-25,39.99,CAD,CA,True,False,False,False,False,False,False,400.0,-8.000000000000004,-0.20005001250312582,2024-10-29,False,False,12.001805555555556,True
2138330,018d937f-6ed7-7164-8fc3-5390f976e531,CA,2024-11-27 21:02:54,31.99,39.99,20.0,CAD,61,2023-09-25,39.99,CAD,CA,True,False,False,False,False,False,False,429.0,-8.000000000000004,-0.20005001250312582,2024-11-27,False,False,6.927418981481481,True
2138330,018d937f-6ed7-7164-8fc3-5390f976e531,CA,2024-12-10 18:18:21,31.99,39.99,20.0,CAD,61,2023-09-25,39.99,CAD,CA,True,False,False,False,False,False,False,442.0,-8.000000000000004,-0.20005001250312582,2024-12-10,False,False,7.998854166666667,True
2138330,018d937f-6ed7-7164-8fc3-5390f976e531,CA,2024-12-19 20:31:56,31.99,39.99,20.0,CAD,61,2023-09-25,39.99,CAD,CA,True,False,False,False,False,False,False,451.0,-8.000000000000004,-0.20005001250312582,2024-12-19,False,False,13.935925925925925,True
2138330,018d937f-6ed7-7164-8fc3-5390f976e531,CA,2025-01-24 18:15:55,31.99,39.99,20.0,CAD,61,2023-09-25,39.99,CAD,CA,True,False,False,False,False,False,False,487.0,-8.000000000000004,-0.20005001250312582,2025-01-24,False,False,9.001574074074075,True
2138330,018d937f-6ed7-7164-8fc3-5390f976e531,CA,2025-03-13 19:04:05,29.99,39.99,25.0,CAD,61,2023-09-25,39.99,CAD,CA,True,False,False,False,False,False,False,535.0,-10.000000000000004,-0.25006251562890736,2025-03-13,False,False,13.927326388888888,True
2138330,018d937f-6ed7-7164-8fc3-5390f976e531,CA,2025-05-15 17:18:48,29.99,39.99,25.0,CAD,61,2023-09-25,39.99,CAD,CA,True,False,False,False,False,False,False,598.0,-10.000000000000004,-0.25006251562890736,2025-05-15,False,False,10.000034722222223,True
2138330,018d937f-6ed7-7164-8fc3-5390f976e531,CA,2025-06-26 21:49:54,27.99,39.99,30.0,CAD,61,2023-09-25,39.99,CAD,CA,True,False,False,False,False,False,False,640.0,-12.000000000000004,-0.3000750187546888,2025-06-26,False,False,13.846145833333333,True
2138330,018d937f-6ed7-7164-8fc3-5390f976e531,CA,2025-08-04 17:28:51,27.99,39.99,30.0,CAD,61,2023-09-25,39.99,CAD,CA,True,False,False,False,False,False,False,679.0,-12.000000000000004,-0.3000750187546888,2025-08-04,False,False,12.990717592592592,True
2138330,018d937f-6ed7-7164-8fc3-5390f976e531,CA,2025-09-18 17:23:55,27.99,39.99,30.0,CAD,61,2023-09-25,39.99,CAD,CA,True,False,False,False,False,False,False,724.0,-12.000000000000004,-0.3000750187546888,2025-09-18,False,False,9.996180555555556,True
2138330,018d937f-6ed7-7164-8fc3-5390f976e531,CA,2025-09-29 21:08:08,27.99,39.99,30.0,CAD,61,2023-09-25,39.99,CAD,CA,True,False,False,False,False,False,False,735.0,-12.000000000000004,-0.3000750187546888,2025-09-29,False,False,6.879444444444444,True
2138330,018d937f-6ed7-7164-8fc3-5390f976e531,CN,2023-12-04 19:05:00,126.65,149.0,15.0,CNY,61,2023-09-25,149.0,CNY,CN,True,False,False,False,False,False,False,70.0,-22.349999999999994,-0.1499999999999999,2023-12-04,False,False,7.019872685185185,True
2138330,018d937f-6ed7-7164-8fc3-5390f976e531,CN,2023-12-21 20:12:27,126.65,149.0,15.0,CNY,61,2023-09-25,149.0,CNY,CN,True,False,False,False,False,False,False,87.0,-22.349999999999994,-0.1499999999999999,2023-12-21,False,False,13.985949074074075,True
2138330,018d937f-6ed7-7164-8fc3-5390f976e531,CN,2024-02-08 18:25:00,126.65,149.0,15.0,CNY,61,2023-09-25,149.0,CNY,CN,True,False,False,False,False,False,False,136.0,-22.349999999999994,-0.1499999999999999,2024-02-08,False,False,9.995243055555555,True
2138330,018d937f-6ed7-7164-8fc3-5390f976e531,CN,2024-03-14 17:49:30,126.65,149.0,15.0,CNY,61,2023-09-25,149.0,CNY,CN,True,False,False,False,False,False,False,171.0,-22.349999999999994,-0.1499999999999999,2024-03-14,False,False,6.995150462962963,True
2138330,018d937f-6ed7-7164-8fc3-5390f976e531,CN,2024-03-28 17:18:24,126.65,149.0,15.0,CNY,61,2023-09-25,149.0,CNY,CN,True,False,False,False,False,False,False,185.0,-22.349999999999994,-0.1499999999999999,2024-03-28,False,False,9.997916666666667,True
2138330,018d937f-6ed7-7164-8fc3-5390f976e531,CN,2024-05-16 17:18:09,126.65,149.0,15.0,CNY,61,2023-09-25,149.0,CNY,CN,True,False,False,False,False,False,False,234.0,-22.349999999999994,-0.1499999999999999,2024-05-16,False,False,10.000104166666667,True
2138330,018d937f-6ed7-7164-8fc3-5390f976e531,CN,2024-06-27 17:59:59,126.65,149.0,15.0,CNY,61,2023-09-25,149.0,CNY,CN,True,False,False,False,False,False,False,276.0,-22.349999999999994,-0.1499999999999999,2024-06-27,False,False,14.023969907407407,True
2138330,018d937f-6ed7-7164-8fc3-5390f976e531,CN,2024-08-12 17:20:20,126.65,149.0,15.0,CNY,61,2023-09-25,149.0,CNY,CN,True,False,False,False,False,False,False,322.0,-22.349999999999994,-0.1499999999999999,2024-08-12,False,False,6.99943287037037,True
2138330,018d937f-6ed7-7164-8fc3-5390f976e531,CN,2024-09-19 17:18:50,119.2,149.0,20.0,CNY,61,2023-09-25,149.0,CNY,CN,True,False,False,False,False,False,False,360.0,-29.799999999999997,-0.19999999999999996,2024-09-19,False,False,9.999733796296296,True
2138330,018d937f-6ed7-7164-8fc3-5390f976e531,CN,2024-10-29 18:18:15,119.2,149.0,20.0,CNY,61,2023-09-25,149.0,CNY,CN,True,False,False,False,False,False,False,400.0,-29.799999999999997,-0.19999999999999996,2024-10-29,False,False,12.000011574074074,True
2138330,018d937f-6ed7-7164-8fc3-5390f976e531,CN,2024-11-27 21:01:40,119.2,149.0,20.0,CNY,61,2023-09-25,149.0,CNY,CN,True,False,False,False,False,False,False,429.0,-29.799999999999997,-0.19999999999999996,2024-11-27,False,False,6.925486111111111,True
2138330,018d937f-6ed7-7164-8fc3-5390f976e531,CN,2024-12-10 18:18:21,119.2,149.0,20.0,CNY,61,2023-09-25,149.0,CNY,CN,True,False,False,False,False,False,False,442.0,-29.799999999999997,-0.19999999999999996,2024-12-10,False,False,8.000787037037037,True
2138330,018d937f-6ed7-7164-8fc3-5390f976e531,CN,2024-12-19 20:35:16,119.2,149.0,20.0,CNY,61,2023-09-25,149.0,CNY,CN,True,False,False,False,False,False,False,451.0,-29.799999999999997,-0.19999999999999996,2024-12-19,False,False,13.933645833333333,True
2138330,018d937f-6ed7-7164-8fc3-5390f976e531,CN,2025-01-24 18:15:46,119.2,149.0,20.0,CNY,61,2023-09-25,149.0,CNY,CN,True,False,False,False,False,False,False,487.0,-29.799999999999997,-0.19999999999999996,2025-01-24,False,False,9.00201388888889,True
2138330,018d937f-6ed7-7164-8fc3-5390f976e531,CN,2025-03-13 19:20:59,111.75,149.0,25.0,CNY,61,2023-09-25,149.0,CNY,CN,True,False,False,False,False,False,False,535.0,-37.25,-0.25,2025-03-13,False,False,13.915277777777778,True
2138330,018d937f-6ed7-7164-8fc3-5390f976e531,CN,2025-05-15 17:18:46,111.75,149.0,25.0,CNY,61,2023-09-25,149.0,CNY,CN,True,False,False,False,False,False,False,598.0,-37.25,-0.25,2025-05-15,False,False,9.999988425925926,True
2138330,018d937f-6ed7-7164-8fc3-5390f976e531,CN,2025-06-26 21:54:55,104.3,149.0,30.0,CNY,61,2023-09-25,149.0,CNY,CN,True,False,False,False,False,False,False,640.0,-44.7,-0.30000000000000004,2025-06-26,False,False,13.838414351851851,True
2138330,018d937f-6ed7-7164-8fc3-5390f976e531,CN,2025-08-04 17:21:04,104.3,149.0,30.0,CNY,61,2023-09-25,149.0,CNY,CN,True,False,False,False,False,False,False,679.0,-44.7,-0.30000000000000004,2025-08-04,False,False,12.998043981481482,True
2138330,018d937f-6ed7-7164-8fc3-5390f976e531,CN,2025-09-18 17:33:24,104.3,149.0,30.0,CNY,61,2023-09-25,149.0,CNY,CN,True,False,False,False,False,False,False,724.0,-44.7,-0.30000000000000004,2025-09-18,False,False,9.98943287037037,True
2138330,018d937f-6ed7-7164-8fc3-5390f976e531,CN,2025-09-29 20:56:58,104.3,149.0,30.0,CNY,61,2023-09-25,149.0,CNY,CN,True,False,False,False,False,False,False,735.0,-44.7,-0.30000000000000004,2025-09-29,False,False,6.885150462962963,True
2138330,018d937f-6ed7-7164-8fc3-5390f976e531,DE,2023-12-04 18:16:13,25.49,29.99,15.0,EUR,61,2023-09-25,29.99,EUR,DE,True,False,False,False,False,False,False,70.0,-4.5,-0.15005001667222406,2023-12-04,False,False,7.053877314814815,True
2138330,018d937f-6ed7-7164-8fc3-5390f976e531,DE,2023-12-21 22:44:41,25.49,29.99,15.0,EUR,61,2023-09-25,29.99,EUR,DE,True,False,False,False,False,False,False,87.0,-4.5,-0.15005001667222406,2023-12-21,False,False,13.956990740740741,True
2138330,018d937f-6ed7-7164-8fc3-5390f976e531,DE,2024-02-08 18:03:22,25.49,29.99,15.0,EUR,61,2023-09-25,29.99,EUR,DE,True,False,False,False,False,False,False,136.0,-4.5,-0.15005001667222406,2024-02-08,False,False,10.010185185185184,True
2138330,018d937f-6ed7-7164-8fc3-5390f976e531,DE,2024-03-14 17:49:29,25.49,29.99,15.0,EUR,61,2023-09-25,29.99,EUR,DE,True,False,False,False,False,False,False,171.0,-4.5,-0.15005001667222406,2024-03-14,False,False,6.9972916666666665,True
2138330,018d937f-6ed7-7164-8fc3-5390f976e531,DE,2024-03-28 17:15:52,25.49,29.99,15.0,EUR,61,2023-09-25,29.99,EUR,DE,True,False,False,False,False,False,False,185.0,-4.5,-0.15005001667222406,2024-03-28,False,False,10.00162037037037,True
2138330,018d937f-6ed7-7164-8fc3-5390f976e531,DE,2024-05-16 17:15:30,25.49,29.99,15.0,EUR,61,2023-09-25,29.99,EUR,DE,True,False,False,False,False,False,False,234.0,-4.5,-0.15005001667222406,2024-05-16,False,False,10.001782407407408,True
2138330,018d937f-6ed7-7164-8fc3-5390f976e531,DE,2024-06-27 18:00:02,25.49,29.99,15.0,EUR,61,2023-09-25,29.99,EUR,DE,True,False,False,False,False,False,False,276.0,-4.5,-0.15005001667222406,2024-06-27,False,False,14.02369212962963,True
2138330,018d937f-6ed7-7164-8fc3-5390f976e531,DE,2024-08-12 17:17:43,25.49,29.99,15.0,EUR,61,2023-09-25,29.99,EUR,DE,True,False,False,False,False,False,False,322.0,-4.5,-0.15005001667222406,2024-08-12,False,False,7.001886574074074,True
2138330,018d937f-6ed7-7164-8fc3-5390f976e531,DE,2024-09-19 17:16:17,23.99,29.99,20.0,EUR,61,2023-09-25,29.99,EUR,DE,True,False,False,False,False,False,False,360.0,-6.0,-0.20006668889629875,2024-09-19,False,False,10.001504629629629,True
2138330,018d937f-6ed7-7164-8fc3-5390f976e531,DE,2024-10-29 18:15:24,23.99,29.99,20.0,EUR,61,2023-09-25,29.99,EUR,DE,True,False,False,False,False,False,False,400.0,-6.0,-0.20006668889629875,2024-10-29,False,False,12.000023148148149,True
2138330,018d937f-6ed7-7164-8fc3-5390f976e531,DE,2024-11-27 21:02:42,23.99,29.99,20.0,EUR,61,2023-09-25,29.99,EUR,DE,True,False,False,False,False,False,False,429.0,-6.0,-0.20006668889629875,2024-11-27,False,False,6.927546296296296,True
2138330,018d937f-6ed7-7164-8fc3-5390f976e531,DE,2024-12-10 18:18:30,23.99,29.99,20.0,EUR,61,2023-09-25,29.99,EUR,DE,True,False,False,False,False,False,False,442.0,-6.0,-0.20006668889629875,2024-12-10,False,False,8.000925925925927,True
2138330,018d937f-6ed7-7164-8fc3-5390f976e531,DE,2024-12-19 23:14:41,23.99,29.99,20.0,EUR,61,2023-09-25,29.99,EUR,DE,True,False,False,False,False,False,False,451.0,-6.0,-0.20006668889629875,2024-12-19,False,False,13.824814814814815,True
2138330,018d937f-6ed7-7164-8fc3-5390f976e531,DE,2025-01-24 18:18:54,23.99,29.99,20.0,EUR,61,2023-09-25,29.99,EUR,DE,True,False,False,False,False,False,False,487.0,-6.0,-0.20006668889629875,2025-01-24,False,False,8.999583333333334,True
2138330,018d937f-6ed7-7164-8fc3-5390f976e531,DE,2025-03-13 22:10:40,22.49,29.99,25.0,EUR,61,2023-09-25,29.99,EUR,DE,True,False,False,False,False,False,False,535.0,-7.5,-0.25008336112037344,2025-03-13,False,False,13.797141203703704,True
2138330,018d937f-6ed7-7164-8fc3-5390f976e531,DE,2025-05-15 17:16:00,22.49,29.99,25.0,EUR,61,2023-09-25,29.99,EUR,DE,True,False,False,False,False,False,False,598.0,-7.5,-0.25008336112037344,2025-05-15,False,False,10.0,True
2138330,018d937f-6ed7-7164-8fc3-5390f976e531,DE,2025-06-26 21:52:33,20.99,29.99,30.0,EUR,61,2023-09-25,29.99,EUR,DE,True,False,False,False,False,False,False,640.0,-9.0,-0.3001000333444481,2025-06-26,False,False,13.842060185185185,True
2138330,018d937f-6ed7-7164-8fc3-5390f976e531,DE,2025-08-04 17:28:52,20.99,29.99,30.0,EUR,61,2023-09-25,29.99,EUR,DE,True,False,False,False,False,False,False,679.0,-9.0,-0.3001000333444481,2025-08-04,False,False,12.990717592592592,True
2138330,018d937f-6ed7-7164-8fc3-5390f976e531,DE,2025-09-18 17:29:58,20.99,29.99,30.0,EUR,61,2023-09-25,29.99,EUR,DE,True,False,False,False,False,False,False,724.0,-9.0,-0.3001000333444481,2025-09-18,False,False,9.990081018518518,True
2138330,018d937f-6ed7-7164-8fc3-5390f976e531,DE,2025-09-29 20:51:56,20.99,29.99,30.0,EUR,61,2023-09-25,29.99,EUR,DE,True,False,False,False,False,False,False,735.0,-9.0,-0.3001000333444481,2025-09-29,False,False,6.888923611111111,True
2138330,018d937f-6ed7-7164-8fc3-5390f976e531,FR,2023-12-04 18:16:13,25.49,29.99,15.0,EUR,61,2023-09-25,29.99,EUR,FR,True,False,False,False,False,False,False,70.0,-4.5,-0.15005001667222406,2023-12-04,False,False,7.053877314814815,True
2138330,018d937f-6ed7-7164-8fc3-5390f976e531,FR,2023-12-21 22:44:41,25.49,29.99,15.0,EUR,61,2023-09-25,29.99,EUR,FR,True,False,False,False,False,False,False,87.0,-4.5,-0.15005001667222406,2023-12-21,False,False,13.956990740740741,True
2138330,018d937f-6ed7-7164-8fc3-5390f976e531,FR,2024-02-08 18:03:22,25.49,29.99,15.0,EUR,61,2023-09-25,29.99,EUR,FR,True,False,False,False,False,False,False,136.0,-4.5,-0.15005001667222406,2024-02-08,False,False,10.010185185185184,True
2138330,018d937f-6ed7-7164-8fc3-5390f976e531,FR,2024-03-14 17:49:29,25.49,29.99,15.0,EUR,61,2023-09-25,29.99,EUR,FR,True,False,False,False,False,False,False,171.0,-4.5,-0.15005001667222406,2024-03-14,False,False,6.9972916666666665,True
2138330,018d937f-6ed7-7164-8fc3-5390f976e531,FR,2024-03-28 17:15:52,25.49,29.99,15.0,EUR,61,2023-09-25,29.99,EUR,FR,True,False,False,False,False,False,False,185.0,-4.5,-0.15005001667222406,2024-03-28,False,False,10.00162037037037,True
2138330,018d937f-6ed7-7164-8fc3-5390f976e531,FR,2024-05-16 17:15:30,25.49,29.99,15.0,EUR,61,2023-09-25,29.99,EUR,FR,True,False,False,False,False,False,False,234.0,-4.5,-0.15005001667222406,2024-05-16,False,False,10.001782407407408,True
2138330,018d937f-6ed7-7164-8fc3-5390f976e531,FR,2024-06-27 18:00:02,25.49,29.99,15.0,EUR,61,2023-09-25,29.99,EUR,FR,True,False,False,False,False,False,False,276.0,-4.5,-0.15005001667222406,2024-06-27,False,False,14.02369212962963,True
2138330,018d937f-6ed7-7164-8fc3-5390f976e531,FR,2024-08-12 17:17:43,25.49,29.99,15.0,EUR,61,2023-09-25,29.99,EUR,FR,True,False,False,False,False,False,False,322.0,-4.5,-0.15005001667222406,2024-08-12,False,False,7.001886574074074,True
2138330,018d937f-6ed7-7164-8fc3-5390f976e531,FR,2024-09-19 17:16:17,23.99,29.99,20.0,EUR,61,2023-09-25,29.99,EUR,FR,True,False,False,False,False,False,False,360.0,-6.0,-0.20006668889629875,2024-09-19,False,False,10.001504629629629,True
2138330,018d937f-6ed7-7164-8fc3-5390f976e531,FR,2024-10-29 18:15:24,23.99,29.99,20.0,EUR,61,2023-09-25,29.99,EUR,FR,True,False,False,False,False,False,False,400.0,-6.0,-0.20006668889629875,2024-10-29,False,False,12.000023148148149,True
2138330,018d937f-6ed7-7164-8fc3-5390f976e531,FR,2024-11-27 21:02:42,23.99,29.99,20.0,EUR,61,2023-09-25,29.99,EUR,FR,True,False,False,False,False,False,False,429.0,-6.0,-0.20006668889629875,2024-11-27,False,False,6.927546296296296,True
2138330,018d937f-6ed7-7164-8fc3-5390f976e531,FR,2024-12-10 18:18:30,23.99,29.99,20.0,EUR,61,2023-09-25,29.99,EUR,FR,True,False,False,False,False,False,False,442.0,-6.0,-0.20006668889629875,2024-12-10,False,False,8.000925925925927,True
2138330,018d937f-6ed7-7164-8fc3-5390f976e531,FR,2024-12-19 23:14:41,23.99,29.99,20.0,EUR,61,2023-09-25,29.99,EUR,FR,True,False,False,False,False,False,False,451.0,-6.0,-0.20006668889629875,2024-12-19,False,False,13.824814814814815,True
2138330,018d937f-6ed7-7164-8fc3-5390f976e531,FR,2025-01-24 18:18:54,23.99,29.99,20.0,EUR,61,2023-09-25,29.99,EUR,FR,True,False,False,False,False,False,False,487.0,-6.0,-0.20006668889629875,2025-01-24,False,False,8.999583333333334,True
2138330,018d937f-6ed7-7164-8fc3-5390f976e531,FR,2025-03-13 22:10:40,22.49,29.99,25.0,EUR,61,2023-09-25,29.99,EUR,FR,True,False,False,False,False,False,False,535.0,-7.5,-0.25008336112037344,2025-03-13,False,False,13.797141203703704,True
2138330,018d937f-6ed7-7164-8fc3-5390f976e531,FR,2025-05-15 17:16:00,22.49,29.99,25.0,EUR,61,2023-09-25,29.99,EUR,FR,True,False,False,False,False,False,False,598.0,-7.5,-0.25008336112037344,2025-05-15,False,False,10.0,True
2138330,018d937f-6ed7-7164-8fc3-5390f976e531,FR,2025-06-26 21:52:33,20.99,29.99,30.0,EUR,61,2023-09-25,29.99,EUR,FR,True,False,False,False,False,False,False,640.0,-9.0,-0.3001000333444481,2025-06-26,False,False,13.842060185185185,True
2138330,018d937f-6ed7-7164-8fc3-5390f976e531,FR,2025-08-04 17:28:52,20.99,29.99,30.0,EUR,61,2023-09-25,29.99,EUR,FR,True,False,False,False,False,False,False,679.0,-9.0,-0.3001000333444481,2025-08-04,False,False,12.990717592592592,True
2138330,018d937f-6ed7-7164-8fc3-5390f976e531,FR,2025-09-18 17:29:58,20.99,29.99,30.0,EUR,61,2023-09-25,29.99,EUR,FR,True,False,False,False,False,False,False,724.0,-9.0,-0.3001000333444481,2025-09-18,False,False,9.990081018518518,True
2138330,018d937f-6ed7-7164-8fc3-5390f976e531,FR,2025-09-29 20:51:56,20.99,29.99,30.0,EUR,61,2023-09-25,29.99,EUR,FR,True,False,False,False,False,False,False,735.0,-9.0,-0.3001000333444481,2025-09-29,False,False,6.888923611111111,True
2138330,018d937f-6ed7-7164-8fc3-5390f976e531,GB,2023-12-04 18:27:53,21.24,24.99,15.0,GBP,61,2023-09-25,24.99,GBP,GB,True,False,False,False,False,False,False,70.0,-3.75,-0.15006002400960383,2023-12-04,False,False,6.987060185185185,True
2138330,018d937f-6ed7-7164-8fc3-5390f976e531,GB,2023-12-21 20:22:28,21.24,24.99,15.0,GBP,61,2023-09-25,24.99,GBP,GB,True,False,False,False,False,False,False,87.0,-3.75,-0.15006002400960383,2023-12-21,False,False,13.981180555555556,True
2138330,018d937f-6ed7-7164-8fc3-5390f976e531,GB,2024-02-08 18:48:55,21.24,24.99,15.0,GBP,61,2023-09-25,24.99,GBP,GB,True,False,False,False,False,False,False,136.0,-3.75,-0.15006002400960383,2024-02-08,False,False,9.976724537037038,True
2138330,018d937f-6ed7-7164-8fc3-5390f976e531,GB,2024-03-14 17:49:29,21.24,24.99,15.0,GBP,61,2023-09-25,24.99,GBP,GB,True,False,False,False,False,False,False,171.0,-3.75,-0.15006002400960383,2024-03-14,False,False,6.995347222222223,True
2138330,018d937f-6ed7-7164-8fc3-5390f976e531,GB,2024-03-28 17:18:18,21.24,24.99,15.0,GBP,61,2023-09-25,24.99,GBP,GB,True,False,False,False,False,False,False,185.0,-3.75,-0.15006002400960383,2024-03-28,False,False,9.999814814814815,True
2138330,018d937f-6ed7-7164-8fc3-5390f976e531,GB,2024-05-16 17:15:28,21.24,24.99,15.0,GBP,61,2023-09-25,24.99,GBP,GB,True,False,False,False,False,False,False,234.0,-3.75,-0.15006002400960383,2024-05-16,False,False,10.001863425925926,True
2138330,018d937f-6ed7-7164-8fc3-5390f976e531,GB,2024-06-27 18:02:22,21.24,24.99,15.0,GBP,61,2023-09-25,24.99,GBP,GB,True,False,False,False,False,False,False,276.0,-3.75,-0.15006002400960383,2024-06-27,False,False,14.022546296296296,True
2138330,018d937f-6ed7-7164-8fc3-5390f976e531,GB,2024-08-12 17:17:41,21.24,24.99,15.0,GBP,61,2023-09-25,24.99,GBP,GB,True,False,False,False,False,False,False,322.0,-3.75,-0.15006002400960383,2024-08-12,False,False,7.001041666666667,True
2138330,018d937f-6ed7-7164-8fc3-5390f976e531,GB,2024-09-19 17:16:17,19.99,24.99,20.0,GBP,61,2023-09-25,24.99,GBP,GB,True,False,False,False,False,False,False,360.0,-5.0,-0.2000800320128051,2024-09-19,False,False,10.001481481481482,True
2138330,018d937f-6ed7-7164-8fc3-5390f976e531,GB,2024-10-29 18:18:06,19.99,24.99,20.0,GBP,61,2023-09-25,24.99,GBP,GB,True,False,False,False,False,False,False,400.0,-5.0,-0.2000800320128051,2024-10-29,False,False,11.998217592592592,True
2138330,018d937f-6ed7-7164-8fc3-5390f976e531,GB,2024-11-27 21:02:57,19.99,24.99,20.0,GBP,61,2023-09-25,24.99,GBP,GB,True,False,False,False,False,False,False,429.0,-5.0,-0.2000800320128051,2024-11-27,False,False,6.927083333333333,True
2138330,018d937f-6ed7-7164-8fc3-5390f976e531,GB,2024-12-10 18:15:49,19.99,24.99,20.0,GBP,61,2023-09-25,24.99,GBP,GB,True,False,False,False,False,False,False,442.0,-5.0,-0.2000800320128051,2024-12-10,False,False,8.000601851851853,True
2138330,018d937f-6ed7-7164-8fc3-5390f976e531,GB,2024-12-19 19:44:15,19.99,24.99,20.0,GBP,61,2023-09-25,24.99,GBP,GB,True,False,False,False,False,False,False,451.0,-5.0,-0.2000800320128051,2024-12-19,False,False,13.971203703703704,True
2138330,018d937f-6ed7-7164-8fc3-5390f976e531,GB,2025-01-24 18:15:45,19.99,24.99,20.0,GBP,61,2023-09-25,24.99,GBP,GB,True,False,False,False,False,False,False,487.0,-5.0,-0.2000800320128051,2025-01-24,False,False,9.001909722222223,True
2138330,018d937f-6ed7-7164-8fc3-5390f976e531,GB,2025-03-13 23:05:03,18.74,24.99,25.0,GBP,61,2023-09-25,24.99,GBP,GB,True,False,False,False,False,False,False,535.0,-6.25,-0.2501000400160064,2025-03-13,False,False,13.759849537037036,True
2138330,018d937f-6ed7-7164-8fc3-5390f976e531,GB,2025-05-15 17:18:46,18.74,24.99,25.0,GBP,61,2023-09-25,24.99,GBP,GB,True,False,False,False,False,False,False,598.0,-6.25,-0.2501000400160064,2025-05-15,False,False,10.000266203703704,True
2138330,018d937f-6ed7-7164-8fc3-5390f976e531,GB,2025-06-26 21:55:38,17.49,24.99,30.0,GBP,61,2023-09-25,24.99,GBP,GB,True,False,False,False,False,False,False,640.0,-7.5,-0.30012004801920766,2025-06-26,False,False,13.840185185185184,True
2138330,018d937f-6ed7-7164-8fc3-5390f976e531,GB,2025-08-04 17:28:52,17.49,24.99,30.0,GBP,61,2023-09-25,24.99,GBP,GB,True,False,False,False,False,False,False,679.0,-7.5,-0.30012004801920766,2025-08-04,False,False,12.992708333333333,True
2138330,018d937f-6ed7-7164-8fc3-5390f976e531,GB,2025-09-18 17:26:44,17.49,24.99,30.0,GBP,61,2023-09-25,24.99,GBP,GB,True,False,False,False,False,False,False,724.0,-7.5,-0.30012004801920766,2025-09-18,False,False,9.994444444444444,True
2138330,018d937f-6ed7-7164-8fc3-5390f976e531,GB,2025-09-29 21:02:12,17.49,24.99,30.0,GBP,61,2023-09-25,24.99,GBP,GB,True,False,False,False,False,False,False,735.0,-7.5,-0.30012004801920766,2025-09-29,False,False,6.881655092592593,True
2138330,018d937f-6ed7-7164-8fc3-5390f976e531,JP,2024-12-07 18:18:07,4309.0,4309.0,0.0,JPY,61,2023-09-25,4309.0,JPY,JP,False,False,False,False,False,False,False,439.0,0.0,0.0,2024-12-07,False,False,,False
2138330,018d937f-6ed7-7164-8fc3-5390f976e531,JP,2024-12-10 18:15:58,3447.0,4309.0,20.0,JPY,61,2023-09-25,4309.0,JPY,JP,True,False,False,False,False,False,False,442.0,-862.0,-0.2000464144813182,2024-12-10,False,False,8.00335648148148,True
2138330,018d937f-6ed7-7164-8fc3-5390f976e531,JP,2024-12-19 23:28:27,3447.0,4309.0,20.0,JPY,61,2023-09-25,4309.0,JPY,JP,True,False,False,False,False,False,False,451.0,-862.0,-0.2000464144813182,2024-12-19,False,False,13.827638888888888,True
2138330,018d937f-6ed7-7164-8fc3-5390f976e531,JP,2025-01-24 18:19:12,3447.0,4309.0,20.0,JPY,61,2023-09-25,4309.0,JPY,JP,True,False,False,False,False,False,False,487.0,-862.0,-0.2000464144813182,2025-01-24,False,False,8.997546296296296,True
2138330,018d937f-6ed7-7164-8fc3-5390f976e531,JP,2025-03-13 19:44:03,3231.0,4309.0,25.0,JPY,61,2023-09-25,4309.0,JPY,JP,True,False,False,False,False,False,False,535.0,-1078.0,-0.2501740543049431,2025-03-13,False,False,13.899872685185185,True
2138330,018d937f-6ed7-7164-8fc3-5390f976e531,JP,2025-05-15 17:20:02,3231.0,4309.0,25.0,JPY,61,2023-09-25,4309.0,JPY,JP,True,False,False,False,False,False,False,598.0,-1078.0,-0.2501740543049431,2025-05-15,False,False,9.99957175925926,True
2138330,018d937f-6ed7-7164-8fc3-5390f976e531,JP,2025-06-26 22:33:22,3016.0,4309.0,30.0,JPY,61,2023-09-25,4309.0,JPY,JP,True,False,False,False,False,False,False,640.0,-1293.0,-0.30006962172197726,2025-06-26,False,False,13.828159722222223,True
2138330,018d937f-6ed7-7164-8fc3-5390f976e531,JP,2025-08-04 17:25:32,3016.0,4309.0,30.0,JPY,61,2023-09-25,4309.0,JPY,JP,True,False,False,False,False,False,False,679.0,-1293.0,-0.30006962172197726,2025-08-04,False,False,12.995289351851852,True
2138330,018d937f-6ed7-7164-8fc3-5390f976e531,JP,2025-09-18 17:32:12,3016.0,4309.0,30.0,JPY,61,2023-09-25,4309.0,JPY,JP,True,False,False,False,False,False,False,724.0,-1293.0,-0.30006962172197726,2025-09-18,False,False,9.990833333333333,True
2138330,018d937f-6ed7-7164-8fc3-5390f976e531,JP,2025-09-29 21:33:47,3016.0,4309.0,30.0,JPY,61,2023-09-25,4309.0,JPY,JP,True,False,False,False,False,False,False,735.0,-1293.0,-0.30006962172197726,2025-09-29,False,False,6.871655092592593,True
2138330,018d937f-6ed7-7164-8fc3-5390f976e531,PL,2023-12-04 18:16:13,112.156,131.95600000000002,15.0,PLN,61,2023-09-25,99.99,PLN,PL,True,True,True,False,False,False,False,70.0,12.166000000000011,0.1216721672167218,2023-12-04,True,True,7.053877314814815,True
2138330,018d937f-6ed7-7164-8fc3-5390f976e531,PL,2023-12-21 22:44:41,112.156,131.95600000000002,15.0,PLN,61,2023-09-25,99.99,PLN,PL,True,False,False,False,False,False,False,87.0,12.166000000000011,0.1216721672167218,2023-12-21,True,True,13.956990740740741,True
2138330,018d937f-6ed7-7164-8fc3-5390f976e531,PL,2024-02-08 18:03:22,112.156,131.95600000000002,15.0,PLN,61,2023-09-25,99.99,PLN,PL,True,False,False,False,False,False,False,136.0,12.166000000000011,0.1216721672167218,2024-02-08,True,True,10.010185185185184,True
2138330,018d937f-6ed7-7164-8fc3-5390f976e531,PL,2024-03-14 17:49:29,112.156,131.95600000000002,15.0,PLN,61,2023-09-25,99.99,PLN,PL,True,False,False,False,False,False,False,171.0,12.166000000000011,0.1216721672167218,2024-03-14,True,True,6.9972916666666665,True
2138330,018d937f-6ed7-7164-8fc3-5390f976e531,PL,2024-03-28 17:15:52,112.156,131.95600000000002,15.0,PLN,61,2023-09-25,99.99,PLN,PL,True,False,False,False,False,False,False,185.0,12.166000000000011,0.1216721672167218,2024-03-28,True,True,10.00162037037037,True
2138330,018d937f-6ed7-7164-8fc3-5390f976e531,PL,2024-05-16 17:15:30,112.156,131.95600000000002,15.0,PLN,61,2023-09-25,99.99,PLN,PL,True,False,False,False,False,False,False,234.0,12.166000000000011,0.1216721672167218,2024-05-16,True,True,10.001782407407408,True
2138330,018d937f-6ed7-7164-8fc3-5390f976e531,PL,2024-06-27 18:00:02,105.88153846153847,124.57384615384616,15.0,PLN,61,2023-09-25,99.99,PLN,PL,True,False,False,False,False,False,False,276.0,5.891538461538474,0.05892127674305914,2024-06-27,True,True,14.02369212962963,True
2138330,018d937f-6ed7-7164-8fc3-5390f976e531,PL,2024-08-12 17:17:43,105.88153846153847,124.57384615384616,15.0,PLN,61,2023-09-25,99.99,PLN,PL,True,False,False,False,False,False,False,322.0,5.891538461538474,0.05892127674305914,2024-08-12,True,True,7.001886574074074,True
2138330,018d937f-6ed7-7164-8fc3-5390f976e531,PL,2024-09-19 17:16:17,99.65076923076923,124.57384615384616,20.0,PLN,61,2023-09-25,99.99,PLN,PL,True,False,False,False,False,False,False,360.0,-0.3392307692307668,-0.0033926469570033646,2024-09-19,True,True,10.001504629629629,True
2138330,018d937f-6ed7-7164-8fc3-5390f976e531,PL,2024-10-29 18:15:24,99.65076923076923,124.57384615384616,20.0,PLN,61,2023-09-25,99.99,PLN,PL,True,False,False,False,False,False,False,400.0,-0.3392307692307668,-0.0033926469570033646,2024-10-29,True,True,12.000023148148149,True
2138330,018d937f-6ed7-7164-8fc3-5390f976e531,PL,2024-11-27 21:02:42,99.65076923076923,124.57384615384616,20.0,PLN,61,2023-09-25,99.99,PLN,PL,True,False,False,False,False,False,False,429.0,-0.3392307692307668,-0.0033926469570033646,2024-11-27,True,True,6.927546296296296,True
2138330,018d937f-6ed7-7164-8fc3-5390f976e531,PL,2024-12-10 18:18:30,99.65076923076923,124.57384615384616,20.0,PLN,61,2023-09-25,99.99,PLN,PL,True,False,False,False,False,False,False,442.0,-0.3392307692307668,-0.0033926469570033646,2024-12-10,True,True,8.000925925925927,True
2138330,018d937f-6ed7-7164-8fc3-5390f976e531,PL,2024-12-19 23:14:41,99.65076923076923,124.57384615384616,20.0,PLN,61,2023-09-25,99.99,PLN,PL,True,False,False,False,False,False,False,451.0,-0.3392307692307668,-0.0033926469570033646,2024-12-19,True,True,13.824814814814815,True
2138330,018d937f-6ed7-7164-8fc3-5390f976e531,PL,2025-01-24 18:18:54,99.65076923076923,124.57384615384616,20.0,PLN,61,2023-09-25,99.99,PLN,PL,True,False,False,False,False,False,False,487.0,-0.3392307692307668,-0.0033926469570033646,2025-01-24,True,True,8.999583333333334,True
2138330,018d937f-6ed7-7164-8fc3-5390f976e531,PL,2025-03-13 22:10:40,93.42,124.57384615384616,25.0,PLN,61,2023-09-25,99.99,PLN,PL,True,False,False,False,False,False,False,535.0,-6.569999999999993,-0.06570657065706564,2025-03-13,True,True,13.797141203703704,True
2138330,018d937f-6ed7-7164-8fc3-5390f976e531,PL,2025-05-15 17:16:00,93.42,124.57384615384616,25.0,PLN,61,2023-09-25,99.99,PLN,PL,True,False,False,False,False,False,False,598.0,-6.569999999999993,-0.06570657065706564,2025-05-15,True,True,10.0,True
2138330,018d937f-6ed7-7164-8fc3-5390f976e531,PL,2025-06-26 21:52:33,88.0756862745098,125.84039215686275,30.0,PLN,61,2023-09-25,99.99,PLN,PL,True,False,False,False,False,False,False,640.0,-11.914313725490189,-0.1191550527601779,2025-06-26,True,True,13.842060185185185,True
2138330,018d937f-6ed7-7164-8fc3-5390f976e531,PL,2025-08-04 17:28:52,88.0756862745098,125.84039215686275,30.0,PLN,61,2023-09-25,99.99,PLN,PL,True,False,False,False,False,False,False,679.0,-11.914313725490189,-0.1191550527601779,2025-08-04,True,True,12.990717592592592,True
2138330,018d937f-6ed7-7164-8fc3-5390f976e531,PL,2025-09-18 17:29:58,88.0756862745098,125.84039215686275,30.0,PLN,61,2023-09-25,99.99,PLN,PL,True,False,False,False,False,False,False,724.0,-11.914313725490189,-0.1191550527601779,2025-09-18,True,True,9.990081018518518,True
2138330,018d937f-6ed7-7164-8fc3-5390f976e531,PL,2025-09-29 20:51:56,88.0756862745098,125.84039215686275,30.0,PLN,61,2023-09-25,99.99,PLN,PL,True,False,False,False,False,False,False,735.0,-11.914313725490189,-0.1191550527601779,2025-09-29,True,True,6.888923611111111,True
2138330,018d937f-6ed7-7164-8fc3-5390f976e531,TR,2023-11-21 15:59:40,22.748600000000003,22.748600000000003,0.0,USD,61,2023-09-25,22.49,USD,TR,False,True,True,False,False,False,False,57.0,0.2586000000000048,0.011498443752779197,2023-11-21,True,True,,False
2138330,018d937f-6ed7-7164-8fc3-5390f976e531,TR,2023-11-21 22:13:51,22.65585,22.65585,0.0,USD,61,2023-09-25,22.49,USD,TR,False,False,False,False,False,False,False,57.0,0.1658500000000025,0.00737438861716333,2023-11-21,True,True,,False
2138330,018d937f-6ed7-7164-8fc3-5390f976e531,TR,2023-12-04 18:30:28,19.341,22.761900000000004,15.0,USD,61,2023-09-25,22.49,USD,TR,True,False,False,False,False,False,False,70.0,-3.1489999999999974,-0.14001778568252543,2023-12-04,True,True,6.998645833333334,True
2138330,018d937f-6ed7-7164-8fc3-5390f976e531,TR,2023-12-05 18:19:34,19.33085,22.750000000000004,15.0,USD,61,2023-09-25,22.49,USD,TR,True,False,False,False,False,False,False,71.0,-3.159149999999997,-0.14046909737661173,2023-12-05,True,True,,False
2138330,018d937f-6ed7-7164-8fc3-5390f976e531,TR,2023-12-12 18:18:47,22.86445,22.86445,0.0,USD,61,2023-09-25,22.49,USD,TR,False,False,False,False,False,False,False,78.0,0.37445000000000306,0.01664962205424647,2023-12-12,True,True,,False
2138330,018d937f-6ed7-7164-8fc3-5390f976e531,TR,2023-12-21 20:24:58,19.504450000000002,22.954400000000003,15.0,USD,61,2023-09-25,22.49,USD,TR,True,False,False,False,False,False,False,87.0,-2.9855499999999964,-0.1327501111605156,2023-12-21,True,True,13.975798611111111,True
2138330,018d937f-6ed7-7164-8fc3-5390f976e531,TR,2023-12-21 22:39:26,19.500600000000002,22.949850000000005,15.0,USD,61,2023-09-25,22.49,USD,TR,True,False,False,False,False,False,False,87.0,-2.9893999999999963,-0.13292129835482425,2023-12-21,True,True,,False
2138330,018d937f-6ed7-7164-8fc3-5390f976e531,TR,2024-01-04 21:24:56,23.489200000000004,23.489200000000004,0.0,USD,61,2023-09-25,22.49,USD,TR,False,False,False,False,False,False,False,101.0,0.9992000000000054,0.04442863494886651,2024-01-04,True,True,,False
2138330,018d937f-6ed7-7164-8fc3-5390f976e531,TR,2024-02-08 18:18:48,20.47115,24.091900000000003,15.0,USD,61,2023-09-25,22.49,USD,TR,True,False,False,False,False,False,False,136.0,-2.018849999999997,-0.08976656291685181,2024-02-08,True,True,9.999525462962962,True
2138330,018d937f-6ed7-7164-8fc3-5390f976e531,TR,2024-02-11 10:59:36,19.11,22.49,15.0,USD,61,2023-09-25,22.49,USD,TR,True,True,False,False,False,False,False,139.0,-3.379999999999999,-0.1502890173410404,2024-02-11,False,False,,False
2138330,018d937f-6ed7-7164-8fc3-5390f976e531,TR,2024-03-14 17:49:30,19.11,22.49,15.0,USD,61,2023-09-25,22.49,USD,TR,True,False,False,False,False,False,False,171.0,-3.379999999999999,-0.1502890173410404,2024-03-14,False,False,6.999930555555555,True
2138330,018d937f-6ed7-7164-8fc3-5390f976e531,TR,2024-03-28 17:15:57,19.11,22.49,15.0,USD,61,2023-09-25,22.49,USD,TR,True,False,False,False,False,False,False,185.0,-3.379999999999999,-0.1502890173410404,2024-03-28,False,False,9.999641203703703,True
2138330,018d937f-6ed7-7164-8fc3-5390f976e531,TR,2024-05-16 17:18:03,19.11,22.49,15.0,USD,61,2023-09-25,22.49,USD,TR,True,False,False,False,False,False,False,234.0,-3.379999999999999,-0.1502890173410404,2024-05-16,False,False,10.000046296296297,True
2138330,018d937f-6ed7-7164-8fc3-5390f976e531,TR,2024-06-27 18:00:09,19.11,22.49,15.0,USD,61,2023-09-25,22.49,USD,TR,True,False,False,False,False,False,False,276.0,-3.379999999999999,-0.1502890173410404,2024-06-27,False,False,14.023703703703704,True
2138330,018d937f-6ed7-7164-8fc3-5390f976e531,TR,2024-08-12 17:17:41,19.11,22.49,15.0,USD,61,2023-09-25,22.49,USD,TR,True,False,False,False,False,False,False,322.0,-3.379999999999999,-0.1502890173410404,2024-08-12,False,False,7.001539351851852,True
2138330,018d937f-6ed7-7164-8fc3-5390f976e531,TR,2024-09-19 17:19:03,17.99,22.49,20.0,USD,61,2023-09-25,22.49,USD,TR,True,False,False,False,False,False,False,360.0,-4.5,-0.20008892841262782,2024-09-19,False,False,9.999768518518518,True
2138330,018d937f-6ed7-7164-8fc3-5390f976e531,TR,2024-10-29 18:15:30,17.99,22.49,20.0,USD,61,2023-09-25,22.49,USD,TR,True,False,False,False,False,False,False,400.0,-4.5,-0.20008892841262782,2024-10-29,False,False,12.001805555555556,True
2138330,018d937f-6ed7-7164-8fc3-5390f976e531,TR,2024-11-27 21:26:18,17.99,22.49,20.0,USD,61,2023-09-25,22.49,USD,TR,True,False,False,False,False,False,False,429.0,-4.5,-0.20008892841262782,2024-11-27,False,False,6.910798611111111,True
2138330,018d937f-6ed7-7164-8fc3-5390f976e531,TR,2024-12-10 18:18:14,17.99,22.49,20.0,USD,61,2023-09-25,22.49,USD,TR,True,False,False,False,False,False,False,442.0,-4.5,-0.20008892841262782,2024-12-10,False,False,8.001076388888889,True
2138330,018d937f-6ed7-7164-8fc3-5390f976e531,TR,2024-12-19 23:05:51,17.99,22.49,20.0,USD,61,2023-09-25,22.49,USD,TR,True,False,False,False,False,False,False,451.0,-4.5,-0.20008892841262782,2024-12-19,False,False,13.831238425925926,True
2138330,018d937f-6ed7-7164-8fc3-5390f976e531,TR,2025-01-24 18:18:16,17.99,22.49,20.0,USD,61,2023-09-25,22.49,USD,TR,True,False,False,False,False,False,False,487.0,-4.5,-0.20008892841262782,2025-01-24,False,False,9.000208333333333,True
2138330,018d937f-6ed7-7164-8fc3-5390f976e531,TR,2025-03-13 19:23:53,16.86,22.49,25.0,USD,61,2023-09-25,22.49,USD,TR,True,False,False,False,False,False,False,535.0,-5.629999999999999,-0.25033348154735435,2025-03-13,False,False,13.91337962962963,True
2138330,018d937f-6ed7-7164-8fc3-5390f976e531,TR,2025-05-15 17:19:11,16.86,22.49,25.0,USD,61,2023-09-25,22.49,USD,TR,True,False,False,False,False,False,False,598.0,-5.629999999999999,-0.25033348154735435,2025-05-15,False,False,9.997777777777777,True
2138330,018d937f-6ed7-7164-8fc3-5390f976e531,TR,2025-06-26 22:10:17,15.74,22.49,30.0,USD,61,2023-09-25,22.49,USD,TR,True,False,False,False,False,False,False,640.0,-6.749999999999998,-0.3001333926189417,2025-06-26,False,False,13.82988425925926,True
2138330,018d937f-6ed7-7164-8fc3-5390f976e531,TR,2025-08-04 17:21:12,15.74,22.49,30.0,USD,61,2023-09-25,22.49,USD,TR,True,False,False,False,False,False,False,679.0,-6.749999999999998,-0.3001333926189417,2025-08-04,False,False,12.996145833333333,True
2138330,018d937f-6ed7-7164-8fc3-5390f976e531,TR,2025-09-18 17:20:50,15.74,22.49,30.0,USD,61,2023-09-25,22.49,USD,TR,True,False,False,False,False,False,False,724.0,-6.749999999999998,-0.3001333926189417,2025-09-18,False,False,9.998495370370371,True
2138330,018d937f-6ed7-7164-8fc3-5390f976e531,TR,2025-09-29 21:05:00,15.74,22.49,30.0,USD,61,2023-09-25,22.49,USD,TR,True,False,False,False,False,False,False,735.0,-6.749999999999998,-0.3001333926189417,2025-09-29,False,False,6.879641203703704,True
2138330,018d937f-6ed7-7164-8fc3-5390f976e531,US,2023-12-04 19:08:23,25.49,29.99,15.0,USD,61,2023-09-25,29.99,USD,US,True,False,False,False,False,False,False,70.0,-4.5,-0.15005001667222406,2023-12-04,False,False,7.018715277777778,True
2138330,018d937f-6ed7-7164-8fc3-5390f976e531,US,2023-12-21 22:49:41,25.49,29.99,15.0,USD,61,2023-09-25,29.99,USD,US,True,False,False,False,False,False,False,87.0,-4.5,-0.15005001667222406,2023-12-21,False,False,13.945266203703703,True
2138330,018d937f-6ed7-7164-8fc3-5390f976e531,US,2024-02-08 18:48:44,25.49,29.99,15.0,USD,61,2023-09-25,29.99,USD,US,True,False,False,False,False,False,False,136.0,-4.5,-0.15005001667222406,2024-02-08,False,False,9.976851851851851,True
2138330,018d937f-6ed7-7164-8fc3-5390f976e531,US,2024-03-14 17:49:29,25.49,29.99,15.0,USD,61,2023-09-25,29.99,USD,US,True,False,False,False,False,False,False,171.0,-4.5,-0.15005001667222406,2024-03-14,False,False,6.9999768518518515,True
2138330,018d937f-6ed7-7164-8fc3-5390f976e531,US,2024-03-28 17:18:42,25.49,29.99,15.0,USD,61,2023-09-25,29.99,USD,US,True,False,False,False,False,False,False,185.0,-4.5,-0.15005001667222406,2024-03-28,False,False,9.999583333333334,True
2138330,018d937f-6ed7-7164-8fc3-5390f976e531,US,2024-05-16 17:18:14,25.49,29.99,15.0,USD,61,2023-09-25,29.99,USD,US,True,False,False,False,False,False,False,234.0,-4.5,-0.15005001667222406,2024-05-16,False,False,10.00025462962963,True
2138330,018d937f-6ed7-7164-8fc3-5390f976e531,US,2024-06-27 18:00:06,25.49,29.99,15.0,USD,61,2023-09-25,29.99,USD,US,True,False,False,False,False,False,False,276.0,-4.5,-0.15005001667222406,2024-06-27,False,False,14.023680555555556,True
2138330,018d937f-6ed7-7164-8fc3-5390f976e531,US,2024-08-12 17:17:41,25.49,29.99,15.0,USD,61,2023-09-25,29.99,USD,US,True,False,False,False,False,False,False,322.0,-4.5,-0.15005001667222406,2024-08-12,False,False,6.999849537037037,True
2138330,018d937f-6ed7-7164-8fc3-5390f976e531,US,2024-09-19 17:19:04,23.99,29.99,20.0,USD,61,2023-09-25,29.99,USD,US,True,False,False,False,False,False,False,360.0,-6.0,-0.20006668889629875,2024-09-19,False,False,9.999780092592593,True
2138330,018d937f-6ed7-7164-8fc3-5390f976e531,US,2024-10-29 18:18:04,23.99,29.99,20.0,USD,61,2023-09-25,29.99,USD,US,True,False,False,False,False,False,False,400.0,-6.0,-0.20006668889629875,2024-10-29,False,False,11.998275462962964,True
2138330,018d937f-6ed7-7164-8fc3-5390f976e531,US,2024-11-27 21:02:49,23.99,29.99,20.0,USD,61,2023-09-25,29.99,USD,US,True,False,False,False,False,False,False,429.0,-6.0,-0.20006668889629875,2024-11-27,False,False,6.9275115740740745,True
2138330,018d937f-6ed7-7164-8fc3-5390f976e531,US,2024-12-10 18:18:13,23.99,29.99,20.0,USD,61,2023-09-25,29.99,USD,US,True,False,False,False,False,False,False,442.0,-6.0,-0.20006668889629875,2024-12-10,False,False,8.000648148148148,True
2138330,018d937f-6ed7-7164-8fc3-5390f976e531,US,2024-12-19 23:14:22,23.99,29.99,20.0,USD,61,2023-09-25,29.99,USD,US,True,False,False,False,False,False,False,451.0,-6.0,-0.20006668889629875,2024-12-19,False,False,13.823125,True
2138330,018d937f-6ed7-7164-8fc3-5390f976e531,US,2025-01-24 18:18:32,23.99,29.99,20.0,USD,61,2023-09-25,29.99,USD,US,True,False,False,False,False,False,False,487.0,-6.0,-0.20006668889629875,2025-01-24,False,False,8.999988425925926,True
2138330,018d937f-6ed7-7164-8fc3-5390f976e531,US,2025-03-13 19:00:13,22.49,29.99,25.0,USD,61,2023-09-25,29.99,USD,US,True,False,False,False,False,False,False,535.0,-7.5,-0.25008336112037344,2025-03-13,False,False,13.929583333333333,True
2138330,018d937f-6ed7-7164-8fc3-5390f976e531,US,2025-05-15 17:15:58,22.49,29.99,25.0,USD,61,2023-09-25,29.99,USD,US,True,False,False,False,False,False,False,598.0,-7.5,-0.25008336112037344,2025-05-15,False,False,10.002268518518518,True
2138330,018d937f-6ed7-7164-8fc3-5390f976e531,US,2025-06-26 21:59:55,20.99,29.99,30.0,USD,61,2023-09-25,29.99,USD,US,True,False,False,False,False,False,False,640.0,-9.0,-0.3001000333444481,2025-06-26,False,False,13.839108796296296,True
2138330,018d937f-6ed7-7164-8fc3-5390f976e531,US,2025-08-04 17:23:09,20.99,29.99,30.0,USD,61,2023-09-25,29.99,USD,US,True,False,False,False,False,False,False,679.0,-9.0,-0.3001000333444481,2025-08-04,False,False,12.996770833333333,True
2138330,018d937f-6ed7-7164-8fc3-5390f976e531,US,2025-09-18 17:31:08,20.99,29.99,30.0,USD,61,2023-09-25,29.99,USD,US,True,False,False,False,False,False,False,724.0,-9.0,-0.3001000333444481,2025-09-18,False,False,9.989351851851852,True
2138330,018d937f-6ed7-7164-8fc3-5390f976e531,US,2025-09-29 21:07:57,20.99,29.99,30.0,USD,61,2023-09-25,29.99,USD,US,True,False,False,False,False,False,False,735.0,-9.0,-0.3001000333444481,2025-09-29,False,False,6.882025462962963,True
2183900,018d937f-6ed9-71ca-8010-4baa9771ef55,AR,2024-11-27 19:51:42,47.99,59.99,20.0,USD,61,2024-09-09,34.99,USD,AR,True,False,False,False,False,False,False,79.0,13.0,0.37153472420691624,2024-11-27,False,False,6.976574074074074,True
2183900,018d937f-6ed9-71ca-8010-4baa9771ef55,AR,2024-12-09 18:20:07,47.99,59.99,20.0,USD,61,2024-09-09,34.99,USD,AR,True,False,False,False,False,False,False,91.0,13.0,0.37153472420691624,2024-12-09,False,False,6.9996527777777775,True
2183900,018d937f-6ed9-71ca-8010-4baa9771ef55,AR,2024-12-19 21:58:02,44.99,59.99,25.0,USD,61,2024-09-09,34.99,USD,AR,True,False,False,False,False,False,False,101.0,10.0,0.2857959416976279,2024-12-19,False,False,13.880069444444445,True
2183900,018d937f-6ed9-71ca-8010-4baa9771ef55,AR,2025-01-16 18:19:12,44.99,59.99,25.0,USD,61,2024-09-09,34.99,USD,AR,True,False,False,False,False,False,False,129.0,10.0,0.2857959416976279,2025-01-16,False,False,14.001319444444444,True
2183900,018d937f-6ed9-71ca-8010-4baa9771ef55,AR,2025-03-05 17:18:15,38.99,59.99,35.0,USD,61,2024-09-09,34.99,USD,AR,True,False,False,False,False,False,False,177.0,4.0,0.1143183766790512,2025-03-05,False,False,15.03241898148148,True
2183900,018d937f-6ed9-71ca-8010-4baa9771ef55,AR,2025-04-12 17:18:58,38.99,59.99,35.0,USD,61,2024-09-09,34.99,USD,AR,True,False,False,False,False,False,False,215.0,4.0,0.1143183766790512,2025-04-12,False,False,9.99767361111111,True
2183900,018d937f-6ed9-71ca-8010-4baa9771ef55,AR,2025-05-22 17:18:42,35.99,59.99,40.0,USD,61,2024-09-09,34.99,USD,AR,True,False,False,False,False,False,False,255.0,1.0,0.028579594169762856,2025-05-22,False,False,14.00769675925926,True
2183900,018d937f-6ed9-71ca-8010-4baa9771ef55,AR,2025-06-26 22:28:02,35.99,59.99,40.0,USD,61,2024-09-09,34.99,USD,AR,True,False,False,False,False,False,False,290.0,1.0,0.028579594169762856,2025-06-26,False,False,13.831851851851852,True
2183900,018d937f-6ed9-71ca-8010-4baa9771ef55,AR,2025-07-21 17:18:00,32.99,59.99,45.0,USD,61,2024-09-09,34.99,USD,AR,True,False,False,False,False,False,False,315.0,-2.0,-0.0571591883395256,2025-07-21,False,False,14.003622685185185,True
2183900,018d937f-6ed9-71ca-8010-4baa9771ef55,AR,2025-09-04 17:00:46,29.99,59.99,50.0,USD,61,2024-09-09,34.99,USD,AR,True,False,False,False,False,False,False,360.0,-5.0000000000000036,-0.14289797084881406,2025-09-04,False,False,11.015787037037038,True
2183900,018d937f-6ed9-71ca-8010-4baa9771ef55,AR,2025-09-29 20:53:02,29.99,59.99,50.0,USD,61,2024-09-09,34.99,USD,AR,True,False,False,False,False,False,False,385.0,-5.0000000000000036,-0.14289797084881406,2025-09-29,False,False,6.892488425925926,True
2183900,018d937f-6ed9-71ca-8010-4baa9771ef55,AR,2025-10-15 17:18:36,26.99,59.99,55.0,USD,61,2024-09-09,34.99,USD,AR,True,False,False,False,False,False,False,401.0,-8.000000000000004,-0.2286367533581024,2025-10-15,False,False,9.998101851851851,True
2183900,018d937f-6ed9-71ca-8010-4baa9771ef55,AU,2024-11-27 19:51:23,71.96,89.95,20.0,AUD,61,2024-09-09,89.95,AUD,AU,True,False,False,False,False,False,False,79.0,-17.99000000000001,-0.20000000000000007,2024-11-27,False,False,6.972962962962963,True
2183900,018d937f-6ed9-71ca-8010-4baa9771ef55,AU,2024-12-09 18:22:07,71.96,89.95,20.0,AUD,61,2024-09-09,89.95,AUD,AU,True,False,False,False,False,False,False,91.0,-17.99000000000001,-0.20000000000000007,2024-12-09,False,False,6.998842592592593,True
2183900,018d937f-6ed9-71ca-8010-4baa9771ef55,AU,2024-12-19 21:29:41,67.46,89.95,25.0,AUD,61,2024-09-09,89.95,AUD,AU,True,False,False,False,False,False,False,101.0,-22.49000000000001,-0.2500277932184548,2024-12-19,False,False,13.899953703703703,True
2183900,018d937f-6ed9-71ca-8010-4baa9771ef55,AU,2025-01-16 18:19:56,67.46,89.95,25.0,AUD,61,2024-09-09,89.95,AUD,AU,True,False,False,False,False,False,False,129.0,-22.49000000000001,-0.2500277932184548,2025-01-16,False,False,14.00113425925926,True
2183900,018d937f-6ed9-71ca-8010-4baa9771ef55,AU,2025-03-05 17:18:15,58.46,89.95,35.0,AUD,61,2024-09-09,89.95,AUD,AU,True,False,False,False,False,False,False,177.0,-31.490000000000002,-0.35008337965536407,2025-03-05,False,False,15.032349537037037,True
2183900,018d937f-6ed9-71ca-8010-4baa9771ef55,AU,2025-04-12 17:18:30,58.46,89.95,35.0,AUD,61,2024-09-09,89.95,AUD,AU,True,False,False,False,False,False,False,215.0,-31.490000000000002,-0.35008337965536407,2025-04-12,False,False,9.998113425925926,True
2183900,018d937f-6ed9-71ca-8010-4baa9771ef55,AU,2025-05-22 17:18:21,53.97,89.95,40.0,AUD,61,2024-09-09,89.95,AUD,AU,True,False,False,False,False,False,False,255.0,-35.980000000000004,-0.4,2025-05-22,False,False,14.008055555555556,True
2183900,018d937f-6ed9-71ca-8010-4baa9771ef55,AU,2025-06-26 22:25:49,53.97,89.95,40.0,AUD,61,2024-09-09,89.95,AUD,AU,True,False,False,False,False,False,False,290.0,-35.980000000000004,-0.4,2025-06-26,False,False,13.831574074074075,True
2183900,018d937f-6ed9-71ca-8010-4baa9771ef55,AU,2025-07-21 17:18:07,49.47,89.95,45.0,AUD,61,2024-09-09,89.95,AUD,AU,True,False,False,False,False,False,False,315.0,-40.480000000000004,-0.45002779321845476,2025-07-21,False,False,14.003854166666667,True
2183900,018d937f-6ed9-71ca-8010-4baa9771ef55,AU,2025-09-04 17:03:43,44.97,89.95,50.0,AUD,61,2024-09-09,89.95,AUD,AU,True,False,False,False,False,False,False,360.0,-44.980000000000004,-0.5000555864369094,2025-09-04,False,False,11.016550925925927,True
2183900,018d937f-6ed9-71ca-8010-4baa9771ef55,AU,2025-09-29 20:41:56,44.97,89.95,50.0,AUD,61,2024-09-09,89.95,AUD,AU,True,False,False,False,False,False,False,385.0,-44.980000000000004,-0.5000555864369094,2025-09-29,False,False,6.900219907407408,True
2183900,018d937f-6ed9-71ca-8010-4baa9771ef55,AU,2025-10-15 17:18:55,40.47,89.95,55.0,AUD,61,2024-09-09,89.95,AUD,AU,True,False,False,False,False,False,False,401.0,-49.480000000000004,-0.5500833796553641,2025-10-15,False,False,9.997916666666667,True
2183900,018d937f-6ed9-71ca-8010-4baa9771ef55,BR,2024-11-27 19:51:48,159.92,199.9,20.0,BRL,61,2024-09-09,199.9,BRL,BR,True,False,False,False,False,False,False,79.0,-39.98000000000002,-0.20000000000000007,2024-11-27,False,False,6.976400462962963,True
2183900,018d937f-6ed9-71ca-8010-4baa9771ef55,BR,2024-12-09 18:22:10,159.92,199.9,20.0,BRL,61,2024-09-09,199.9,BRL,BR,True,False,False,False,False,False,False,91.0,-39.98000000000002,-0.20000000000000007,2024-12-09,False,False,6.999143518518519,True
2183900,018d937f-6ed9-71ca-8010-4baa9771ef55,BR,2024-12-19 21:54:49,149.92,199.9,25.0,BRL,61,2024-09-09,199.9,BRL,BR,True,False,False,False,False,False,False,101.0,-49.98000000000002,-0.2500250125062532,2024-12-19,False,False,13.882268518518519,True
2183900,018d937f-6ed9-71ca-8010-4baa9771ef55,BR,2025-01-16 18:21:20,149.92,199.9,25.0,BRL,61,2024-09-09,199.9,BRL,BR,True,False,False,False,False,False,False,129.0,-49.98000000000002,-0.2500250125062532,2025-01-16,False,False,13.99738425925926,True
2183900,018d937f-6ed9-71ca-8010-4baa9771ef55,BR,2025-03-05 17:18:15,129.93,199.9,35.0,BRL,61,2024-09-09,199.9,BRL,BR,True,False,False,False,False,False,False,177.0,-69.97,-0.35002501250625306,2025-03-05,False,False,15.032349537037037,True
2183900,018d937f-6ed9-71ca-8010-4baa9771ef55,BR,2025-04-12 17:18:30,129.93,199.9,35.0,BRL,61,2024-09-09,199.9,BRL,BR,True,False,False,False,False,False,False,215.0,-69.97,-0.35002501250625306,2025-04-12,False,False,9.99988425925926,True
2183900,018d937f-6ed9-71ca-8010-4baa9771ef55,BR,2025-05-22 17:18:39,119.94,199.9,40.0,BRL,61,2024-09-09,199.9,BRL,BR,True,False,False,False,False,False,False,255.0,-79.96000000000001,-0.4,2025-05-22,False,False,14.007893518518518,True
2183900,018d937f-6ed9-71ca-8010-4baa9771ef55,BR,2025-06-26 22:26:19,119.94,199.9,40.0,BRL,61,2024-09-09,199.9,BRL,BR,True,False,False,False,False,False,False,290.0,-79.96000000000001,-0.4,2025-06-26,False,False,13.831331018518519,True
2183900,018d937f-6ed9-71ca-8010-4baa9771ef55,BR,2025-07-21 17:18:05,109.94,199.9,45.0,BRL,61,2024-09-09,199.9,BRL,BR,True,False,False,False,False,False,False,315.0,-89.96000000000001,-0.45002501250625315,2025-07-21,False,False,14.001967592592592,True
2183900,018d937f-6ed9-71ca-8010-4baa9771ef55,BR,2025-09-04 17:03:26,99.95,199.9,50.0,BRL,61,2024-09-09,199.9,BRL,BR,True,False,False,False,False,False,False,360.0,-99.95,-0.5,2025-09-04,False,False,11.012662037037037,True
2183900,018d937f-6ed9-71ca-8010-4baa9771ef55,BR,2025-09-29 20:52:37,99.95,199.9,50.0,BRL,61,2024-09-09,199.9,BRL,BR,True,False,False,False,False,False,False,385.0,-99.95,-0.5,2025-09-29,False,False,6.892743055555556,True
2183900,018d937f-6ed9-71ca-8010-4baa9771ef55,BR,2025-10-15 17:18:19,89.95,199.9,55.0,BRL,61,2024-09-09,199.9,BRL,BR,True,False,False,False,False,False,False,401.0,-109.95,-0.5500250125062531,2025-10-15,False,False,9.998321759259259,True
2183900,018d937f-6ed9-71ca-8010-4baa9771ef55,CA,2024-11-27 19:51:53,63.99,79.99,20.0,CAD,61,2024-09-09,79.99,CAD,CA,True,False,False,False,False,False,False,79.0,-15.999999999999993,-0.20002500312539062,2024-11-27,False,False,6.976412037037037,True
2183900,018d937f-6ed9-71ca-8010-4baa9771ef55,CA,2024-12-09 18:18:03,63.99,79.99,20.0,CAD,61,2024-09-09,79.99,CAD,CA,True,False,False,False,False,False,False,91.0,-15.999999999999993,-0.20002500312539062,2024-12-09,False,False,7.001192129629629,True
2183900,018d937f-6ed9-71ca-8010-4baa9771ef55,CA,2024-12-19 21:57:56,59.99,79.99,25.0,CAD,61,2024-09-09,79.99,CAD,CA,True,False,False,False,False,False,False,101.0,-19.999999999999993,-0.2500312539067383,2024-12-19,False,False,13.880324074074075,True
2183900,018d937f-6ed9-71ca-8010-4baa9771ef55,CA,2025-01-16 18:19:36,59.99,79.99,25.0,CAD,61,2024-09-09,79.99,CAD,CA,True,False,False,False,False,False,False,129.0,-19.999999999999993,-0.2500312539067383,2025-01-16,False,False,13.998472222222222,True
2183900,018d937f-6ed9-71ca-8010-4baa9771ef55,CA,2025-03-05 17:18:31,51.99,79.99,35.0,CAD,61,2024-09-09,79.99,CAD,CA,True,False,False,False,False,False,False,177.0,-27.999999999999993,-0.35004375546943356,2025-03-05,False,False,15.03241898148148,True
2183900,018d937f-6ed9-71ca-8010-4baa9771ef55,CA,2025-04-12 17:18:42,51.99,79.99,35.0,CAD,61,2024-09-09,79.99,CAD,CA,True,False,False,False,False,False,False,215.0,-27.999999999999993,-0.35004375546943356,2025-04-12,False,False,9.999918981481482,True
2183900,018d937f-6ed9-71ca-8010-4baa9771ef55,CA,2025-05-22 17:15:51,47.99,79.99,40.0,CAD,61,2024-09-09,79.99,CAD,CA,True,False,False,False,False,False,False,255.0,-31.999999999999993,-0.40005000625078124,2025-05-22,False,False,14.008819444444445,True
2183900,018d937f-6ed9-71ca-8010-4baa9771ef55,CA,2025-06-26 22:22:40,47.99,79.99,40.0,CAD,61,2024-09-09,79.99,CAD,CA,True,False,False,False,False,False,False,290.0,-31.999999999999993,-0.40005000625078124,2025-06-26,False,False,13.83582175925926,True
2183900,018d937f-6ed9-71ca-8010-4baa9771ef55,CA,2025-07-21 17:23:38,43.99,79.99,45.0,CAD,61,2024-09-09,79.99,CAD,CA,True,False,False,False,False,False,False,315.0,-35.99999999999999,-0.4500562570321289,2025-07-21,False,False,14.00363425925926,True
2183900,018d937f-6ed9-71ca-8010-4baa9771ef55,CA,2025-09-04 17:03:18,39.99,79.99,50.0,CAD,61,2024-09-09,79.99,CAD,CA,True,False,False,False,False,False,False,360.0,-39.99999999999999,-0.5000625078134766,2025-09-04,False,False,11.01275462962963,True
2183900,018d937f-6ed9-71ca-8010-4baa9771ef55,CA,2025-09-29 20:52:59,39.99,79.99,50.0,CAD,61,2024-09-09,79.99,CAD,CA,True,False,False,False,False,False,False,385.0,-39.99999999999999,-0.5000625078134766,2025-09-29,False,False,6.890046296296297,True
2183900,018d937f-6ed9-71ca-8010-4baa9771ef55,CA,2025-10-15 17:18:32,35.99,79.99,55.0,CAD,61,2024-09-09,79.99,CAD,CA,True,False,False,False,False,False,False,401.0,-43.99999999999999,-0.5500687585948243,2025-10-15,False,False,9.998009259259259,True
2183900,018d937f-6ed9-71ca-8010-4baa9771ef55,CN,2024-11-27 19:51:50,199.2,249.0,20.0,CNY,61,2024-09-09,249.0,CNY,CN,True,False,False,False,False,False,False,79.0,-49.80000000000001,-0.20000000000000007,2024-11-27,False,False,6.973958333333333,True
2183900,018d937f-6ed9-71ca-8010-4baa9771ef55,CN,2024-12-09 18:22:58,199.2,249.0,20.0,CNY,61,2024-09-09,249.0,CNY,CN,True,False,False,False,False,False,False,91.0,-49.80000000000001,-0.20000000000000007,2024-12-09,False,False,6.997696759259259,True
2183900,018d937f-6ed9-71ca-8010-4baa9771ef55,CN,2024-12-19 20:38:27,186.75,249.0,25.0,CNY,61,2024-09-09,249.0,CNY,CN,True,False,False,False,False,False,False,101.0,-62.25,-0.25,2024-12-19,False,False,13.933530092592592,True
2183900,018d937f-6ed9-71ca-8010-4baa9771ef55,CN,2025-01-16 18:21:03,186.75,249.0,25.0,CNY,61,2024-09-09,249.0,CNY,CN,True,False,False,False,False,False,False,129.0,-62.25,-0.25,2025-01-16,False,False,14.000381944444445,True
2183900,018d937f-6ed9-71ca-8010-4baa9771ef55,CN,2025-03-05 17:18:11,161.85,249.0,35.0,CNY,61,2024-09-09,249.0,CNY,CN,True,False,False,False,False,False,False,177.0,-87.15,-0.35,2025-03-05,False,False,15.032743055555555,True
2183900,018d937f-6ed9-71ca-8010-4baa9771ef55,CN,2025-04-12 17:18:50,161.85,249.0,35.0,CNY,61,2024-09-09,249.0,CNY,CN,True,False,False,False,False,False,False,215.0,-87.15,-0.35,2025-04-12,False,False,9.99787037037037,True
2183900,018d937f-6ed9-71ca-8010-4baa9771ef55,CN,2025-05-22 17:15:51,149.4,249.0,40.0,CNY,61,2024-09-09,249.0,CNY,CN,True,False,False,False,False,False,False,255.0,-99.6,-0.4,2025-05-22,False,False,14.008738425925927,True
2183900,018d937f-6ed9-71ca-8010-4baa9771ef55,CN,2025-06-26 22:25:01,149.4,249.0,40.0,CNY,61,2024-09-09,249.0,CNY,CN,True,False,False,False,False,False,False,290.0,-99.6,-0.4,2025-06-26,False,False,13.829872685185185,True
2183900,018d937f-6ed9-71ca-8010-4baa9771ef55,CN,2025-07-21 17:20:41,136.95,249.0,45.0,CNY,61,2024-09-09,249.0,CNY,CN,True,False,False,False,False,False,False,315.0,-112.05000000000001,-0.45000000000000007,2025-07-21,False,False,14.000335648148148,True
2183900,018d937f-6ed9-71ca-8010-4baa9771ef55,CN,2025-09-04 17:03:33,124.5,249.0,50.0,CNY,61,2024-09-09,249.0,CNY,CN,True,False,False,False,False,False,False,360.0,-124.5,-0.5,2025-09-04,False,False,11.014027777777779,True
2183900,018d937f-6ed9-71ca-8010-4baa9771ef55,CN,2025-09-29 20:35:38,124.5,249.0,50.0,CNY,61,2024-09-09,249.0,CNY,CN,True,False,False,False,False,False,False,385.0,-124.5,-0.5,2025-09-29,False,False,6.900081018518518,True
2183900,018d937f-6ed9-71ca-8010-4baa9771ef55,CN,2025-10-15 17:16:19,112.05,249.0,55.0,CNY,61,2024-09-09,249.0,CNY,CN,True,False,False,False,False,False,False,401.0,-136.95,-0.55,2025-10-15,False,False,10.001527777777778,True
2183900,018d937f-6ed9-71ca-8010-4baa9771ef55,DE,2024-11-27 19:52:52,47.99,59.99,20.0,EUR,61,2024-09-09,59.99,EUR,DE,True,False,False,False,False,False,False,79.0,-12.0,-0.200033338889815,2024-11-27,False,False,6.9757291666666665,True
2183900,018d937f-6ed9-71ca-8010-4baa9771ef55,DE,2024-12-09 18:20:07,47.99,59.99,20.0,EUR,61,2024-09-09,59.99,EUR,DE,True,False,False,False,False,False,False,91.0,-12.0,-0.200033338889815,2024-12-09,False,False,6.99912037037037,True
2183900,018d937f-6ed9-71ca-8010-4baa9771ef55,DE,2024-12-19 21:54:54,44.99,59.99,25.0,EUR,61,2024-09-09,59.99,EUR,DE,True,False,False,False,False,False,False,101.0,-15.0,-0.2500416736122687,2024-12-19,False,False,13.8825,True
2183900,018d937f-6ed9-71ca-8010-4baa9771ef55,DE,2025-01-16 18:20:47,44.99,59.99,25.0,EUR,61,2024-09-09,59.99,EUR,DE,True,False,False,False,False,False,False,129.0,-15.0,-0.2500416736122687,2025-01-16,False,False,13.997638888888888,True
2183900,018d937f-6ed9-71ca-8010-4baa9771ef55,DE,2025-03-05 17:18:21,38.99,59.99,35.0,EUR,61,2024-09-09,59.99,EUR,DE,True,False,False,False,False,False,False,177.0,-21.0,-0.3500583430571762,2025-03-05,False,False,15.032581018518519,True
2183900,018d937f-6ed9-71ca-8010-4baa9771ef55,DE,2025-04-12 17:18:41,38.99,59.99,35.0,EUR,61,2024-09-09,59.99,EUR,DE,True,False,False,False,False,False,False,215.0,-21.0,-0.3500583430571762,2025-04-12,False,False,9.99795138888889,True
2183900,018d937f-6ed9-71ca-8010-4baa9771ef55,DE,2025-05-22 17:18:23,35.99,59.99,40.0,EUR,61,2024-09-09,59.99,EUR,DE,True,False,False,False,False,False,False,255.0,-24.0,-0.4000666777796299,2025-05-22,False,False,14.007731481481482,True
2183900,018d937f-6ed9-71ca-8010-4baa9771ef55,DE,2025-06-26 22:25:40,35.99,59.99,40.0,EUR,61,2024-09-09,59.99,EUR,DE,True,False,False,False,False,False,False,290.0,-24.0,-0.4000666777796299,2025-06-26,False,False,13.831527777777778,True
2183900,018d937f-6ed9-71ca-8010-4baa9771ef55,DE,2025-07-21 17:23:32,32.99,59.99,45.0,EUR,61,2024-09-09,59.99,EUR,DE,True,False,False,False,False,False,False,315.0,-27.0,-0.4500750125020837,2025-07-21,False,False,14.003726851851852,True
2183900,018d937f-6ed9-71ca-8010-4baa9771ef55,DE,2025-09-04 17:03:34,29.99,59.99,50.0,EUR,61,2024-09-09,59.99,EUR,DE,True,False,False,False,False,False,False,360.0,-30.000000000000004,-0.5000833472245374,2025-09-04,False,False,11.012361111111112,True
2183900,018d937f-6ed9-71ca-8010-4baa9771ef55,DE,2025-09-29 20:30:34,29.99,59.99,50.0,EUR,61,2024-09-09,59.99,EUR,DE,True,False,False,False,False,False,False,385.0,-30.000000000000004,-0.5000833472245374,2025-09-29,False,False,6.903842592592593,True
2183900,018d937f-6ed9-71ca-8010-4baa9771ef55,DE,2025-10-15 17:15:41,26.99,59.99,55.0,EUR,61,2024-09-09,59.99,EUR,DE,True,False,False,False,False,False,False,401.0,-33.0,-0.5500916819469912,2025-10-15,False,False,10.002141203703705,True
2183900,018d937f-6ed9-71ca-8010-4baa9771ef55,FR,2024-11-27 19:52:52,47.99,59.99,20.0,EUR,61,2024-09-09,59.99,EUR,FR,True,False,False,False,False,False,False,79.0,-12.0,-0.200033338889815,2024-11-27,False,False,6.9757291666666665,True
2183900,018d937f-6ed9-71ca-8010-4baa9771ef55,FR,2024-12-09 18:20:07,47.99,59.99,20.0,EUR,61,2024-09-09,59.99,EUR,FR,True,False,False,False,False,False,False,91.0,-12.0,-0.200033338889815,2024-12-09,False,False,6.99912037037037,True
2183900,018d937f-6ed9-71ca-8010-4baa9771ef55,FR,2024-12-19 21:54:54,44.99,59.99,25.0,EUR,61,2024-09-09,59.99,EUR,FR,True,False,False,False,False,False,False,101.0,-15.0,-0.2500416736122687,2024-12-19,False,False,13.8825,True
2183900,018d937f-6ed9-71ca-8010-4baa9771ef55,FR,2025-01-16 18:20:47,44.99,59.99,25.0,EUR,61,2024-09-09,59.99,EUR,FR,True,False,False,False,False,False,False,129.0,-15.0,-0.2500416736122687,2025-01-16,False,False,13.997638888888888,True
2183900,018d937f-6ed9-71ca-8010-4baa9771ef55,FR,2025-03-05 17:18:21,38.99,59.99,35.0,EUR,61,2024-09-09,59.99,EUR,FR,True,False,False,False,False,False,False,177.0,-21.0,-0.3500583430571762,2025-03-05,False,False,15.032581018518519,True
2183900,018d937f-6ed9-71ca-8010-4baa9771ef55,FR,2025-04-12 17:18:41,38.99,59.99,35.0,EUR,61,2024-09-09,59.99,EUR,FR,True,False,False,False,False,False,False,215.0,-21.0,-0.3500583430571762,2025-04-12,False,False,9.99795138888889,True
2183900,018d937f-6ed9-71ca-8010-4baa9771ef55,FR,2025-05-22 17:18:23,35.99,59.99,40.0,EUR,61,2024-09-09,59.99,EUR,FR,True,False,False,False,False,False,False,255.0,-24.0,-0.4000666777796299,2025-05-22,False,False,14.007731481481482,True
2183900,018d937f-6ed9-71ca-8010-4baa9771ef55,FR,2025-06-26 22:25:40,35.99,59.99,40.0,EUR,61,2024-09-09,59.99,EUR,FR,True,False,False,False,False,False,False,290.0,-24.0,-0.4000666777796299,2025-06-26,False,False,13.831527777777778,True
2183900,018d937f-6ed9-71ca-8010-4baa9771ef55,FR,2025-07-21 17:23:32,32.99,59.99,45.0,EUR,61,2024-09-09,59.99,EUR,FR,True,False,False,False,False,False,False,315.0,-27.0,-0.4500750125020837,2025-07-21,False,False,14.003726851851852,True
2183900,018d937f-6ed9-71ca-8010-4baa9771ef55,FR,2025-09-04 17:03:34,29.99,59.99,50.0,EUR,61,2024-09-09,59.99,EUR,FR,True,False,False,False,False,False,False,360.0,-30.000000000000004,-0.5000833472245374,2025-09-04,False,False,11.012361111111112,True
2183900,018d937f-6ed9-71ca-8010-4baa9771ef55,FR,2025-09-29 20:30:34,29.99,59.99,50.0,EUR,61,2024-09-09,59.99,EUR,FR,True,False,False,False,False,False,False,385.0,-30.000000000000004,-0.5000833472245374,2025-09-29,False,False,6.903842592592593,True
2183900,018d937f-6ed9-71ca-8010-4baa9771ef55,FR,2025-10-15 17:15:41,26.99,59.99,55.0,EUR,61,2024-09-09,59.99,EUR,FR,True,False,False,False,False,False,False,401.0,-33.0,-0.5500916819469912,2025-10-15,False,False,10.002141203703705,True
2183900,018d937f-6ed9-71ca-8010-4baa9771ef55,GB,2024-11-27 19:51:49,43.99,54.99,20.0,GBP,61,2024-09-09,54.99,GBP,GB,True,False,False,False,False,False,False,79.0,-11.0,-0.20003637024913623,2024-11-27,False,False,6.976412037037037,True
2183900,018d937f-6ed9-71ca-8010-4baa9771ef55,GB,2024-12-09 18:18:02,43.99,54.99,20.0,GBP,61,2024-09-09,54.99,GBP,GB,True,False,False,False,False,False,False,91.0,-11.0,-0.20003637024913623,2024-12-09,False,False,7.0017708333333335,True
2183900,018d937f-6ed9-71ca-8010-4baa9771ef55,GB,2024-12-19 21:52:31,41.24,54.99,25.0,GBP,61,2024-09-09,54.99,GBP,GB,True,False,False,False,False,False,False,101.0,-13.75,-0.25004546281142026,2024-12-19,False,False,13.88625,True
2183900,018d937f-6ed9-71ca-8010-4baa9771ef55,GB,2025-01-16 18:20:47,41.24,54.99,25.0,GBP,61,2024-09-09,54.99,GBP,GB,True,False,False,False,False,False,False,129.0,-13.75,-0.25004546281142026,2025-01-16,False,False,13.999618055555555,True
2183900,018d937f-6ed9-71ca-8010-4baa9771ef55,GB,2025-03-05 17:15:37,35.74,54.99,35.0,GBP,61,2024-09-09,54.99,GBP,GB,True,False,False,False,False,False,False,177.0,-19.25,-0.3500636479359883,2025-03-05,False,False,15.034305555555555,True
2183900,018d937f-6ed9-71ca-8010-4baa9771ef55,GB,2025-04-12 17:18:33,35.74,54.99,35.0,GBP,61,2024-09-09,54.99,GBP,GB,True,False,False,False,False,False,False,215.0,-19.25,-0.3500636479359883,2025-04-12,False,False,9.999780092592593,True
2183900,018d937f-6ed9-71ca-8010-4baa9771ef55,GB,2025-05-22 17:18:49,32.99,54.99,40.0,GBP,61,2024-09-09,54.99,GBP,GB,True,False,False,False,False,False,False,255.0,-22.0,-0.40007274049827235,2025-05-22,False,False,14.007719907407408,True
2183900,018d937f-6ed9-71ca-8010-4baa9771ef55,GB,2025-06-26 22:27:37,32.99,54.99,40.0,GBP,61,2024-09-09,54.99,GBP,GB,True,False,False,False,False,False,False,290.0,-22.0,-0.40007274049827235,2025-06-26,False,False,13.830347222222223,True
2183900,018d937f-6ed9-71ca-8010-4baa9771ef55,GB,2025-07-21 17:20:44,30.24,54.99,45.0,GBP,61,2024-09-09,54.99,GBP,GB,True,False,False,False,False,False,False,315.0,-24.750000000000004,-0.4500818330605565,2025-07-21,False,False,14.005659722222223,True
2183900,018d937f-6ed9-71ca-8010-4baa9771ef55,GB,2025-09-04 17:00:45,27.49,54.99,50.0,GBP,61,2024-09-09,54.99,GBP,GB,True,False,False,False,False,False,False,360.0,-27.500000000000004,-0.5000909256228405,2025-09-04,False,False,11.014282407407407,True
2183900,018d937f-6ed9-71ca-8010-4baa9771ef55,GB,2025-09-29 20:41:21,27.49,54.99,50.0,GBP,61,2024-09-09,54.99,GBP,GB,True,False,False,False,False,False,False,385.0,-27.500000000000004,-0.5000909256228405,2025-09-29,False,False,6.896238425925926,True
2183900,018d937f-6ed9-71ca-8010-4baa9771ef55,GB,2025-10-15 17:18:46,24.74,54.99,55.0,GBP,61,2024-09-09,54.99,GBP,GB,True,False,False,False,False,False,False,401.0,-30.250000000000004,-0.5501000181851246,2025-10-15,False,False,9.997997685185185,True
2183900,018d937f-6ed9-71ca-8010-4baa9771ef55,JP,2024-12-07 18:18:20,9800.0,9800.0,0.0,JPY,61,2024-09-09,9800.0,JPY,JP,False,False,False,False,False,False,False,89.0,0.0,0.0,2024-12-07,False,False,,False
2183900,018d937f-6ed9-71ca-8010-4baa9771ef55,JP,2024-12-09 18:23:43,7840.0,9800.0,20.0,JPY,61,2024-09-09,9800.0,JPY,JP,True,False,False,False,False,False,False,91.0,-1960.0,-0.19999999999999996,2024-12-09,False,False,6.9977430555555555,True
2183900,018d937f-6ed9-71ca-8010-4baa9771ef55,JP,2024-12-19 20:41:02,7350.0,9800.0,25.0,JPY,61,2024-09-09,9800.0,JPY,JP,True,False,False,False,False,False,False,101.0,-2450.0,-0.25,2024-12-19,False,False,13.947974537037037,True
2183900,018d937f-6ed9-71ca-8010-4baa9771ef55,JP,2025-01-16 18:22:56,7350.0,9800.0,25.0,JPY,61,2024-09-09,9800.0,JPY,JP,True,False,False,False,False,False,False,129.0,-2450.0,-0.25,2025-01-16,False,False,13.99994212962963,True
2183900,018d937f-6ed9-71ca-8010-4baa9771ef55,JP,2025-03-05 17:18:41,6370.0,9800.0,35.0,JPY,61,2024-09-09,9800.0,JPY,JP,True,False,False,False,False,False,False,177.0,-3430.0,-0.35,2025-03-05,False,False,15.061967592592593,True
2183900,018d937f-6ed9-71ca-8010-4baa9771ef55,JP,2025-04-12 17:19:12,6370.0,9800.0,35.0,JPY,61,2024-09-09,9800.0,JPY,JP,True,False,False,False,False,False,False,215.0,-3430.0,-0.35,2025-04-12,False,False,9.999629629629629,True
2183900,018d937f-6ed9-71ca-8010-4baa9771ef55,JP,2025-05-22 17:19:23,5880.0,9800.0,40.0,JPY,61,2024-09-09,9800.0,JPY,JP,True,False,False,False,False,False,False,255.0,-3920.0,-0.4,2025-05-22,False,False,14.031180555555556,True
2183900,018d937f-6ed9-71ca-8010-4baa9771ef55,JP,2025-06-26 23:09:48,5880.0,9800.0,40.0,JPY,61,2024-09-09,9800.0,JPY,JP,True,False,False,False,False,False,False,290.0,-3920.0,-0.4,2025-06-26,False,False,13.829791666666667,True
2183900,018d937f-6ed9-71ca-8010-4baa9771ef55,JP,2025-07-21 17:21:32,5390.0,9800.0,45.0,JPY,61,2024-09-09,9800.0,JPY,JP,True,False,False,False,False,False,False,315.0,-4410.0,-0.44999999999999996,2025-07-21,False,False,14.002824074074073,True
2183900,018d937f-6ed9-71ca-8010-4baa9771ef55,JP,2025-09-04 17:00:44,4900.0,9800.0,50.0,JPY,61,2024-09-09,9800.0,JPY,JP,True,False,False,False,False,False,False,360.0,-4900.0,-0.5,2025-09-04,False,False,11.017141203703703,True
2183900,018d937f-6ed9-71ca-8010-4baa9771ef55,JP,2025-09-29 21:16:39,4900.0,9800.0,50.0,JPY,61,2024-09-09,9800.0,JPY,JP,True,False,False,False,False,False,False,385.0,-4900.0,-0.5,2025-09-29,False,False,6.883611111111111,True
2183900,018d937f-6ed9-71ca-8010-4baa9771ef55,JP,2025-10-15 17:16:31,4410.0,9800.0,55.0,JPY,61,2024-09-09,9800.0,JPY,JP,True,False,False,False,False,False,False,401.0,-5390.0,-0.55,2025-10-15,False,False,10.001655092592593,True
2183900,018d937f-6ed9-71ca-8010-4baa9771ef55,PL,2024-11-27 19:52:52,199.34307692307695,249.1892307692308,20.0,PLN,61,2024-09-09,209.99,PLN,PL,True,True,True,False,False,False,False,79.0,-10.64692307692306,-0.050702048082875706,2024-11-27,True,True,6.9757291666666665,True
2183900,018d937f-6ed9-71ca-8010-4baa9771ef55,PL,2024-12-09 18:20:07,199.34307692307695,249.1892307692308,20.0,PLN,61,2024-09-09,209.99,PLN,PL,True,False,False,False,False,False,False,91.0,-10.64692307692306,-0.050702048082875706,2024-12-09,True,True,6.99912037037037,True
2183900,018d937f-6ed9-71ca-8010-4baa9771ef55,PL,2024-12-19 21:54:54,186.8815384615385,249.1892307692308,25.0,PLN,61,2024-09-09,209.99,PLN,PL,True,False,False,False,False,False,False,101.0,-23.108461538461512,-0.11004553330378353,2024-12-19,True,True,13.8825,True
2183900,018d937f-6ed9-71ca-8010-4baa9771ef55,PL,2025-01-16 18:20:47,186.8815384615385,249.1892307692308,25.0,PLN,61,2024-09-09,209.99,PLN,PL,True,False,False,False,False,False,False,129.0,-23.108461538461512,-0.11004553330378353,2025-01-16,True,True,13.997638888888888,True
2183900,018d937f-6ed9-71ca-8010-4baa9771ef55,PL,2025-03-05 17:18:21,161.95846153846156,249.1892307692308,35.0,PLN,61,2024-09-09,209.99,PLN,PL,True,False,False,False,False,False,False,177.0,-48.031538461538446,-0.2287325037455995,2025-03-05,True,True,15.032581018518519,True
2183900,018d937f-6ed9-71ca-8010-4baa9771ef55,PL,2025-04-12 17:18:41,161.95846153846156,249.1892307692308,35.0,PLN,61,2024-09-09,209.99,PLN,PL,True,False,False,False,False,False,False,215.0,-48.031538461538446,-0.2287325037455995,2025-04-12,True,True,9.99795138888889,True
2183900,018d937f-6ed9-71ca-8010-4baa9771ef55,PL,2025-05-22 17:18:23,149.4969230769231,249.1892307692308,40.0,PLN,61,2024-09-09,209.99,PLN,PL,True,False,False,False,False,False,False,255.0,-60.4930769230769,-0.28807598896650743,2025-05-22,True,True,14.007731481481482,True
2183900,018d937f-6ed9-71ca-8010-4baa9771ef55,PL,2025-06-26 22:25:40,151.01686274509805,251.72274509803924,40.0,PLN,61,2024-09-09,209.99,PLN,PL,True,False,False,False,False,False,False,290.0,-58.97313725490196,-0.28083783634888304,2025-06-26,True,True,13.831527777777778,True
2183900,018d937f-6ed9-71ca-8010-4baa9771ef55,PL,2025-07-21 17:23:32,138.4286274509804,251.72274509803924,45.0,PLN,61,2024-09-09,209.99,PLN,PL,True,False,False,False,False,False,False,315.0,-71.56137254901961,-0.3407846685509768,2025-07-21,True,True,14.003726851851852,True
2183900,018d937f-6ed9-71ca-8010-4baa9771ef55,PL,2025-09-04 17:03:34,125.84039215686275,251.72274509803924,50.0,PLN,61,2024-09-09,209.99,PLN,PL,True,False,False,False,False,False,False,360.0,-84.14960784313726,-0.4007315007530704,2025-09-04,True,True,11.012361111111112,True
2183900,018d937f-6ed9-71ca-8010-4baa9771ef55,PL,2025-09-29 20:30:34,125.84039215686275,251.72274509803924,50.0,PLN,61,2024-09-09,209.99,PLN,PL,True,False,False,False,False,False,False,385.0,-84.14960784313726,-0.4007315007530704,2025-09-29,True,True,6.903842592592593,True
2183900,018d937f-6ed9-71ca-8010-4baa9771ef55,PL,2025-10-15 17:15:41,113.2521568627451,251.72274509803924,55.0,PLN,61,2024-09-09,209.99,PLN,PL,True,False,False,False,False,False,False,401.0,-96.73784313725491,-0.46067833295516414,2025-10-15,True,True,10.002141203703705,True
2183900,018d937f-6ed9-71ca-8010-4baa9771ef55,TR,2024-11-27 19:51:47,31.99,39.99,20.0,USD,61,2024-09-09,39.99,USD,TR,True,False,False,False,False,False,False,79.0,-8.000000000000004,-0.20005001250312582,2024-11-27,False,False,6.976365740740741,True
2183900,018d937f-6ed9-71ca-8010-4baa9771ef55,TR,2024-12-09 18:23:00,31.99,39.99,20.0,USD,61,2024-09-09,39.99,USD,TR,True,False,False,False,False,False,False,91.0,-8.000000000000004,-0.20005001250312582,2024-12-09,False,False,6.996886574074074,True
2183900,018d937f-6ed9-71ca-8010-4baa9771ef55,TR,2024-12-19 21:58:04,29.99,39.99,25.0,USD,61,2024-09-09,39.99,USD,TR,True,False,False,False,False,False,False,101.0,-10.000000000000004,-0.25006251562890736,2024-12-19,False,False,13.8825,True
2183900,018d937f-6ed9-71ca-8010-4baa9771ef55,TR,2025-01-16 18:21:03,29.99,39.99,25.0,USD,61,2024-09-09,39.99,USD,TR,True,False,False,False,False,False,False,129.0,-10.000000000000004,-0.25006251562890736,2025-01-16,False,False,14.000451388888889,True
2183900,018d937f-6ed9-71ca-8010-4baa9771ef55,TR,2025-03-05 17:15:37,25.99,39.99,35.0,USD,61,2024-09-09,39.99,USD,TR,True,False,False,False,False,False,False,177.0,-14.000000000000004,-0.3500875218804702,2025-03-05,False,False,15.03429398148148,True
2183900,018d937f-6ed9-71ca-8010-4baa9771ef55,TR,2025-04-12 17:19:02,25.99,39.99,35.0,USD,61,2024-09-09,39.99,USD,TR,True,False,False,False,False,False,False,215.0,-14.000000000000004,-0.3500875218804702,2025-04-12,False,False,9.997731481481482,True
2183900,018d937f-6ed9-71ca-8010-4baa9771ef55,TR,2025-05-22 17:18:58,23.99,39.99,40.0,USD,61,2024-09-09,39.99,USD,TR,True,False,False,False,False,False,False,255.0,-16.000000000000004,-0.40010002500625164,2025-05-22,False,False,14.007569444444444,True
2183900,018d937f-6ed9-71ca-8010-4baa9771ef55,TR,2025-06-26 22:35:07,23.99,39.99,40.0,USD,61,2024-09-09,39.99,USD,TR,True,False,False,False,False,False,False,290.0,-16.000000000000004,-0.40010002500625164,2025-06-26,False,False,13.825243055555555,True
2183900,018d937f-6ed9-71ca-8010-4baa9771ef55,TR,2025-07-21 17:20:42,21.99,39.99,45.0,USD,61,2024-09-09,39.99,USD,TR,True,False,False,False,False,False,False,315.0,-18.000000000000004,-0.45011252813203306,2025-07-21,False,False,14.00042824074074,True
2183900,018d937f-6ed9-71ca-8010-4baa9771ef55,TR,2025-09-04 17:00:34,19.99,39.99,50.0,USD,61,2024-09-09,39.99,USD,TR,True,False,False,False,False,False,False,360.0,-20.000000000000004,-0.5001250312578145,2025-09-04,False,False,11.018506944444445,True
2183900,018d937f-6ed9-71ca-8010-4baa9771ef55,TR,2025-09-29 20:52:08,19.99,39.99,50.0,USD,61,2024-09-09,39.99,USD,TR,True,False,False,False,False,False,False,385.0,-20.000000000000004,-0.5001250312578145,2025-09-29,False,False,6.8886921296296295,True
2183900,018d937f-6ed9-71ca-8010-4baa9771ef55,TR,2025-10-15 17:15:45,17.99,39.99,55.0,USD,61,2024-09-09,39.99,USD,TR,True,False,False,False,False,False,False,401.0,-22.000000000000004,-0.5501375343835959,2025-10-15,False,False,10.001817129629629,True
2183900,018d937f-6ed9-71ca-8010-4baa9771ef55,US,2024-11-27 19:51:42,47.99,59.99,20.0,USD,61,2024-09-09,59.99,USD,US,True,False,False,False,False,False,False,79.0,-12.0,-0.200033338889815,2024-11-27,False,False,6.976574074074074,True
2183900,018d937f-6ed9-71ca-8010-4baa9771ef55,US,2024-12-09 18:20:07,47.99,59.99,20.0,USD,61,2024-09-09,59.99,USD,US,True,False,False,False,False,False,False,91.0,-12.0,-0.200033338889815,2024-12-09,False,False,6.9996527777777775,True
2183900,018d937f-6ed9-71ca-8010-4baa9771ef55,US,2024-12-19 21:58:02,44.99,59.99,25.0,USD,61,2024-09-09,59.99,USD,US,True,False,False,False,False,False,False,101.0,-15.0,-0.2500416736122687,2024-12-19,False,False,13.880069444444445,True
2183900,018d937f-6ed9-71ca-8010-4baa9771ef55,US,2025-01-16 18:19:12,44.99,59.99,25.0,USD,61,2024-09-09,59.99,USD,US,True,False,False,False,False,False,False,129.0,-15.0,-0.2500416736122687,2025-01-16,False,False,14.001319444444444,True
2183900,018d937f-6ed9-71ca-8010-4baa9771ef55,US,2025-03-05 17:18:15,38.99,59.99,35.0,USD,61,2024-09-09,59.99,USD,US,True,False,False,False,False,False,False,177.0,-21.0,-0.3500583430571762,2025-03-05,False,False,15.03241898148148,True
2183900,018d937f-6ed9-71ca-8010-4baa9771ef55,US,2025-04-12 17:18:58,38.99,59.99,35.0,USD,61,2024-09-09,59.99,USD,US,True,False,False,False,False,False,False,215.0,-21.0,-0.3500583430571762,2025-04-12,False,False,9.99767361111111,True
2183900,018d937f-6ed9-71ca-8010-4baa9771ef55,US,2025-05-22 17:18:42,35.99,59.99,40.0,USD,61,2024-09-09,59.99,USD,US,True,False,False,False,False,False,False,255.0,-24.0,-0.4000666777796299,2025-05-22,False,False,14.00769675925926,True
2183900,018d937f-6ed9-71ca-8010-4baa9771ef55,US,2025-06-26 22:28:02,35.99,59.99,40.0,USD,61,2024-09-09,59.99,USD,US,True,False,False,False,False,False,False,290.0,-24.0,-0.4000666777796299,2025-06-26,False,False,13.831851851851852,True
2183900,018d937f-6ed9-71ca-8010-4baa9771ef55,US,2025-07-21 17:18:00,32.99,59.99,45.0,USD,61,2024-09-09,59.99,USD,US,True,False,False,False,False,False,False,315.0,-27.0,-0.4500750125020837,2025-07-21,False,False,14.003622685185185,True
2183900,018d937f-6ed9-71ca-8010-4baa9771ef55,US,2025-09-04 17:00:46,29.99,59.99,50.0,USD,61,2024-09-09,59.99,USD,US,True,False,False,False,False,False,False,360.0,-30.000000000000004,-0.5000833472245374,2025-09-04,False,False,11.015787037037038,True
2183900,018d937f-6ed9-71ca-8010-4baa9771ef55,US,2025-09-29 20:53:02,29.99,59.99,50.0,USD,61,2024-09-09,59.99,USD,US,True,False,False,False,False,False,False,385.0,-30.000000000000004,-0.5000833472245374,2025-09-29,False,False,6.892488425925926,True
2183900,018d937f-6ed9-71ca-8010-4baa9771ef55,US,2025-10-15 17:18:36,26.99,59.99,55.0,USD,61,2024-09-09,59.99,USD,US,True,False,False,False,False,False,False,401.0,-33.0,-0.5500916819469912,2025-10-15,False,False,9.998101851851851,True
2215430,018e147e-9b32-7025-90af-981a785efddf,AR,2024-09-12 17:18:44,47.99,59.99,20.0,USD,61,2024-05-16,49.99,USD,AR,True,False,False,False,False,False,False,119.0,-2.0,-0.04000800160032003,2024-09-12,False,False,7.000266203703704,True
2215430,018e147e-9b32-7025-90af-981a785efddf,AR,2024-11-27 19:52:11,47.99,59.99,20.0,USD,61,2024-05-16,49.99,USD,AR,True,False,False,False,False,False,False,195.0,-2.0,-0.04000800160032003,2024-11-27,False,False,6.980335648148148,True
2215430,018e147e-9b32-7025-90af-981a785efddf,AR,2024-12-19 21:48:02,47.99,59.99,20.0,USD,61,2024-05-16,49.99,USD,AR,True,False,False,False,False,False,False,217.0,-2.0,-0.04000800160032003,2024-12-19,False,False,13.887060185185184,True
2215430,018e147e-9b32-7025-90af-981a785efddf,AR,2025-03-10 17:19:48,40.19,59.99,33.0,USD,61,2024-05-16,49.99,USD,AR,True,False,False,False,False,False,False,298.0,-9.800000000000004,-0.19603920784156836,2025-03-10,False,False,10.02962962962963,True
2215430,018e147e-9b32-7025-90af-981a785efddf,AR,2025-06-26 21:59:37,40.19,59.99,33.0,USD,61,2024-05-16,49.99,USD,AR,True,False,False,False,False,False,False,406.0,-9.800000000000004,-0.19603920784156836,2025-06-26,False,False,13.839270833333334,True
2215430,018e147e-9b32-7025-90af-981a785efddf,AR,2025-09-29 17:31:26,40.19,59.99,33.0,USD,61,2024-05-16,49.99,USD,AR,True,False,False,False,False,False,False,501.0,-9.800000000000004,-0.19603920784156836,2025-09-29,False,False,12.99105324074074,True
2215430,018e147e-9b32-7025-90af-981a785efddf,AU,2024-09-12 17:15:46,75.96,94.95,20.0,AUD,61,2024-05-16,94.95,AUD,AU,True,False,False,False,False,False,False,119.0,-18.99000000000001,-0.20000000000000007,2024-09-12,False,False,7.002199074074074,True
2215430,018e147e-9b32-7025-90af-981a785efddf,AU,2024-11-27 19:52:00,75.96,94.95,20.0,AUD,61,2024-05-16,94.95,AUD,AU,True,False,False,False,False,False,False,195.0,-18.99000000000001,-0.20000000000000007,2024-11-27,False,False,6.976203703703704,True
2215430,018e147e-9b32-7025-90af-981a785efddf,AU,2024-12-19 23:17:37,75.96,94.95,20.0,AUD,61,2024-05-16,94.95,AUD,AU,True,False,False,False,False,False,False,217.0,-18.99000000000001,-0.20000000000000007,2024-12-19,False,False,13.825046296296296,True
2215430,018e147e-9b32-7025-90af-981a785efddf,AU,2025-03-10 17:19:34,63.61,94.95,33.0,AUD,61,2024-05-16,94.95,AUD,AU,True,False,False,False,False,False,False,298.0,-31.340000000000003,-0.33006845708267507,2025-03-10,False,False,10.029907407407407,True
2215430,018e147e-9b32-7025-90af-981a785efddf,AU,2025-06-26 21:58:12,63.61,94.95,33.0,AUD,61,2024-05-16,94.95,AUD,AU,True,False,False,False,False,False,False,406.0,-31.340000000000003,-0.33006845708267507,2025-06-26,False,False,13.836238425925925,True
2215430,018e147e-9b32-7025-90af-981a785efddf,AU,2025-09-29 17:29:27,63.61,94.95,33.0,AUD,61,2024-05-16,94.95,AUD,AU,True,False,False,False,False,False,False,501.0,-31.340000000000003,-0.33006845708267507,2025-09-29,False,False,12.992337962962964,True
2215430,018e147e-9b32-7025-90af-981a785efddf,BR,2024-09-12 17:18:48,199.92,249.9,20.0,BRL,61,2024-05-16,249.9,BRL,BR,True,False,False,False,False,False,False,119.0,-49.98000000000002,-0.20000000000000007,2024-09-12,False,False,6.999849537037037,True
2215430,018e147e-9b32-7025-90af-981a785efddf,BR,2024-11-27 19:52:23,199.92,249.9,20.0,BRL,61,2024-05-16,249.9,BRL,BR,True,False,False,False,False,False,False,195.0,-49.98000000000002,-0.20000000000000007,2024-11-27,False,False,6.980173611111111,True
2215430,018e147e-9b32-7025-90af-981a785efddf,BR,2024-12-19 23:05:14,199.92,249.9,20.0,BRL,61,2024-05-16,249.9,BRL,BR,True,False,False,False,False,False,False,217.0,-49.98000000000002,-0.20000000000000007,2024-12-19,False,False,13.833414351851852,True
2215430,018e147e-9b32-7025-90af-981a785efddf,BR,2025-03-10 17:19:25,167.43,249.9,33.0,BRL,61,2024-05-16,249.9,BRL,BR,True,False,False,False,False,False,False,298.0,-82.47,-0.3300120048019207,2025-03-10,False,False,10.029699074074074,True
2215430,018e147e-9b32-7025-90af-981a785efddf,BR,2025-06-26 22:02:09,167.43,249.9,33.0,BRL,61,2024-05-16,249.9,BRL,BR,True,False,False,False,False,False,False,406.0,-82.47,-0.3300120048019207,2025-06-26,False,False,13.8353125,True
2215430,018e147e-9b32-7025-90af-981a785efddf,BR,2025-09-29 19:34:32,167.43,249.9,33.0,BRL,61,2024-05-16,249.9,BRL,BR,True,False,False,False,False,False,False,501.0,-82.47,-0.3300120048019207,2025-09-29,False,False,12.905613425925926,True
2215430,018e147e-9b32-7025-90af-981a785efddf,CA,2024-09-12 17:16:02,63.99,79.99,20.0,CAD,61,2024-05-16,79.99,CAD,CA,True,False,False,False,False,False,False,119.0,-15.999999999999993,-0.20002500312539062,2024-09-12,False,False,7.002141203703704,True
2215430,018e147e-9b32-7025-90af-981a785efddf,CA,2024-11-27 19:52:17,63.99,79.99,20.0,CAD,61,2024-05-16,79.99,CAD,CA,True,False,False,False,False,False,False,195.0,-15.999999999999993,-0.20002500312539062,2024-11-27,False,False,6.980138888888889,True
2215430,018e147e-9b32-7025-90af-981a785efddf,CA,2024-12-19 19:43:52,63.99,79.99,20.0,CAD,61,2024-05-16,79.99,CAD,CA,True,False,False,False,False,False,False,217.0,-15.999999999999993,-0.20002500312539062,2024-12-19,False,False,13.973472222222222,True
2215430,018e147e-9b32-7025-90af-981a785efddf,CA,2025-03-10 17:20:25,53.59,79.99,33.0,CAD,61,2024-05-16,79.99,CAD,CA,True,False,False,False,False,False,False,298.0,-26.39999999999999,-0.33004125515689453,2025-03-10,False,False,10.029340277777777,True
2215430,018e147e-9b32-7025-90af-981a785efddf,CA,2025-06-26 21:57:39,53.59,79.99,33.0,CAD,61,2024-05-16,79.99,CAD,CA,True,False,False,False,False,False,False,406.0,-26.39999999999999,-0.33004125515689453,2025-06-26,False,False,13.84070601851852,True
2215430,018e147e-9b32-7025-90af-981a785efddf,CA,2025-09-29 17:31:26,53.59,79.99,33.0,CAD,61,2024-05-16,79.99,CAD,CA,True,False,False,False,False,False,False,501.0,-26.39999999999999,-0.33004125515689453,2025-09-29,False,False,12.9909375,True
2215430,018e147e-9b32-7025-90af-981a785efddf,CN,2024-09-12 17:15:51,318.4,398.0,20.0,CNY,61,2024-05-16,398.0,CNY,CN,True,False,False,False,False,False,False,119.0,-79.60000000000002,-0.20000000000000007,2024-09-12,False,False,7.0020949074074075,True
2215430,018e147e-9b32-7025-90af-981a785efddf,CN,2024-11-27 19:52:17,318.4,398.0,20.0,CNY,61,2024-05-16,398.0,CNY,CN,True,False,False,False,False,False,False,195.0,-79.60000000000002,-0.20000000000000007,2024-11-27,False,False,6.976030092592593,True
2215430,018e147e-9b32-7025-90af-981a785efddf,CN,2024-12-19 23:04:52,318.4,398.0,20.0,CNY,61,2024-05-16,398.0,CNY,CN,True,False,False,False,False,False,False,217.0,-79.60000000000002,-0.20000000000000007,2024-12-19,False,False,13.831898148148149,True
2215430,018e147e-9b32-7025-90af-981a785efddf,CN,2025-03-10 17:19:45,266.66,398.0,33.0,CNY,61,2024-05-16,398.0,CNY,CN,True,False,False,False,False,False,False,298.0,-131.33999999999997,-0.32999999999999996,2025-03-10,False,False,10.031701388888889,True
2215430,018e147e-9b32-7025-90af-981a785efddf,CN,2025-06-26 21:54:06,266.66,398.0,33.0,CNY,61,2024-05-16,398.0,CNY,CN,True,False,False,False,False,False,False,406.0,-131.33999999999997,-0.32999999999999996,2025-06-26,False,False,13.838912037037037,True
2215430,018e147e-9b32-7025-90af-981a785efddf,CN,2025-09-29 17:29:29,266.66,398.0,33.0,CNY,61,2024-05-16,398.0,CNY,CN,True,False,False,False,False,False,False,501.0,-131.33999999999997,-0.32999999999999996,2025-09-29,False,False,12.990381944444444,True
2215430,018e147e-9b32-7025-90af-981a785efddf,DE,2024-09-12 17:18:29,47.99,59.99,20.0,EUR,61,2024-05-16,59.99,EUR,DE,True,False,False,False,False,False,False,119.0,-12.0,-0.200033338889815,2024-09-12,False,False,6.998506944444444,True
2215430,018e147e-9b32-7025-90af-981a785efddf,DE,2024-11-27 19:53:15,47.99,59.99,20.0,EUR,61,2024-05-16,59.99,EUR,DE,True,False,False,False,False,False,False,195.0,-12.0,-0.200033338889815,2024-11-27,False,False,6.979456018518518,True
2215430,018e147e-9b32-7025-90af-981a785efddf,DE,2024-12-19 23:20:15,47.99,59.99,20.0,EUR,61,2024-05-16,59.99,EUR,DE,True,False,False,False,False,False,False,217.0,-12.0,-0.200033338889815,2024-12-19,False,False,13.823263888888889,True
2215430,018e147e-9b32-7025-90af-981a785efddf,DE,2025-03-10 17:19:38,40.19,59.99,33.0,EUR,61,2024-05-16,59.99,EUR,DE,True,False,False,False,False,False,False,298.0,-19.800000000000004,-0.33005500916819475,2025-03-10,False,False,10.029733796296297,True
2215430,018e147e-9b32-7025-90af-981a785efddf,DE,2025-06-26 22:00:46,40.19,59.99,33.0,EUR,61,2024-05-16,59.99,EUR,DE,True,False,False,False,False,False,False,406.0,-19.800000000000004,-0.33005500916819475,2025-06-26,False,False,13.836296296296297,True
2215430,018e147e-9b32-7025-90af-981a785efddf,DE,2025-09-29 17:29:27,40.19,59.99,33.0,EUR,61,2024-05-16,59.99,EUR,DE,True,False,False,False,False,False,False,501.0,-19.800000000000004,-0.33005500916819475,2025-09-29,False,False,12.990474537037038,True
2215430,018e147e-9b32-7025-90af-981a785efddf,FR,2024-09-12 17:18:29,47.99,59.99,20.0,EUR,61,2024-05-16,59.99,EUR,FR,True,False,False,False,False,False,False,119.0,-12.0,-0.200033338889815,2024-09-12,False,False,6.998506944444444,True
2215430,018e147e-9b32-7025-90af-981a785efddf,FR,2024-11-27 19:53:15,47.99,59.99,20.0,EUR,61,2024-05-16,59.99,EUR,FR,True,False,False,False,False,False,False,195.0,-12.0,-0.200033338889815,2024-11-27,False,False,6.979456018518518,True
2215430,018e147e-9b32-7025-90af-981a785efddf,FR,2024-12-19 23:20:15,47.99,59.99,20.0,EUR,61,2024-05-16,59.99,EUR,FR,True,False,False,False,False,False,False,217.0,-12.0,-0.200033338889815,2024-12-19,False,False,13.823263888888889,True
2215430,018e147e-9b32-7025-90af-981a785efddf,FR,2025-03-10 17:19:38,40.19,59.99,33.0,EUR,61,2024-05-16,59.99,EUR,FR,True,False,False,False,False,False,False,298.0,-19.800000000000004,-0.33005500916819475,2025-03-10,False,False,10.029733796296297,True
2215430,018e147e-9b32-7025-90af-981a785efddf,FR,2025-06-26 22:00:46,40.19,59.99,33.0,EUR,61,2024-05-16,59.99,EUR,FR,True,False,False,False,False,False,False,406.0,-19.800000000000004,-0.33005500916819475,2025-06-26,False,False,13.836296296296297,True
2215430,018e147e-9b32-7025-90af-981a785efddf,FR,2025-09-29 17:29:27,40.19,59.99,33.0,EUR,61,2024-05-16,59.99,EUR,FR,True,False,False,False,False,False,False,501.0,-19.800000000000004,-0.33005500916819475,2025-09-29,False,False,12.990474537037038,True
2215430,018e147e-9b32-7025-90af-981a785efddf,GB,2024-09-12 17:15:46,39.99,49.99,20.0,GBP,61,2024-05-16,49.99,GBP,GB,True,False,False,False,False,False,False,119.0,-10.0,-0.20004000800160027,2024-09-12,False,False,7.000393518518519,True
2215430,018e147e-9b32-7025-90af-981a785efddf,GB,2024-11-27 19:52:19,39.99,49.99,20.0,GBP,61,2024-05-16,49.99,GBP,GB,True,False,False,False,False,False,False,195.0,-10.0,-0.20004000800160027,2024-11-27,False,False,6.98025462962963,True
2215430,018e147e-9b32-7025-90af-981a785efddf,GB,2024-12-19 19:43:18,39.99,49.99,20.0,GBP,61,2024-05-16,49.99,GBP,GB,True,False,False,False,False,False,False,217.0,-10.0,-0.20004000800160027,2024-12-19,False,False,13.976041666666667,True
2215430,018e147e-9b32-7025-90af-981a785efddf,GB,2025-03-10 17:20:19,33.49,49.99,33.0,GBP,61,2024-05-16,49.99,GBP,GB,True,False,False,False,False,False,False,298.0,-16.5,-0.3300660132026405,2025-03-10,False,False,10.029398148148148,True
2215430,018e147e-9b32-7025-90af-981a785efddf,GB,2025-06-26 21:54:31,33.49,49.99,33.0,GBP,61,2024-05-16,49.99,GBP,GB,True,False,False,False,False,False,False,406.0,-16.5,-0.3300660132026405,2025-06-26,False,False,13.84087962962963,True
2215430,018e147e-9b32-7025-90af-981a785efddf,GB,2025-09-29 19:35:44,33.49,49.99,33.0,GBP,61,2024-05-16,49.99,GBP,GB,True,False,False,False,False,False,False,501.0,-16.5,-0.3300660132026405,2025-09-29,False,False,12.902766203703704,True
2215430,018e147e-9b32-7025-90af-981a785efddf,JP,2024-12-07 18:27:05,7590.0,7590.0,0.0,JPY,61,2024-05-16,7590.0,JPY,JP,False,False,False,False,False,False,False,205.0,0.0,0.0,2024-12-07,False,False,,False
2215430,018e147e-9b32-7025-90af-981a785efddf,JP,2024-12-19 21:35:26,6072.0,7590.0,20.0,JPY,61,2024-05-16,7590.0,JPY,JP,True,False,False,False,False,False,False,217.0,-1518.0,-0.19999999999999996,2024-12-19,False,False,13.910243055555556,True
2215430,018e147e-9b32-7025-90af-981a785efddf,JP,2025-03-10 17:19:39,5085.0,7590.0,33.0,JPY,61,2024-05-16,7590.0,JPY,JP,True,False,False,False,False,False,False,298.0,-2505.0,-0.3300395256916996,2025-03-10,False,False,10.042916666666667,True
2215430,018e147e-9b32-7025-90af-981a785efddf,JP,2025-06-26 22:32:27,5085.0,7590.0,33.0,JPY,61,2024-05-16,7590.0,JPY,JP,True,False,False,False,False,False,False,406.0,-2505.0,-0.3300395256916996,2025-06-26,False,False,13.828703703703704,True
2215430,018e147e-9b32-7025-90af-981a785efddf,JP,2025-09-29 17:36:08,5085.0,7590.0,33.0,JPY,61,2024-05-16,7590.0,JPY,JP,True,False,False,False,False,False,False,501.0,-2505.0,-0.3300395256916996,2025-09-29,False,False,12.985949074074075,True
2215430,018e147e-9b32-7025-90af-981a785efddf,PL,2024-09-12 17:18:29,199.34307692307695,249.1892307692308,20.0,PLN,61,2024-05-16,259.0,PLN,PL,True,True,True,False,False,False,False,119.0,-59.65692307692305,-0.23033561033561023,2024-09-12,True,True,6.998506944444444,True
2215430,018e147e-9b32-7025-90af-981a785efddf,PL,2024-11-27 19:53:15,199.34307692307695,249.1892307692308,20.0,PLN,61,2024-05-16,259.0,PLN,PL,True,False,False,False,False,False,False,195.0,-59.65692307692305,-0.23033561033561023,2024-11-27,True,True,6.979456018518518,True
2215430,018e147e-9b32-7025-90af-981a785efddf,PL,2024-12-19 23:20:15,199.34307692307695,249.1892307692308,20.0,PLN,61,2024-05-16,259.0,PLN,PL,True,False,False,False,False,False,False,217.0,-59.65692307692305,-0.23033561033561023,2024-12-19,True,True,13.823263888888889,True
2215430,018e147e-9b32-7025-90af-981a785efddf,PL,2025-03-10 17:19:38,166.94307692307692,249.1892307692308,33.0,PLN,61,2024-05-16,259.0,PLN,PL,True,False,False,False,False,False,False,298.0,-92.05692307692308,-0.3554321354321355,2025-03-10,True,True,10.029733796296297,True
2215430,018e147e-9b32-7025-90af-981a785efddf,PL,2025-06-26 22:00:46,168.64039215686273,251.72274509803924,33.0,PLN,61,2024-05-16,259.0,PLN,PL,True,False,False,False,False,False,False,406.0,-90.35960784313727,-0.3488787947611478,2025-06-26,True,True,13.836296296296297,True
2215430,018e147e-9b32-7025-90af-981a785efddf,PL,2025-09-29 17:29:27,168.64039215686273,251.72274509803924,33.0,PLN,61,2024-05-16,259.0,PLN,PL,True,False,False,False,False,False,False,501.0,-90.35960784313727,-0.3488787947611478,2025-09-29,True,True,12.990474537037038,True
2215430,018e147e-9b32-7025-90af-981a785efddf,TR,2024-09-12 17:15:47,47.99,59.99,20.0,USD,61,2024-05-16,59.99,USD,TR,True,False,False,False,False,False,False,119.0,-12.0,-0.200033338889815,2024-09-12,False,False,7.002291666666666,True
2215430,018e147e-9b32-7025-90af-981a785efddf,TR,2024-11-27 19:52:15,47.99,59.99,20.0,USD,61,2024-05-16,59.99,USD,TR,True,False,False,False,False,False,False,195.0,-12.0,-0.200033338889815,2024-11-27,False,False,6.977777777777778,True
2215430,018e147e-9b32-7025-90af-981a785efddf,TR,2024-12-19 23:05:30,47.99,59.99,20.0,USD,61,2024-05-16,59.99,USD,TR,True,False,False,False,False,False,False,217.0,-12.0,-0.200033338889815,2024-12-19,False,False,13.835717592592593,True
2215430,018e147e-9b32-7025-90af-981a785efddf,TR,2025-03-10 17:17:09,40.19,59.99,33.0,USD,61,2024-05-16,59.99,USD,TR,True,False,False,False,False,False,False,298.0,-19.800000000000004,-0.33005500916819475,2025-03-10,False,False,10.029583333333333,True
2215430,018e147e-9b32-7025-90af-981a785efddf,TR,2025-06-26 22:10:21,40.19,59.99,33.0,USD,61,2024-05-16,59.99,USD,TR,True,False,False,False,False,False,False,406.0,-19.800000000000004,-0.33005500916819475,2025-06-26,False,False,13.829791666666667,True
2215430,018e147e-9b32-7025-90af-981a785efddf,TR,2025-09-29 17:29:29,40.19,59.99,33.0,USD,61,2024-05-16,59.99,USD,TR,True,False,False,False,False,False,False,501.0,-19.800000000000004,-0.33005500916819475,2025-09-29,False,False,12.992488425925925,True
2215430,018e147e-9b32-7025-90af-981a785efddf,US,2024-09-12 17:18:44,47.99,59.99,20.0,USD,61,2024-05-16,59.99,USD,US,True,False,False,False,False,False,False,119.0,-12.0,-0.200033338889815,2024-09-12,False,False,7.000266203703704,True
2215430,018e147e-9b32-7025-90af-981a785efddf,US,2024-11-27 19:52:11,47.99,59.99,20.0,USD,61,2024-05-16,59.99,USD,US,True,False,False,False,False,False,False,195.0,-12.0,-0.200033338889815,2024-11-27,False,False,6.980335648148148,True
2215430,018e147e-9b32-7025-90af-981a785efddf,US,2024-12-19 21:48:02,47.99,59.99,20.0,USD,61,2024-05-16,59.99,USD,US,True,False,False,False,False,False,False,217.0,-12.0,-0.200033338889815,2024-12-19,False,False,13.887060185185184,True
2215430,018e147e-9b32-7025-90af-981a785efddf,US,2025-03-10 17:19:48,40.19,59.99,33.0,USD,61,2024-05-16,59.99,USD,US,True,False,False,False,False,False,False,298.0,-19.800000000000004,-0.33005500916819475,2025-03-10,False,False,10.02962962962963,True
2215430,018e147e-9b32-7025-90af-981a785efddf,US,2025-06-26 21:59:37,40.19,59.99,33.0,USD,61,2024-05-16,59.99,USD,US,True,False,False,False,False,False,False,406.0,-19.800000000000004,-0.33005500916819475,2025-06-26,False,False,13.839270833333334,True
2215430,018e147e-9b32-7025-90af-981a785efddf,US,2025-09-29 17:31:26,40.19,59.99,33.0,USD,61,2024-05-16,59.99,USD,US,True,False,False,False,False,False,False,501.0,-19.800000000000004,-0.33005500916819475,2025-09-29,False,False,12.99105324074074,True
2246340,018d937f-7a06-7082-ae40-6a37d855cb32,AR,2025-06-25 17:31:59,55.99,69.99,20.0,USD,61,2025-02-27,52.49,USD,AR,True,False,False,False,False,False,False,118.0,3.5,0.06667936749857106,2025-06-25,False,False,15.027256944444444,True
2246340,018d937f-7a06-7082-ae40-6a37d855cb32,AR,2025-08-11 17:24:54,55.99,69.99,20.0,USD,61,2025-02-27,52.49,USD,AR,True,False,False,False,False,False,False,165.0,3.5,0.06667936749857106,2025-08-11,False,False,12.99636574074074,True
2246340,018d937f-7a06-7082-ae40-6a37d855cb32,AR,2025-09-23 17:18:58,48.99,69.99,30.0,USD,61,2025-02-27,52.49,USD,AR,True,False,False,False,False,False,False,208.0,-3.5,-0.06667936749857117,2025-09-23,False,False,13.044490740740741,True
2246340,018d937f-7a06-7082-ae40-6a37d855cb32,AR,2025-10-29 17:17:39,48.99,69.99,30.0,USD,61,2025-02-27,52.49,USD,AR,True,False,False,False,False,False,False,244.0,-3.5,-0.06667936749857117,2025-10-29,False,False,0.0,True
2246340,018d937f-7a06-7082-ae40-6a37d855cb32,AU,2025-06-25 17:36:38,83.96,104.95,20.0,AUD,61,2025-02-27,104.95,AUD,AU,True,False,False,False,False,False,False,118.0,-20.99000000000001,-0.20000000000000007,2025-06-25,False,False,15.020173611111112,True
2246340,018d937f-7a06-7082-ae40-6a37d855cb32,AU,2025-08-11 17:21:41,83.96,104.95,20.0,AUD,61,2025-02-27,104.95,AUD,AU,True,False,False,False,False,False,False,165.0,-20.99000000000001,-0.20000000000000007,2025-08-11,False,False,12.998622685185186,True
2246340,018d937f-7a06-7082-ae40-6a37d855cb32,AU,2025-09-23 17:15:52,73.46,104.95,30.0,AUD,61,2025-02-27,104.95,AUD,AU,True,False,False,False,False,False,False,208.0,-31.49000000000001,-0.3000476417341592,2025-09-23,False,False,13.046851851851851,True
2246340,018d937f-7a06-7082-ae40-6a37d855cb32,AU,2025-10-29 17:18:01,73.46,104.95,30.0,AUD,61,2025-02-27,104.95,AUD,AU,True,False,False,False,False,False,False,244.0,-31.49000000000001,-0.3000476417341592,2025-10-29,False,False,0.0,True
2246340,018d937f-7a06-7082-ae40-6a37d855cb32,BR,2025-06-25 17:36:37,223.2,279.0,20.0,BRL,61,2025-02-27,279.0,BRL,BR,True,False,False,False,False,False,False,118.0,-55.80000000000001,-0.20000000000000007,2025-06-25,False,False,15.021979166666666,True
2246340,018d937f-7a06-7082-ae40-6a37d855cb32,BR,2025-08-11 17:19:16,223.2,279.0,20.0,BRL,61,2025-02-27,279.0,BRL,BR,True,False,False,False,False,False,False,165.0,-55.80000000000001,-0.20000000000000007,2025-08-11,False,False,13.000162037037038,True
2246340,018d937f-7a06-7082-ae40-6a37d855cb32,BR,2025-09-23 17:18:45,195.3,279.0,30.0,BRL,61,2025-02-27,279.0,BRL,BR,True,False,False,False,False,False,False,208.0,-83.69999999999999,-0.29999999999999993,2025-09-23,False,False,13.044976851851851,True
2246340,018d937f-7a06-7082-ae40-6a37d855cb32,BR,2025-10-29 17:20:54,195.3,279.0,30.0,BRL,61,2025-02-27,279.0,BRL,BR,True,False,False,False,False,False,False,244.0,-83.69999999999999,-0.29999999999999993,2025-10-29,False,False,0.0,True
2246340,018d937f-7a06-7082-ae40-6a37d855cb32,CA,2025-06-25 17:33:16,71.99,89.99,20.0,CAD,61,2025-02-27,89.99,CAD,CA,True,False,False,False,False,False,False,118.0,-18.0,-0.20002222469163244,2025-06-25,False,False,15.0265625,True
2246340,018d937f-7a06-7082-ae40-6a37d855cb32,CA,2025-08-11 17:23:22,71.99,89.99,20.0,CAD,61,2025-02-27,89.99,CAD,CA,True,False,False,False,False,False,False,165.0,-18.0,-0.20002222469163244,2025-08-11,False,False,12.997430555555555,True
2246340,018d937f-7a06-7082-ae40-6a37d855cb32,CA,2025-09-23 17:19:18,62.99,89.99,30.0,CAD,61,2025-02-27,89.99,CAD,CA,True,False,False,False,False,False,False,208.0,-26.999999999999993,-0.3000333370374485,2025-09-23,False,False,13.040300925925926,True
2246340,018d937f-7a06-7082-ae40-6a37d855cb32,CA,2025-10-29 17:20:17,62.99,89.99,30.0,CAD,61,2025-02-27,89.99,CAD,CA,True,False,False,False,False,False,False,244.0,-26.999999999999993,-0.3000333370374485,2025-10-29,False,False,0.0,True
2246340,018d937f-7a06-7082-ae40-6a37d855cb32,CN,2025-06-25 17:36:16,294.4,368.0,20.0,CNY,61,2025-02-27,348.0,CNY,CN,True,False,False,False,False,False,False,118.0,-53.60000000000002,-0.15402298850574714,2025-06-25,False,False,15.020613425925927,True
2246340,018d937f-7a06-7082-ae40-6a37d855cb32,CN,2025-08-07 09:00:30,348.0,348.0,0.0,CNY,61,2025-02-27,348.0,CNY,CN,False,False,False,True,False,False,False,161.0,0.0,0.0,2025-08-07,False,False,,False
2246340,018d937f-7a06-7082-ae40-6a37d855cb32,CN,2025-08-11 17:21:53,278.4,348.0,20.0,CNY,61,2025-02-27,348.0,CNY,CN,True,False,False,False,False,False,False,165.0,-69.60000000000002,-0.20000000000000007,2025-08-11,False,False,12.998449074074074,True
2246340,018d937f-7a06-7082-ae40-6a37d855cb32,CN,2025-09-23 17:19:09,243.6,348.0,30.0,CNY,61,2025-02-27,348.0,CNY,CN,True,False,False,False,False,False,False,208.0,-104.4,-0.30000000000000004,2025-09-23,False,False,13.038298611111111,True
2246340,018d937f-7a06-7082-ae40-6a37d855cb32,CN,2025-10-29 17:17:35,243.6,348.0,30.0,CNY,61,2025-02-27,348.0,CNY,CN,True,False,False,False,False,False,False,244.0,-104.4,-0.30000000000000004,2025-10-29,False,False,0.0,True
2246340,018d937f-7a06-7082-ae40-6a37d855cb32,DE,2025-06-25 17:30:37,55.99,69.99,20.0,EUR,61,2025-02-27,69.99,EUR,DE,True,False,False,False,False,False,False,118.0,-13.999999999999993,-0.20002857551078712,2025-06-25,False,False,15.026064814814815,True
2246340,018d937f-7a06-7082-ae40-6a37d855cb32,DE,2025-08-11 17:24:21,55.99,69.99,20.0,EUR,61,2025-02-27,69.99,EUR,DE,True,False,False,False,False,False,False,165.0,-13.999999999999993,-0.20002857551078712,2025-08-11,False,False,12.994375,True
2246340,018d937f-7a06-7082-ae40-6a37d855cb32,DE,2025-09-23 17:16:04,48.99,69.99,30.0,EUR,61,2025-02-27,69.99,EUR,DE,True,False,False,False,False,False,False,208.0,-20.999999999999993,-0.3000428632661808,2025-09-23,False,False,13.0425,True
2246340,018d937f-7a06-7082-ae40-6a37d855cb32,DE,2025-10-29 17:19:40,48.99,69.99,30.0,EUR,61,2025-02-27,69.99,EUR,DE,True,False,False,False,False,False,False,244.0,-20.999999999999993,-0.3000428632661808,2025-10-29,False,False,0.0,True
2246340,018d937f-7a06-7082-ae40-6a37d855cb32,FR,2025-06-25 17:30:37,55.99,69.99,20.0,EUR,61,2025-02-27,69.99,EUR,FR,True,False,False,False,False,False,False,118.0,-13.999999999999993,-0.20002857551078712,2025-06-25,False,False,15.026064814814815,True
2246340,018d937f-7a06-7082-ae40-6a37d855cb32,FR,2025-08-11 17:24:21,55.99,69.99,20.0,EUR,61,2025-02-27,69.99,EUR,FR,True,False,False,False,False,False,False,165.0,-13.999999999999993,-0.20002857551078712,2025-08-11,False,False,12.994375,True
2246340,018d937f-7a06-7082-ae40-6a37d855cb32,FR,2025-09-23 17:16:04,48.99,69.99,30.0,EUR,61,2025-02-27,69.99,EUR,FR,True,False,False,False,False,False,False,208.0,-20.999999999999993,-0.3000428632661808,2025-09-23,False,False,13.0425,True
2246340,018d937f-7a06-7082-ae40-6a37d855cb32,FR,2025-10-29 17:19:40,48.99,69.99,30.0,EUR,61,2025-02-27,69.99,EUR,FR,True,False,False,False,False,False,False,244.0,-20.999999999999993,-0.3000428632661808,2025-10-29,False,False,0.0,True
2246340,018d937f-7a06-7082-ae40-6a37d855cb32,GB,2025-06-25 17:36:28,47.99,59.99,20.0,GBP,61,2025-02-27,59.99,GBP,GB,True,False,False,False,False,False,False,118.0,-12.0,-0.200033338889815,2025-06-25,False,False,15.022199074074074,True
2246340,018d937f-7a06-7082-ae40-6a37d855cb32,GB,2025-08-11 17:24:38,47.99,59.99,20.0,GBP,61,2025-02-27,59.99,GBP,GB,True,False,False,False,False,False,False,165.0,-12.0,-0.200033338889815,2025-08-11,False,False,12.996469907407407,True
2246340,018d937f-7a06-7082-ae40-6a37d855cb32,GB,2025-09-23 17:18:59,41.99,59.99,30.0,GBP,61,2025-02-27,59.99,GBP,GB,True,False,False,False,False,False,False,208.0,-18.0,-0.3000500083347224,2025-09-23,False,False,13.038472222222222,True
2246340,018d937f-7a06-7082-ae40-6a37d855cb32,GB,2025-10-29 17:17:36,41.99,59.99,30.0,GBP,61,2025-02-27,59.99,GBP,GB,True,False,False,False,False,False,False,244.0,-18.0,-0.3000500083347224,2025-10-29,False,False,0.0,True
2246340,018d937f-7a06-7082-ae40-6a37d855cb32,JP,2025-06-25 17:31:00,7920.0,9900.0,20.0,JPY,61,2025-02-27,8990.0,JPY,JP,True,False,False,False,False,False,False,118.0,-1070.0,-0.11902113459399333,2025-06-25,False,False,15.041585648148148,True
2246340,018d937f-7a06-7082-ae40-6a37d855cb32,JP,2025-08-11 17:26:14,7920.0,9900.0,20.0,JPY,61,2025-02-27,8990.0,JPY,JP,True,False,False,False,False,False,False,165.0,-1070.0,-0.11902113459399333,2025-08-11,False,False,12.995868055555556,True
2246340,018d937f-7a06-7082-ae40-6a37d855cb32,JP,2025-08-28 04:15:36,8990.0,8990.0,0.0,JPY,61,2025-02-27,8990.0,JPY,JP,False,False,False,True,False,False,False,182.0,0.0,0.0,2025-08-28,False,False,,False
2246340,018d937f-7a06-7082-ae40-6a37d855cb32,JP,2025-09-23 17:19:50,6293.0,8990.0,30.0,JPY,61,2025-02-27,8990.0,JPY,JP,True,False,False,False,False,False,False,208.0,-2697.0,-0.30000000000000004,2025-09-23,False,False,13.052175925925926,True
2246340,018d937f-7a06-7082-ae40-6a37d855cb32,JP,2025-10-29 17:21:02,6293.0,8990.0,30.0,JPY,61,2025-02-27,8990.0,JPY,JP,True,False,False,False,False,False,False,244.0,-2697.0,-0.30000000000000004,2025-10-29,False,False,0.0,True
2246340,018d937f-7a06-7082-ae40-6a37d855cb32,PL,2025-06-25 17:30:37,234.93843137254905,293.6835294117647,20.0,PLN,61,2025-02-27,299.0,PLN,PL,True,True,True,False,False,False,False,118.0,-64.06156862745095,-0.21425273788445132,2025-06-25,True,True,15.026064814814815,True
2246340,018d937f-7a06-7082-ae40-6a37d855cb32,PL,2025-08-11 17:24:21,234.93843137254905,293.6835294117647,20.0,PLN,61,2025-02-27,299.0,PLN,PL,True,False,False,False,False,False,False,165.0,-64.06156862745095,-0.21425273788445132,2025-08-11,True,True,12.994375,True
2246340,018d937f-7a06-7082-ae40-6a37d855cb32,PL,2025-09-23 17:16:04,205.5658823529412,293.6835294117647,30.0,PLN,61,2025-02-27,299.0,PLN,PL,True,False,False,False,False,False,False,208.0,-93.4341176470588,-0.31248868778280536,2025-09-23,True,True,13.0425,True
2246340,018d937f-7a06-7082-ae40-6a37d855cb32,PL,2025-10-29 17:19:40,205.5658823529412,293.6835294117647,30.0,PLN,61,2025-02-27,299.0,PLN,PL,True,False,False,False,False,False,False,244.0,-93.4341176470588,-0.31248868778280536,2025-10-29,True,True,0.0,True
2246340,018d937f-7a06-7082-ae40-6a37d855cb32,TR,2025-06-25 17:30:29,41.99,52.49,20.0,USD,61,2025-02-27,52.49,USD,TR,True,False,False,False,False,False,False,118.0,-10.5,-0.2000381024957134,2025-06-25,False,False,15.026388888888889,True
2246340,018d937f-7a06-7082-ae40-6a37d855cb32,TR,2025-08-11 17:23:39,41.99,52.49,20.0,USD,61,2025-02-27,52.49,USD,TR,True,False,False,False,False,False,False,165.0,-10.5,-0.2000381024957134,2025-08-11,False,False,12.99707175925926,True
2246340,018d937f-7a06-7082-ae40-6a37d855cb32,TR,2025-09-23 17:18:39,36.74,52.49,30.0,USD,61,2025-02-27,52.49,USD,TR,True,False,False,False,False,False,False,208.0,-15.75,-0.3000571537435702,2025-09-23,False,False,13.040891203703703,True
2246340,018d937f-7a06-7082-ae40-6a37d855cb32,TR,2025-10-29 17:21:21,36.74,52.49,30.0,USD,61,2025-02-27,52.49,USD,TR,True,False,False,False,False,False,False,244.0,-15.75,-0.3000571537435702,2025-10-29,False,False,0.0,True
2246340,018d937f-7a06-7082-ae40-6a37d855cb32,US,2025-06-25 17:31:59,55.99,69.99,20.0,USD,61,2025-02-27,69.99,USD,US,True,False,False,False,False,False,False,118.0,-13.999999999999993,-0.20002857551078712,2025-06-25,False,False,15.027256944444444,True
2246340,018d937f-7a06-7082-ae40-6a37d855cb32,US,2025-08-11 17:24:54,55.99,69.99,20.0,USD,61,2025-02-27,69.99,USD,US,True,False,False,False,False,False,False,165.0,-13.999999999999993,-0.20002857551078712,2025-08-11,False,False,12.99636574074074,True
2246340,018d937f-7a06-7082-ae40-6a37d855cb32,US,2025-09-23 17:18:58,48.99,69.99,30.0,USD,61,2025-02-27,69.99,USD,US,True,False,False,False,False,False,False,208.0,-20.999999999999993,-0.3000428632661808,2025-09-23,False,False,13.044490740740741,True
2246340,018d937f-7a06-7082-ae40-6a37d855cb32,US,2025-10-29 17:17:39,48.99,69.99,30.0,USD,61,2025-02-27,69.99,USD,US,True,False,False,False,False,False,False,244.0,-20.999999999999993,-0.3000428632661808,2025-10-29,False,False,0.0,True
2486820,0194fc66-d60d-71a8-8f5c-66db5556853b,BR,2025-09-25 16:18:12,399.9,399.9,0.0,BRL,61,2025-09-25,399.9,BRL,BR,False,False,False,False,True,False,True,0.0,0.0,0.0,2025-09-25,False,False,,False
252490,018d937f-060f-705e-b364-8c5bba4d62f6,AR,2018-02-08 20:51:48,34.99,34.99,0.0,USD,61,2018-02-08,18.99,USD,AR,False,False,False,False,True,False,True,0.0,16.000000000000004,0.8425487098472884,2018-02-08,False,False,,False
252490,018d937f-060f-705e-b364-8c5bba4d62f6,AR,2018-06-21 19:07:18,8.74,34.99,75.0,USD,61,2018-02-08,18.99,USD,AR,True,False,False,False,False,False,False,133.0,-10.249999999999998,-0.5397577672459188,2018-06-21,False,False,13.963090277777777,True
252490,018d937f-060f-705e-b364-8c5bba4d62f6,AR,2018-10-29 17:27:08,17.49,34.99,50.0,USD,61,2018-02-08,18.99,USD,AR,True,False,False,False,False,False,False,263.0,-1.5,-0.07898894154818326,2018-10-29,False,False,3.025324074074074,True
252490,018d937f-060f-705e-b364-8c5bba4d62f6,AR,2018-11-21 19:08:40,17.49,34.99,50.0,USD,61,2018-02-08,18.99,USD,AR,True,False,False,False,False,False,False,286.0,-1.5,-0.07898894154818326,2018-11-21,False,False,6.0322453703703705,True
252490,018d937f-060f-705e-b364-8c5bba4d62f6,AR,2018-12-20 18:41:19,17.49,34.99,50.0,USD,61,2018-02-08,18.99,USD,AR,True,False,False,False,False,False,False,315.0,-1.5,-0.07898894154818326,2018-12-20,False,False,14.170416666666666,True
252490,018d937f-060f-705e-b364-8c5bba4d62f6,AR,2019-02-04 20:55:55,17.49,34.99,50.0,USD,61,2018-02-08,18.99,USD,AR,True,False,False,False,False,False,False,361.0,-1.5,-0.07898894154818326,2019-02-04,False,False,7.051793981481482,True
252490,018d937f-060f-705e-b364-8c5bba4d62f6,AR,2019-06-25 20:14:32,8.74,34.99,75.0,USD,61,2018-02-08,18.99,USD,AR,True,False,False,False,False,False,False,502.0,-10.249999999999998,-0.5397577672459188,2019-06-25,False,False,14.083553240740741,True
252490,018d937f-060f-705e-b364-8c5bba4d62f6,AR,2019-10-28 17:25:40,23.44,34.99,33.0,USD,61,2018-02-08,18.99,USD,AR,True,False,False,False,False,False,False,627.0,4.450000000000003,0.2343338599262772,2019-10-28,False,False,4.000104166666667,True
252490,018d937f-060f-705e-b364-8c5bba4d62f6,AR,2019-11-10 16:21:18,23.44,34.99,33.0,USD,61,2018-02-08,18.99,USD,AR,True,False,False,False,False,False,False,640.0,4.450000000000003,0.2343338599262772,2019-11-10,False,False,2.0000925925925928,True
252490,018d937f-060f-705e-b364-8c5bba4d62f6,AR,2019-11-26 19:07:15,23.44,34.99,33.0,USD,61,2018-02-08,18.99,USD,AR,True,False,False,False,False,False,False,656.0,4.450000000000003,0.2343338599262772,2019-11-26,False,False,6.971898148148148,True
252490,018d937f-060f-705e-b364-8c5bba4d62f6,AR,2019-12-16 18:21:25,23.44,34.99,33.0,USD,61,2018-02-08,18.99,USD,AR,True,False,False,False,False,False,False,676.0,4.450000000000003,0.2343338599262772,2019-12-16,False,False,17.013564814814814,True
252490,018d937f-060f-705e-b364-8c5bba4d62f6,AR,2020-01-23 18:32:20,23.44,34.99,33.0,USD,61,2018-02-08,18.99,USD,AR,True,False,False,False,False,False,False,714.0,4.450000000000003,0.2343338599262772,2020-01-23,False,False,3.998009259259259,True
252490,018d937f-060f-705e-b364-8c5bba4d62f6,AR,2020-01-31 23:35:12,39.99,39.99,0.0,USD,61,2018-02-08,18.99,USD,AR,False,False,False,True,False,False,False,722.0,21.000000000000004,1.105845181674566,2020-01-31,False,False,,False
252490,018d937f-060f-705e-b364-8c5bba4d62f6,AR,2020-03-23 17:21:13,19.99,39.99,50.0,USD,61,2018-02-08,18.99,USD,AR,True,False,False,False,False,False,False,774.0,1.0,0.05265929436545558,2020-03-23,False,False,7.000486111111111,True
252490,018d937f-060f-705e-b364-8c5bba4d62f6,AR,2020-06-25 17:56:22,19.99,39.99,50.0,USD,61,2018-02-08,18.99,USD,AR,True,False,False,False,False,False,False,868.0,1.0,0.05265929436545558,2020-06-25,False,False,13.983136574074074,True
252490,018d937f-060f-705e-b364-8c5bba4d62f6,AR,2020-10-29 17:23:42,26.79,39.99,33.0,USD,61,2018-02-08,18.99,USD,AR,True,False,False,False,False,False,False,994.0,7.800000000000001,0.410742496050553,2020-10-29,False,False,4.042789351851852,True
252490,018d937f-060f-705e-b364-8c5bba4d62f6,AR,2020-11-25 18:31:36,26.79,39.99,33.0,USD,61,2018-02-08,18.99,USD,AR,True,False,False,False,False,False,False,1021.0,7.800000000000001,0.410742496050553,2020-11-25,False,False,5.993159722222222,True
252490,018d937f-060f-705e-b364-8c5bba4d62f6,AR,2020-12-22 18:58:43,26.79,39.99,33.0,USD,61,2018-02-08,18.99,USD,AR,True,False,False,False,False,False,False,1048.0,7.800000000000001,0.410742496050553,2020-12-22,False,False,13.996886574074074,True
252490,018d937f-060f-705e-b364-8c5bba4d62f6,AR,2021-01-07 18:21:11,26.79,39.99,33.0,USD,61,2018-02-08,18.99,USD,AR,True,False,False,False,False,False,False,1064.0,7.800000000000001,0.410742496050553,2021-01-07,False,False,4.000092592592592,True
252490,018d937f-060f-705e-b364-8c5bba4d62f6,AR,2021-02-11 18:35:53,26.79,39.99,33.0,USD,61,2018-02-08,18.99,USD,AR,True,False,False,False,False,False,False,1099.0,7.800000000000001,0.410742496050553,2021-02-11,False,False,3.999560185185185,True
252490,018d937f-060f-705e-b364-8c5bba4d62f6,AR,2021-05-27 17:22:22,26.79,39.99,33.0,USD,61,2018-02-08,18.99,USD,AR,True,False,False,False,False,False,False,1204.0,7.800000000000001,0.410742496050553,2021-05-27,False,False,4.001469907407407,True
252490,018d937f-060f-705e-b364-8c5bba4d62f6,AR,2021-06-28 14:24:49,19.99,39.99,50.0,USD,61,2018-02-08,18.99,USD,AR,True,False,False,False,False,False,False,1236.0,1.0,0.05265929436545558,2021-06-28,False,False,10.152627314814815,True
252490,018d937f-060f-705e-b364-8c5bba4d62f6,AR,2021-10-28 18:21:51,26.79,39.99,33.0,USD,61,2018-02-08,18.99,USD,AR,True,False,False,False,False,False,False,1358.0,7.800000000000001,0.410742496050553,2021-10-28,False,False,3.9810648148148147,True
252490,018d937f-060f-705e-b364-8c5bba4d62f6,AR,2021-11-24 21:10:17,26.79,39.99,33.0,USD,61,2018-02-08,18.99,USD,AR,True,False,False,False,False,False,False,1385.0,7.800000000000001,0.410742496050553,2021-11-24,False,False,6.922696759259259,True
252490,018d937f-060f-705e-b364-8c5bba4d62f6,AR,2021-12-22 21:47:20,26.79,39.99,33.0,USD,61,2018-02-08,18.99,USD,AR,True,False,False,False,False,False,False,1413.0,7.800000000000001,0.410742496050553,2021-12-22,False,False,13.859907407407407,True
252490,018d937f-060f-705e-b364-8c5bba4d62f6,AR,2022-01-27 18:25:27,26.79,39.99,33.0,USD,61,2018-02-08,18.99,USD,AR,True,False,False,False,False,False,False,1449.0,7.800000000000001,0.410742496050553,2022-01-27,False,False,6.997766203703704,True
252490,018d937f-060f-705e-b364-8c5bba4d62f6,AR,2022-06-23 18:11:51,19.99,39.99,50.0,USD,61,2018-02-08,18.99,USD,AR,True,False,False,False,False,False,False,1596.0,1.0,0.05265929436545558,2022-06-23,False,False,13.967361111111112,True
252490,018d937f-060f-705e-b364-8c5bba4d62f6,AR,2022-08-01 17:18:20,19.99,39.99,50.0,USD,61,2018-02-08,18.99,USD,AR,True,False,False,False,False,False,False,1635.0,1.0,0.05265929436545558,2022-08-01,False,False,6.98957175925926,True
252490,018d937f-060f-705e-b364-8c5bba4d62f6,AR,2022-10-25 18:19:55,26.79,39.99,33.0,USD,61,2018-02-08,18.99,USD,AR,True,False,False,False,False,False,False,1720.0,7.800000000000001,0.410742496050553,2022-10-25,False,False,7.958611111111111,True
252490,018d937f-060f-705e-b364-8c5bba4d62f6,AR,2022-11-22 18:46:31,26.79,39.99,33.0,USD,61,2018-02-08,18.99,USD,AR,True,False,False,False,False,False,False,1748.0,7.800000000000001,0.410742496050553,2022-11-22,False,False,6.987164351851852,True
252490,018d937f-060f-705e-b364-8c5bba4d62f6,AR,2022-12-22 22:01:14,26.79,39.99,33.0,USD,61,2018-02-08,18.99,USD,AR,True,False,False,False,False,False,False,1778.0,7.800000000000001,0.410742496050553,2022-12-22,False,False,13.862280092592593,True
252490,018d937f-060f-705e-b364-8c5bba4d62f6,AR,2023-03-16 17:27:43,26.79,39.99,33.0,USD,61,2018-02-08,18.99,USD,AR,True,False,False,False,False,False,False,1862.0,7.800000000000001,0.410742496050553,2023-03-16,False,False,7.031261574074074,True
252490,018d937f-060f-705e-b364-8c5bba4d62f6,AR,2023-05-16 17:03:16,26.79,39.99,33.0,USD,61,2018-02-08,18.99,USD,AR,True,False,False,False,False,False,False,1923.0,7.800000000000001,0.410742496050553,2023-05-16,False,False,7.008298611111111,True
252490,018d937f-060f-705e-b364-8c5bba4d62f6,AR,2023-06-29 22:15:12,26.79,39.99,33.0,USD,61,2018-02-08,18.99,USD,AR,True,False,False,False,False,False,False,1967.0,7.800000000000001,0.410742496050553,2023-06-29,False,False,13.792708333333334,True
252490,018d937f-060f-705e-b364-8c5bba4d62f6,AR,2023-11-21 18:40:51,26.79,39.99,33.0,USD,61,2018-02-08,18.99,USD,AR,True,False,False,False,False,False,False,2112.0,7.800000000000001,0.410742496050553,2023-11-21,False,False,6.989328703703704,True
252490,018d937f-060f-705e-b364-8c5bba4d62f6,AR,2023-12-14 18:03:23,19.99,39.99,50.0,USD,61,2018-02-08,18.99,USD,AR,True,False,False,False,False,False,False,2135.0,1.0,0.05265929436545558,2023-12-14,False,False,21.017858796296295,True
252490,018d937f-060f-705e-b364-8c5bba4d62f6,AR,2023-12-21 18:20:28,26.79,39.99,33.0,USD,61,2018-02-08,18.99,USD,AR,True,False,False,False,False,False,False,2142.0,7.800000000000001,0.410742496050553,2023-12-21,False,False,,False
252490,018d937f-060f-705e-b364-8c5bba4d62f6,AR,2024-03-14 17:22:16,26.79,39.99,33.0,USD,61,2018-02-08,18.99,USD,AR,True,False,False,False,False,False,False,2226.0,7.800000000000001,0.410742496050553,2024-03-14,False,False,7.005833333333333,True
252490,018d937f-060f-705e-b364-8c5bba4d62f6,AR,2024-04-15 17:18:11,26.79,39.99,33.0,USD,61,2018-02-08,18.99,USD,AR,True,False,False,False,False,False,False,2258.0,7.800000000000001,0.410742496050553,2024-04-15,False,False,6.999212962962963,True
252490,018d937f-060f-705e-b364-8c5bba4d62f6,AR,2024-05-27 17:16:34,19.99,39.99,50.0,USD,61,2018-02-08,18.99,USD,AR,True,False,False,False,False,False,False,2300.0,1.0,0.05265929436545558,2024-05-27,False,False,7.000219907407407,True
252490,018d937f-060f-705e-b364-8c5bba4d62f6,AR,2024-06-27 18:05:52,26.79,39.99,33.0,USD,61,2018-02-08,18.99,USD,AR,True,False,False,False,False,False,False,2331.0,7.800000000000001,0.410742496050553,2024-06-27,False,False,13.96769675925926,True
252490,018d937f-060f-705e-b364-8c5bba4d62f6,AR,2024-07-15 17:16:05,19.99,39.99,50.0,USD,61,2018-02-08,18.99,USD,AR,True,False,False,False,False,False,False,2349.0,1.0,0.05265929436545558,2024-07-15,False,False,7.000462962962963,True
252490,018d937f-060f-705e-b364-8c5bba4d62f6,AR,2024-10-03 17:15:46,23.99,39.99,40.0,USD,61,2018-02-08,18.99,USD,AR,True,False,False,False,False,False,False,2429.0,5.0,0.26329647182727745,2024-10-03,False,False,5.000150462962963,True
252490,018d937f-060f-705e-b364-8c5bba4d62f6,AR,2024-11-07 18:15:32,23.99,39.99,40.0,USD,61,2018-02-08,18.99,USD,AR,True,False,False,False,False,False,False,2464.0,5.0,0.26329647182727745,2024-11-07,False,False,2.0018171296296297,True
252490,018d937f-060f-705e-b364-8c5bba4d62f6,AR,2024-11-27 21:28:01,23.99,39.99,40.0,USD,61,2018-02-08,18.99,USD,AR,True,False,False,False,False,False,False,2484.0,5.0,0.26329647182727745,2024-11-27,False,False,6.868171296296296,True
252490,018d937f-060f-705e-b364-8c5bba4d62f6,AR,2024-12-09 18:18:02,19.99,39.99,50.0,USD,61,2018-02-08,18.99,USD,AR,True,False,False,False,False,False,False,2496.0,1.0,0.05265929436545558,2024-12-09,False,False,24.009988425925926,True
252490,018d937f-060f-705e-b364-8c5bba4d62f6,AR,2025-02-06 18:21:33,19.99,39.99,50.0,USD,61,2018-02-08,18.99,USD,AR,True,False,False,False,False,False,False,2555.0,1.0,0.05265929436545558,2025-02-06,False,False,1.9956597222222223,True
252490,018d937f-060f-705e-b364-8c5bba4d62f6,AR,2025-03-13 19:17:39,23.99,39.99,40.0,USD,61,2018-02-08,18.99,USD,AR,True,False,False,False,False,False,False,2590.0,5.0,0.26329647182727745,2025-03-13,False,False,6.917476851851852,True
252490,018d937f-060f-705e-b364-8c5bba4d62f6,AR,2025-03-24 17:15:42,23.99,39.99,40.0,USD,61,2018-02-08,18.99,USD,AR,True,False,False,False,False,False,False,2601.0,5.0,0.26329647182727745,2025-03-24,False,False,7.999918981481481,True
252490,018d937f-060f-705e-b364-8c5bba4d62f6,AR,2025-05-01 17:15:30,19.99,39.99,50.0,USD,61,2018-02-08,18.99,USD,AR,True,False,False,False,False,False,False,2639.0,1.0,0.05265929436545558,2025-05-01,False,False,1.999826388888889,True
252490,018d937f-060f-705e-b364-8c5bba4d62f6,AR,2025-06-26 21:30:39,23.99,39.99,40.0,USD,61,2018-02-08,18.99,USD,AR,True,False,False,False,False,False,False,2695.0,5.0,0.26329647182727745,2025-06-26,False,False,13.83511574074074,True
252490,018d937f-060f-705e-b364-8c5bba4d62f6,AR,2025-08-07 17:16:33,19.99,39.99,50.0,USD,61,2018-02-08,18.99,USD,AR,True,False,False,False,False,False,False,2737.0,1.0,0.05265929436545558,2025-08-07,False,False,7.004988425925926,True
252490,018d937f-060f-705e-b364-8c5bba4d62f6,AR,2025-09-29 20:18:14,19.99,39.99,50.0,USD,61,2018-02-08,18.99,USD,AR,True,False,False,False,False,False,False,2790.0,1.0,0.05265929436545558,2025-09-29,False,False,6.8755092592592595,True
252490,018d937f-060f-705e-b364-8c5bba4d62f6,AR,2025-10-23 17:19:11,23.99,39.99,40.0,USD,61,2018-02-08,18.99,USD,AR,True,False,False,False,False,False,False,2814.0,5.0,0.26329647182727745,2025-10-23,False,False,13.99744212962963,True
252490,018d937f-060f-705e-b364-8c5bba4d62f6,AU,2018-02-08 18:32:08,44.93,44.93,0.0,AUD,61,2018-02-08,59.95,AUD,AU,False,False,False,False,True,False,True,0.0,-15.020000000000003,-0.2505421184320268,2018-02-08,False,False,,False
252490,018d937f-060f-705e-b364-8c5bba4d62f6,AU,2018-04-29 23:57:36,46.45,46.45,0.0,AUD,61,2018-02-08,59.95,AUD,AU,False,False,False,True,False,False,False,80.0,-13.5,-0.2251876563803169,2018-04-29,False,False,,False
252490,018d937f-060f-705e-b364-8c5bba4d62f6,AU,2018-06-21 21:03:43,8.82,35.3,75.0,AUD,61,2018-02-08,59.95,AUD,AU,True,False,False,False,False,False,False,133.0,-51.13,-0.8528773978315263,2018-06-21,False,False,13.852997685185185,True
252490,018d937f-060f-705e-b364-8c5bba4d62f6,AU,2018-10-30 00:59:03,24.64,49.29,50.0,AUD,61,2018-02-08,59.95,AUD,AU,True,False,False,False,False,False,False,264.0,-35.31,-0.5889908256880734,2018-10-30,False,False,2.704375,True
252490,018d937f-060f-705e-b364-8c5bba4d62f6,AU,2018-11-20 23:35:34,68.78,68.78,0.0,AUD,61,2018-02-08,59.95,AUD,AU,False,False,False,True,False,False,False,285.0,8.829999999999998,0.14728940783986655,2018-11-20,False,False,,False
252490,018d937f-060f-705e-b364-8c5bba4d62f6,AU,2018-11-21 21:09:55,24.97,49.95,50.0,AUD,61,2018-02-08,59.95,AUD,AU,True,False,False,False,False,False,False,286.0,-34.980000000000004,-0.5834862385321101,2018-11-21,False,False,5.965138888888889,True
252490,018d937f-060f-705e-b364-8c5bba4d62f6,AU,2018-12-20 23:12:03,24.97,49.95,50.0,AUD,61,2018-02-08,59.95,AUD,AU,True,False,False,False,False,False,False,315.0,-34.980000000000004,-0.5834862385321101,2018-12-20,False,False,13.84795138888889,True
252490,018d937f-060f-705e-b364-8c5bba4d62f6,AU,2019-02-04 21:01:40,24.97,49.95,50.0,AUD,61,2018-02-08,59.95,AUD,AU,True,False,False,False,False,False,False,361.0,-34.980000000000004,-0.5834862385321101,2019-02-04,False,False,7.200590277777778,True
252490,018d937f-060f-705e-b364-8c5bba4d62f6,AU,2019-06-26 00:30:16,12.48,49.95,75.0,AUD,61,2018-02-08,59.95,AUD,AU,True,False,False,False,False,False,False,503.0,-47.47,-0.7918265221017515,2019-06-26,False,False,13.829560185185185,True
252490,018d937f-060f-705e-b364-8c5bba4d62f6,AU,2019-10-28 17:34:10,33.46,49.95,33.0,AUD,61,2018-02-08,59.95,AUD,AU,True,False,False,False,False,False,False,627.0,-26.490000000000002,-0.44186822351959965,2019-10-28,False,False,3.993912037037037,True
252490,018d937f-060f-705e-b364-8c5bba4d62f6,AU,2019-11-10 16:21:32,33.46,49.95,33.0,AUD,61,2018-02-08,59.95,AUD,AU,True,False,False,False,False,False,False,640.0,-26.490000000000002,-0.44186822351959965,2019-11-10,False,False,2.000324074074074,True
252490,018d937f-060f-705e-b364-8c5bba4d62f6,AU,2019-11-26 19:00:19,33.46,49.95,33.0,AUD,61,2018-02-08,59.95,AUD,AU,True,False,False,False,False,False,False,656.0,-26.490000000000002,-0.44186822351959965,2019-11-26,False,False,6.981319444444445,True
252490,018d937f-060f-705e-b364-8c5bba4d62f6,AU,2019-12-16 18:22:11,33.46,49.95,33.0,AUD,61,2018-02-08,59.95,AUD,AU,True,False,False,False,False,False,False,676.0,-26.490000000000002,-0.44186822351959965,2019-12-16,False,False,17.010324074074074,True
252490,018d937f-060f-705e-b364-8c5bba4d62f6,AU,2020-01-23 18:27:25,33.46,49.95,33.0,AUD,61,2018-02-08,59.95,AUD,AU,True,False,False,False,False,False,False,714.0,-26.490000000000002,-0.44186822351959965,2020-01-23,False,False,3.9987268518518517,True
252490,018d937f-060f-705e-b364-8c5bba4d62f6,AU,2020-01-31 23:35:09,56.95,56.95,0.0,AUD,61,2018-02-08,59.95,AUD,AU,False,False,False,True,False,False,False,722.0,-3.0,-0.05004170141784825,2020-01-31,False,False,,False
252490,018d937f-060f-705e-b364-8c5bba4d62f6,AU,2020-03-23 17:21:29,28.47,56.95,50.0,AUD,61,2018-02-08,59.95,AUD,AU,True,False,False,False,False,False,False,774.0,-31.480000000000004,-0.5251042535446205,2020-03-23,False,False,6.999907407407408,True
252490,018d937f-060f-705e-b364-8c5bba4d62f6,AU,2020-06-25 18:03:21,28.47,56.95,50.0,AUD,61,2018-02-08,59.95,AUD,AU,True,False,False,False,False,False,False,868.0,-31.480000000000004,-0.5251042535446205,2020-06-25,False,False,13.98048611111111,True
252490,018d937f-060f-705e-b364-8c5bba4d62f6,AU,2020-10-29 17:24:53,38.15,56.95,33.0,AUD,61,2018-02-08,59.95,AUD,AU,True,False,False,False,False,False,False,994.0,-21.800000000000004,-0.36363636363636365,2020-10-29,False,False,4.042696759259259,True
252490,018d937f-060f-705e-b364-8c5bba4d62f6,AU,2020-11-25 18:24:53,38.15,56.95,33.0,AUD,61,2018-02-08,59.95,AUD,AU,True,False,False,False,False,False,False,1021.0,-21.800000000000004,-0.36363636363636365,2020-11-25,False,False,5.998518518518519,True
252490,018d937f-060f-705e-b364-8c5bba4d62f6,AU,2020-12-22 18:59:54,38.15,56.95,33.0,AUD,61,2018-02-08,59.95,AUD,AU,True,False,False,False,False,False,False,1048.0,-21.800000000000004,-0.36363636363636365,2020-12-22,False,False,13.996377314814815,True
252490,018d937f-060f-705e-b364-8c5bba4d62f6,AU,2021-01-07 18:21:12,38.15,56.95,33.0,AUD,61,2018-02-08,59.95,AUD,AU,True,False,False,False,False,False,False,1064.0,-21.800000000000004,-0.36363636363636365,2021-01-07,False,False,4.000081018518519,True
252490,018d937f-060f-705e-b364-8c5bba4d62f6,AU,2021-02-11 18:57:36,38.15,56.95,33.0,AUD,61,2018-02-08,59.95,AUD,AU,True,False,False,False,False,False,False,1099.0,-21.800000000000004,-0.36363636363636365,2021-02-11,False,False,3.9844560185185185,True
252490,018d937f-060f-705e-b364-8c5bba4d62f6,AU,2021-05-27 17:22:31,38.15,56.95,33.0,AUD,61,2018-02-08,59.95,AUD,AU,True,False,False,False,False,False,False,1204.0,-21.800000000000004,-0.36363636363636365,2021-05-27,False,False,4.001365740740741,True
252490,018d937f-060f-705e-b364-8c5bba4d62f6,AU,2021-06-28 14:24:48,28.47,56.95,50.0,AUD,61,2018-02-08,59.95,AUD,AU,True,False,False,False,False,False,False,1236.0,-31.480000000000004,-0.5251042535446205,2021-06-28,False,False,10.131909722222222,True
252490,018d937f-060f-705e-b364-8c5bba4d62f6,AU,2021-09-22 23:06:00,59.95,59.95,0.0,AUD,61,2018-02-08,59.95,AUD,AU,False,False,False,True,False,False,False,1322.0,0.0,0.0,2021-09-22,False,False,,False
252490,018d937f-060f-705e-b364-8c5bba4d62f6,AU,2021-10-28 17:30:48,40.16,59.95,33.0,AUD,61,2018-02-08,59.95,AUD,AU,True,False,False,False,False,False,False,1358.0,-19.790000000000006,-0.33010842368640547,2021-10-28,False,False,4.0060416666666665,True
252490,018d937f-060f-705e-b364-8c5bba4d62f6,AU,2021-11-24 18:49:54,40.16,59.95,33.0,AUD,61,2018-02-08,59.95,AUD,AU,True,False,False,False,False,False,False,1385.0,-19.790000000000006,-0.33010842368640547,2021-11-24,False,False,6.99494212962963,True
252490,018d937f-060f-705e-b364-8c5bba4d62f6,AU,2021-12-22 21:58:52,40.16,59.95,33.0,AUD,61,2018-02-08,59.95,AUD,AU,True,False,False,False,False,False,False,1413.0,-19.790000000000006,-0.33010842368640547,2021-12-22,False,False,13.84982638888889,True
252490,018d937f-060f-705e-b364-8c5bba4d62f6,AU,2022-01-27 18:23:04,40.16,59.95,33.0,AUD,61,2018-02-08,59.95,AUD,AU,True,False,False,False,False,False,False,1449.0,-19.790000000000006,-0.33010842368640547,2022-01-27,False,False,7.003854166666667,True
252490,018d937f-060f-705e-b364-8c5bba4d62f6,AU,2022-06-23 17:56:54,29.97,59.95,50.0,AUD,61,2018-02-08,59.95,AUD,AU,True,False,False,False,False,False,False,1596.0,-29.980000000000004,-0.5000834028356964,2022-06-23,False,False,13.988726851851851,True
252490,018d937f-060f-705e-b364-8c5bba4d62f6,AU,2022-08-01 17:30:05,29.97,59.95,50.0,AUD,61,2018-02-08,59.95,AUD,AU,True,False,False,False,False,False,False,1635.0,-29.980000000000004,-0.5000834028356964,2022-08-01,False,False,6.993912037037037,True
252490,018d937f-060f-705e-b364-8c5bba4d62f6,AU,2022-10-25 18:19:43,40.16,59.95,33.0,AUD,61,2018-02-08,59.95,AUD,AU,True,False,False,False,False,False,False,1720.0,-19.790000000000006,-0.33010842368640547,2022-10-25,False,False,7.958784722222222,True
252490,018d937f-060f-705e-b364-8c5bba4d62f6,AU,2022-11-22 19:19:54,40.16,59.95,33.0,AUD,61,2018-02-08,59.95,AUD,AU,True,False,False,False,False,False,False,1748.0,-19.790000000000006,-0.33010842368640547,2022-11-22,False,False,6.968587962962963,True
252490,018d937f-060f-705e-b364-8c5bba4d62f6,AU,2022-12-22 21:51:57,40.16,59.95,33.0,AUD,61,2018-02-08,59.95,AUD,AU,True,False,False,False,False,False,False,1778.0,-19.790000000000006,-0.33010842368640547,2022-12-22,False,False,13.870891203703703,True
252490,018d937f-060f-705e-b364-8c5bba4d62f6,AU,2023-03-16 17:27:40,40.16,59.95,33.0,AUD,61,2018-02-08,59.95,AUD,AU,True,False,False,False,False,False,False,1862.0,-19.790000000000006,-0.33010842368640547,2023-03-16,False,False,7.010486111111111,True
252490,018d937f-060f-705e-b364-8c5bba4d62f6,AU,2023-05-16 17:09:16,40.16,59.95,33.0,AUD,61,2018-02-08,59.95,AUD,AU,True,False,False,False,False,False,False,1923.0,-19.790000000000006,-0.33010842368640547,2023-05-16,False,False,7.00724537037037,True
252490,018d937f-060f-705e-b364-8c5bba4d62f6,AU,2023-06-29 22:11:02,40.16,59.95,33.0,AUD,61,2018-02-08,59.95,AUD,AU,True,False,False,False,False,False,False,1967.0,-19.790000000000006,-0.33010842368640547,2023-06-29,False,False,13.799479166666666,True
252490,018d937f-060f-705e-b364-8c5bba4d62f6,AU,2023-11-21 18:31:15,40.16,59.95,33.0,AUD,61,2018-02-08,59.95,AUD,AU,True,False,False,False,False,False,False,2112.0,-19.790000000000006,-0.33010842368640547,2023-11-21,False,False,7.006215277777778,True
252490,018d937f-060f-705e-b364-8c5bba4d62f6,AU,2023-12-14 18:20:16,29.97,59.95,50.0,AUD,61,2018-02-08,59.95,AUD,AU,True,False,False,False,False,False,False,2135.0,-29.980000000000004,-0.5000834028356964,2023-12-14,False,False,21.006886574074073,True
252490,018d937f-060f-705e-b364-8c5bba4d62f6,AU,2023-12-21 18:36:22,40.16,59.95,33.0,AUD,61,2018-02-08,59.95,AUD,AU,True,False,False,False,False,False,False,2142.0,-19.790000000000006,-0.33010842368640547,2023-12-21,False,False,,False
252490,018d937f-060f-705e-b364-8c5bba4d62f6,AU,2024-03-14 17:17:39,40.16,59.95,33.0,AUD,61,2018-02-08,59.95,AUD,AU,True,False,False,False,False,False,False,2226.0,-19.790000000000006,-0.33010842368640547,2024-03-14,False,False,7.010879629629629,True
252490,018d937f-060f-705e-b364-8c5bba4d62f6,AU,2024-04-15 17:15:42,40.16,59.95,33.0,AUD,61,2018-02-08,59.95,AUD,AU,True,False,False,False,False,False,False,2258.0,-19.790000000000006,-0.33010842368640547,2024-04-15,False,False,7.0012847222222225,True
252490,018d937f-060f-705e-b364-8c5bba4d62f6,AU,2024-05-27 17:16:11,29.97,59.95,50.0,AUD,61,2018-02-08,59.95,AUD,AU,True,False,False,False,False,False,False,2300.0,-29.980000000000004,-0.5000834028356964,2024-05-27,False,False,7.000254629629629,True
252490,018d937f-060f-705e-b364-8c5bba4d62f6,AU,2024-06-27 18:05:54,40.16,59.95,33.0,AUD,61,2018-02-08,59.95,AUD,AU,True,False,False,False,False,False,False,2331.0,-19.790000000000006,-0.33010842368640547,2024-06-27,False,False,13.968958333333333,True
252490,018d937f-060f-705e-b364-8c5bba4d62f6,AU,2024-07-15 17:22:23,29.97,59.95,50.0,AUD,61,2018-02-08,59.95,AUD,AU,True,False,False,False,False,False,False,2349.0,-29.980000000000004,-0.5000834028356964,2024-07-15,False,False,6.997199074074074,True
252490,018d937f-060f-705e-b364-8c5bba4d62f6,AU,2024-10-03 17:18:39,35.97,59.95,40.0,AUD,61,2018-02-08,59.95,AUD,AU,True,False,False,False,False,False,False,2429.0,-23.980000000000004,-0.4,2024-10-03,False,False,5.000335648148148,True
252490,018d937f-060f-705e-b364-8c5bba4d62f6,AU,2024-11-07 18:15:33,35.97,59.95,40.0,AUD,61,2018-02-08,59.95,AUD,AU,True,False,False,False,False,False,False,2464.0,-23.980000000000004,-0.4,2024-11-07,False,False,2.002060185185185,True
252490,018d937f-060f-705e-b364-8c5bba4d62f6,AU,2024-11-27 21:54:56,35.97,59.95,40.0,AUD,61,2018-02-08,59.95,AUD,AU,True,False,False,False,False,False,False,2484.0,-23.980000000000004,-0.4,2024-11-27,False,False,6.849456018518518,True
252490,018d937f-060f-705e-b364-8c5bba4d62f6,AU,2024-12-09 18:15:55,29.97,59.95,50.0,AUD,61,2018-02-08,59.95,AUD,AU,True,False,False,False,False,False,False,2496.0,-29.980000000000004,-0.5000834028356964,2024-12-09,False,False,24.01133101851852,True
252490,018d937f-060f-705e-b364-8c5bba4d62f6,AU,2025-02-06 18:17:24,29.97,59.95,50.0,AUD,61,2018-02-08,59.95,AUD,AU,True,False,False,False,False,False,False,2555.0,-29.980000000000004,-0.5000834028356964,2025-02-06,False,False,1.9984837962962962,True
252490,018d937f-060f-705e-b364-8c5bba4d62f6,AU,2025-03-13 19:30:23,35.97,59.95,40.0,AUD,61,2018-02-08,59.95,AUD,AU,True,False,False,False,False,False,False,2590.0,-23.980000000000004,-0.4,2025-03-13,False,False,6.909756944444444,True
252490,018d937f-060f-705e-b364-8c5bba4d62f6,AU,2025-03-24 17:17:06,35.97,59.95,40.0,AUD,61,2018-02-08,59.95,AUD,AU,True,False,False,False,False,False,False,2601.0,-23.980000000000004,-0.4,2025-03-24,False,False,8.001064814814814,True
252490,018d937f-060f-705e-b364-8c5bba4d62f6,AU,2025-05-01 17:15:23,29.97,59.95,50.0,AUD,61,2018-02-08,59.95,AUD,AU,True,False,False,False,False,False,False,2639.0,-29.980000000000004,-0.5000834028356964,2025-05-01,False,False,2.000347222222222,True
252490,018d937f-060f-705e-b364-8c5bba4d62f6,AU,2025-06-26 21:29:16,35.97,59.95,40.0,AUD,61,2018-02-08,59.95,AUD,AU,True,False,False,False,False,False,False,2695.0,-23.980000000000004,-0.4,2025-06-26,False,False,13.836099537037038,True
252490,018d937f-060f-705e-b364-8c5bba4d62f6,AU,2025-08-07 17:15:44,29.97,59.95,50.0,AUD,61,2018-02-08,59.95,AUD,AU,True,False,False,False,False,False,False,2737.0,-29.980000000000004,-0.5000834028356964,2025-08-07,False,False,7.005625,True
252490,018d937f-060f-705e-b364-8c5bba4d62f6,AU,2025-09-29 20:11:19,29.97,59.95,50.0,AUD,61,2018-02-08,59.95,AUD,AU,True,False,False,False,False,False,False,2790.0,-29.980000000000004,-0.5000834028356964,2025-09-29,False,False,6.880289351851852,True
252490,018d937f-060f-705e-b364-8c5bba4d62f6,AU,2025-10-23 17:15:44,35.97,59.95,40.0,AUD,61,2018-02-08,59.95,AUD,AU,True,False,False,False,False,False,False,2814.0,-23.980000000000004,-0.4,2025-10-23,False,False,13.99982638888889,True
252490,018d937f-060f-705e-b364-8c5bba4d62f6,BR,2018-02-08 20:58:24,65.97,65.97,0.0,BRL,61,2018-02-08,119.99,BRL,BR,False,False,False,False,True,False,True,0.0,-54.019999999999996,-0.45020418368197346,2018-02-08,False,False,,False
252490,018d937f-060f-705e-b364-8c5bba4d62f6,BR,2018-05-31 11:03:09,34.99,34.99,0.0,BRL,61,2018-02-08,119.99,BRL,BR,False,False,False,True,False,False,False,112.0,-85.0,-0.7083923660305025,2018-05-31,False,False,,False
252490,018d937f-060f-705e-b364-8c5bba4d62f6,BR,2018-05-31 13:33:02,65.86,65.86,0.0,BRL,61,2018-02-08,119.99,BRL,BR,False,False,False,True,False,False,False,112.0,-54.129999999999995,-0.45112092674389526,2018-05-31,False,False,,False
252490,018d937f-060f-705e-b364-8c5bba4d62f6,BR,2018-06-22 03:47:27,16.5,66.01,75.0,BRL,61,2018-02-08,119.99,BRL,BR,True,False,False,False,False,False,False,134.0,-103.49,-0.862488540711726,2018-06-22,False,False,13.743194444444445,True
252490,018d937f-060f-705e-b364-8c5bba4d62f6,BR,2018-10-30 02:10:13,32.78,65.61,50.0,BRL,61,2018-02-08,119.99,BRL,BR,True,False,False,False,False,False,False,264.0,-87.21,-0.7268105675472956,2018-10-30,False,False,2.6547800925925924,True
252490,018d937f-060f-705e-b364-8c5bba4d62f6,BR,2018-11-21 22:45:37,32.87,65.75,50.0,BRL,61,2018-02-08,119.99,BRL,BR,True,False,False,False,False,False,False,286.0,-87.12,-0.7260605050420869,2018-11-21,False,False,5.851342592592593,True
252490,018d937f-060f-705e-b364-8c5bba4d62f6,BR,2018-12-20 22:02:14,32.99,65.99,50.0,BRL,61,2018-02-08,119.99,BRL,BR,True,False,False,False,False,False,False,315.0,-87.0,-0.7250604217018084,2018-12-20,False,False,13.990277777777777,True
252490,018d937f-060f-705e-b364-8c5bba4d62f6,BR,2019-02-04 18:56:50,32.99,65.99,50.0,BRL,61,2018-02-08,119.99,BRL,BR,True,False,False,False,False,False,False,361.0,-87.0,-0.7250604217018084,2019-02-04,False,False,7.108877314814815,True
252490,018d937f-060f-705e-b364-8c5bba4d62f6,BR,2019-06-26 01:38:06,16.49,65.99,75.0,BRL,61,2018-02-08,119.99,BRL,BR,True,False,False,False,False,False,False,503.0,-103.5,-0.8625718809900825,2019-06-26,False,False,13.737048611111112,True
252490,018d937f-060f-705e-b364-8c5bba4d62f6,BR,2019-10-28 17:33:50,44.21,65.99,33.0,BRL,61,2018-02-08,119.99,BRL,BR,True,False,False,False,False,False,False,627.0,-75.78,-0.631552629385782,2019-10-28,False,False,3.993136574074074,True
252490,018d937f-060f-705e-b364-8c5bba4d62f6,BR,2019-11-10 16:22:03,44.21,65.99,33.0,BRL,61,2018-02-08,119.99,BRL,BR,True,False,False,False,False,False,False,640.0,-75.78,-0.631552629385782,2019-11-10,False,False,2.0001967592592593,True
252490,018d937f-060f-705e-b364-8c5bba4d62f6,BR,2019-11-26 18:28:50,44.21,65.99,33.0,BRL,61,2018-02-08,119.99,BRL,BR,True,False,False,False,False,False,False,656.0,-75.78,-0.631552629385782,2019-11-26,False,False,6.99724537037037,True
252490,018d937f-060f-705e-b364-8c5bba4d62f6,BR,2019-12-16 18:21:34,44.21,65.99,33.0,BRL,61,2018-02-08,119.99,BRL,BR,True,False,False,False,False,False,False,676.0,-75.78,-0.631552629385782,2019-12-16,False,False,17.01421296296296,True
252490,018d937f-060f-705e-b364-8c5bba4d62f6,BR,2020-01-23 18:27:39,44.21,65.99,33.0,BRL,61,2018-02-08,119.99,BRL,BR,True,False,False,False,False,False,False,714.0,-75.78,-0.631552629385782,2020-01-23,False,False,3.997777777777778,True
252490,018d937f-060f-705e-b364-8c5bba4d62f6,BR,2020-01-31 23:35:08,75.49,75.49,0.0,BRL,61,2018-02-08,119.99,BRL,BR,False,False,False,True,False,False,False,722.0,-44.5,-0.37086423868655727,2020-01-31,False,False,,False
252490,018d937f-060f-705e-b364-8c5bba4d62f6,BR,2020-03-23 17:21:51,37.74,75.49,50.0,BRL,61,2018-02-08,119.99,BRL,BR,True,False,False,False,False,False,False,774.0,-82.25,-0.6854737894824569,2020-03-23,False,False,6.999988425925926,True
252490,018d937f-060f-705e-b364-8c5bba4d62f6,BR,2020-06-25 17:58:26,37.74,75.49,50.0,BRL,61,2018-02-08,119.99,BRL,BR,True,False,False,False,False,False,False,868.0,-82.25,-0.6854737894824569,2020-06-25,False,False,13.982164351851852,True
252490,018d937f-060f-705e-b364-8c5bba4d62f6,BR,2020-10-29 17:24:16,50.57,75.49,33.0,BRL,61,2018-02-08,119.99,BRL,BR,True,False,False,False,False,False,False,994.0,-69.41999999999999,-0.5785482123510293,2020-10-29,False,False,4.042106481481482,True
252490,018d937f-060f-705e-b364-8c5bba4d62f6,BR,2020-11-25 18:22:19,50.57,75.49,33.0,BRL,61,2018-02-08,119.99,BRL,BR,True,False,False,False,False,False,False,1021.0,-69.41999999999999,-0.5785482123510293,2020-11-25,False,False,6.001423611111111,True
252490,018d937f-060f-705e-b364-8c5bba4d62f6,BR,2020-12-22 19:05:10,50.57,75.49,33.0,BRL,61,2018-02-08,119.99,BRL,BR,True,False,False,False,False,False,False,1048.0,-69.41999999999999,-0.5785482123510293,2020-12-22,False,False,13.994548611111112,True
252490,018d937f-060f-705e-b364-8c5bba4d62f6,BR,2021-01-07 18:21:14,50.57,75.49,33.0,BRL,61,2018-02-08,119.99,BRL,BR,True,False,False,False,False,False,False,1064.0,-69.41999999999999,-0.5785482123510293,2021-01-07,False,False,4.0001851851851855,True
252490,018d937f-060f-705e-b364-8c5bba4d62f6,BR,2021-02-11 19:01:29,50.57,75.49,33.0,BRL,61,2018-02-08,119.99,BRL,BR,True,False,False,False,False,False,False,1099.0,-69.41999999999999,-0.5785482123510293,2021-02-11,False,False,3.9817824074074073,True
252490,018d937f-060f-705e-b364-8c5bba4d62f6,BR,2021-05-27 17:22:20,50.57,75.49,33.0,BRL,61,2018-02-08,119.99,BRL,BR,True,False,False,False,False,False,False,1204.0,-69.41999999999999,-0.5785482123510293,2021-05-27,False,False,4.001493055555556,True
252490,018d937f-060f-705e-b364-8c5bba4d62f6,BR,2021-06-28 14:24:48,37.74,75.49,50.0,BRL,61,2018-02-08,119.99,BRL,BR,True,False,False,False,False,False,False,1236.0,-82.25,-0.6854737894824569,2021-06-28,False,False,10.127465277777778,True
252490,018d937f-060f-705e-b364-8c5bba4d62f6,BR,2021-09-22 23:05:48,93.49,93.49,0.0,BRL,61,2018-02-08,119.99,BRL,BR,False,False,False,True,False,False,False,1322.0,-26.5,-0.2208517376448037,2021-09-22,False,False,,False
252490,018d937f-060f-705e-b364-8c5bba4d62f6,BR,2021-10-28 17:48:50,62.63,93.49,33.0,BRL,61,2018-02-08,119.99,BRL,BR,True,False,False,False,False,False,False,1358.0,-57.35999999999999,-0.4780398366530544,2021-10-28,False,False,4.001886574074074,True
252490,018d937f-060f-705e-b364-8c5bba4d62f6,BR,2021-11-24 18:37:27,62.63,93.49,33.0,BRL,61,2018-02-08,119.99,BRL,BR,True,False,False,False,False,False,False,1385.0,-57.35999999999999,-0.4780398366530544,2021-11-24,False,False,7.012025462962963,True
252490,018d937f-060f-705e-b364-8c5bba4d62f6,BR,2021-12-22 18:31:40,62.63,93.49,33.0,BRL,61,2018-02-08,119.99,BRL,BR,True,False,False,False,False,False,False,1413.0,-57.35999999999999,-0.4780398366530544,2021-12-22,False,False,14.005856481481482,True
252490,018d937f-060f-705e-b364-8c5bba4d62f6,BR,2022-01-27 18:11:02,62.63,93.49,33.0,BRL,61,2018-02-08,119.99,BRL,BR,True,False,False,False,False,False,False,1449.0,-57.35999999999999,-0.4780398366530544,2022-01-27,False,False,7.041273148148148,True
252490,018d937f-060f-705e-b364-8c5bba4d62f6,BR,2022-05-25 18:51:23,103.49,103.49,0.0,BRL,61,2018-02-08,119.99,BRL,BR,False,False,False,True,False,False,False,1567.0,-16.5,-0.13751145928827402,2022-05-25,False,False,,False
252490,018d937f-060f-705e-b364-8c5bba4d62f6,BR,2022-06-23 22:33:50,51.74,103.49,50.0,BRL,61,2018-02-08,119.99,BRL,BR,True,False,False,False,False,False,False,1596.0,-68.25,-0.5687973997833152,2022-06-23,False,False,13.785914351851853,True
252490,018d937f-060f-705e-b364-8c5bba4d62f6,BR,2022-08-01 17:13:58,51.74,103.49,50.0,BRL,61,2018-02-08,119.99,BRL,BR,True,False,False,False,False,False,False,1635.0,-68.25,-0.5687973997833152,2022-08-01,False,False,7.009270833333333,True
252490,018d937f-060f-705e-b364-8c5bba4d62f6,BR,2022-10-25 18:20:14,69.33,103.49,33.0,BRL,61,2018-02-08,119.99,BRL,BR,True,False,False,False,False,False,False,1720.0,-50.66,-0.42220185015417955,2022-10-25,False,False,7.958402777777778,True
252490,018d937f-060f-705e-b364-8c5bba4d62f6,BR,2022-11-22 19:25:40,69.33,103.49,33.0,BRL,61,2018-02-08,119.99,BRL,BR,True,False,False,False,False,False,False,1748.0,-50.66,-0.42220185015417955,2022-11-22,False,False,6.954178240740741,True
252490,018d937f-060f-705e-b364-8c5bba4d62f6,BR,2022-12-22 18:43:33,69.33,103.49,33.0,BRL,61,2018-02-08,119.99,BRL,BR,True,False,False,False,False,False,False,1778.0,-50.66,-0.42220185015417955,2022-12-22,False,False,14.014733796296296,True
252490,018d937f-060f-705e-b364-8c5bba4d62f6,BR,2023-03-16 17:27:44,69.33,103.49,33.0,BRL,61,2018-02-08,119.99,BRL,BR,True,False,False,False,False,False,False,1862.0,-50.66,-0.42220185015417955,2023-03-16,False,False,7.00625,True
252490,018d937f-060f-705e-b364-8c5bba4d62f6,BR,2023-05-16 17:18:49,69.33,103.49,33.0,BRL,61,2018-02-08,119.99,BRL,BR,True,False,False,False,False,False,False,1923.0,-50.66,-0.42220185015417955,2023-05-16,False,False,58.00239583333333,True
252490,018d937f-060f-705e-b364-8c5bba4d62f6,BR,2023-11-21 18:34:26,69.33,103.49,33.0,BRL,61,2018-02-08,119.99,BRL,BR,True,False,False,False,False,False,False,2112.0,-50.66,-0.42220185015417955,2023-11-21,False,False,6.989537037037037,True
252490,018d937f-060f-705e-b364-8c5bba4d62f6,BR,2023-12-14 18:20:14,51.74,103.49,50.0,BRL,61,2018-02-08,119.99,BRL,BR,True,False,False,False,False,False,False,2135.0,-68.25,-0.5687973997833152,2023-12-14,False,False,21.00616898148148,True
252490,018d937f-060f-705e-b364-8c5bba4d62f6,BR,2023-12-21 18:30:28,69.33,103.49,33.0,BRL,61,2018-02-08,119.99,BRL,BR,True,False,False,False,False,False,False,2142.0,-50.66,-0.42220185015417955,2023-12-21,False,False,,False
252490,018d937f-060f-705e-b364-8c5bba4d62f6,BR,2024-03-14 17:17:36,69.33,103.49,33.0,BRL,61,2018-02-08,119.99,BRL,BR,True,False,False,False,False,False,False,2226.0,-50.66,-0.42220185015417955,2024-03-14,False,False,7.010925925925926,True
252490,018d937f-060f-705e-b364-8c5bba4d62f6,BR,2024-04-15 17:21:19,69.33,103.49,33.0,BRL,61,2018-02-08,119.99,BRL,BR,True,False,False,False,False,False,False,2258.0,-50.66,-0.42220185015417955,2024-04-15,False,False,6.99738425925926,True
252490,018d937f-060f-705e-b364-8c5bba4d62f6,BR,2024-05-27 17:15:59,51.74,103.49,50.0,BRL,61,2018-02-08,119.99,BRL,BR,True,False,False,False,False,False,False,2300.0,-68.25,-0.5687973997833152,2024-05-27,False,False,7.000162037037037,True
252490,018d937f-060f-705e-b364-8c5bba4d62f6,BR,2024-06-27 18:05:54,69.33,103.49,33.0,BRL,61,2018-02-08,119.99,BRL,BR,True,False,False,False,False,False,False,2331.0,-50.66,-0.42220185015417955,2024-06-27,False,False,13.967685185185186,True
252490,018d937f-060f-705e-b364-8c5bba4d62f6,BR,2024-07-15 17:20:27,51.74,103.49,50.0,BRL,61,2018-02-08,119.99,BRL,BR,True,False,False,False,False,False,False,2349.0,-68.25,-0.5687973997833152,2024-07-15,False,False,6.998206018518519,True
252490,018d937f-060f-705e-b364-8c5bba4d62f6,BR,2024-10-03 17:15:20,62.09,103.49,40.0,BRL,61,2018-02-08,119.99,BRL,BR,True,False,False,False,False,False,False,2429.0,-57.89999999999999,-0.48254021168430694,2024-10-03,False,False,5.000173611111111,True
252490,018d937f-060f-705e-b364-8c5bba4d62f6,BR,2024-11-07 18:18:19,62.09,103.49,40.0,BRL,61,2018-02-08,119.99,BRL,BR,True,False,False,False,False,False,False,2464.0,-57.89999999999999,-0.48254021168430694,2024-11-07,False,False,1.997835648148148,True
252490,018d937f-060f-705e-b364-8c5bba4d62f6,BR,2024-11-27 21:37:14,62.09,103.49,40.0,BRL,61,2018-02-08,119.99,BRL,BR,True,False,False,False,False,False,False,2484.0,-57.89999999999999,-0.48254021168430694,2024-11-27,False,False,6.861770833333333,True
252490,018d937f-060f-705e-b364-8c5bba4d62f6,BR,2024-12-09 18:15:55,51.74,103.49,50.0,BRL,61,2018-02-08,119.99,BRL,BR,True,False,False,False,False,False,False,2496.0,-68.25,-0.5687973997833152,2024-12-09,False,False,24.013530092592593,True
252490,018d937f-060f-705e-b364-8c5bba4d62f6,BR,2025-02-06 18:17:25,51.74,103.49,50.0,BRL,61,2018-02-08,119.99,BRL,BR,True,False,False,False,False,False,False,2555.0,-68.25,-0.5687973997833152,2025-02-06,False,False,1.9986574074074075,True
252490,018d937f-060f-705e-b364-8c5bba4d62f6,BR,2025-02-10 19:33:28,119.99,119.99,0.0,BRL,61,2018-02-08,119.99,BRL,BR,False,False,False,True,False,False,False,2559.0,0.0,0.0,2025-02-10,False,False,,False
252490,018d937f-060f-705e-b364-8c5bba4d62f6,BR,2025-03-13 19:20:59,71.99,119.99,40.0,BRL,61,2018-02-08,119.99,BRL,BR,True,False,False,False,False,False,False,2590.0,-48.0,-0.4000333361113426,2025-03-13,False,False,6.915173611111111,True
252490,018d937f-060f-705e-b364-8c5bba4d62f6,BR,2025-03-24 17:16:09,71.99,119.99,40.0,BRL,61,2018-02-08,119.99,BRL,BR,True,False,False,False,False,False,False,2601.0,-48.0,-0.4000333361113426,2025-03-24,False,False,7.9994097222222225,True
252490,018d937f-060f-705e-b364-8c5bba4d62f6,BR,2025-05-01 17:19:23,59.99,119.99,50.0,BRL,61,2018-02-08,119.99,BRL,BR,True,False,False,False,False,False,False,2639.0,-59.99999999999999,-0.5000416701391782,2025-05-01,False,False,1.9972800925925926,True
252490,018d937f-060f-705e-b364-8c5bba4d62f6,BR,2025-06-26 21:34:34,71.99,119.99,40.0,BRL,61,2018-02-08,119.99,BRL,BR,True,False,False,False,False,False,False,2695.0,-48.0,-0.4000333361113426,2025-06-26,False,False,13.832384259259259,True
252490,018d937f-060f-705e-b364-8c5bba4d62f6,BR,2025-08-07 17:19:02,59.99,119.99,50.0,BRL,61,2018-02-08,119.99,BRL,BR,True,False,False,False,False,False,False,2737.0,-59.99999999999999,-0.5000416701391782,2025-08-07,False,False,7.003240740740741,True
252490,018d937f-060f-705e-b364-8c5bba4d62f6,BR,2025-09-29 20:18:02,59.99,119.99,50.0,BRL,61,2018-02-08,119.99,BRL,BR,True,False,False,False,False,False,False,2790.0,-59.99999999999999,-0.5000416701391782,2025-09-29,False,False,6.875636574074074,True
252490,018d937f-060f-705e-b364-8c5bba4d62f6,BR,2025-10-23 17:19:05,71.99,119.99,40.0,BRL,61,2018-02-08,119.99,BRL,BR,True,False,False,False,False,False,False,2814.0,-48.0,-0.4000333361113426,2025-10-23,False,False,13.99741898148148,True
252490,018d937f-060f-705e-b364-8c5bba4d62f6,CA,2018-02-08 20:55:18,39.99,39.99,0.0,CAD,61,2018-02-08,51.99,CAD,CA,False,False,False,False,True,False,True,0.0,-12.0,-0.23081361800346223,2018-02-08,False,False,,False
252490,018d937f-060f-705e-b364-8c5bba4d62f6,CA,2018-06-21 21:15:33,9.99,39.99,75.0,CAD,61,2018-02-08,51.99,CAD,CA,True,False,False,False,False,False,False,133.0,-42.0,-0.8078476630121177,2018-06-21,False,False,13.87355324074074,True
252490,018d937f-060f-705e-b364-8c5bba4d62f6,CA,2018-10-29 17:41:11,19.99,39.99,50.0,CAD,61,2018-02-08,51.99,CAD,CA,True,False,False,False,False,False,False,263.0,-32.0,-0.6155029813425659,2018-10-29,False,False,3.0024189814814815,True
252490,018d937f-060f-705e-b364-8c5bba4d62f6,CA,2018-11-21 23:10:43,19.99,39.99,50.0,CAD,61,2018-02-08,51.99,CAD,CA,True,False,False,False,False,False,False,286.0,-32.0,-0.6155029813425659,2018-11-21,False,False,5.901608796296296,True
252490,018d937f-060f-705e-b364-8c5bba4d62f6,CA,2018-12-20 23:05:11,19.99,39.99,50.0,CAD,61,2018-02-08,51.99,CAD,CA,True,False,False,False,False,False,False,315.0,-32.0,-0.6155029813425659,2018-12-20,False,False,14.080486111111112,True
252490,018d937f-060f-705e-b364-8c5bba4d62f6,CA,2019-02-04 19:13:18,19.99,39.99,50.0,CAD,61,2018-02-08,51.99,CAD,CA,True,False,False,False,False,False,False,361.0,-32.0,-0.6155029813425659,2019-02-04,False,False,7.126006944444445,True
252490,018d937f-060f-705e-b364-8c5bba4d62f6,CA,2019-06-26 02:39:46,9.99,39.99,75.0,CAD,61,2018-02-08,51.99,CAD,CA,True,False,False,False,False,False,False,503.0,-42.0,-0.8078476630121177,2019-06-26,False,False,13.68920138888889,True
252490,018d937f-060f-705e-b364-8c5bba4d62f6,CA,2019-10-28 17:28:15,26.79,39.99,33.0,CAD,61,2018-02-08,51.99,CAD,CA,True,False,False,False,False,False,False,627.0,-25.200000000000003,-0.4847085978072707,2019-10-28,False,False,3.9969675925925925,True
252490,018d937f-060f-705e-b364-8c5bba4d62f6,CA,2019-11-10 16:21:16,26.79,39.99,33.0,CAD,61,2018-02-08,51.99,CAD,CA,True,False,False,False,False,False,False,640.0,-25.200000000000003,-0.4847085978072707,2019-11-10,False,False,2.0000925925925928,True
252490,018d937f-060f-705e-b364-8c5bba4d62f6,CA,2019-11-26 18:24:59,26.79,39.99,33.0,CAD,61,2018-02-08,51.99,CAD,CA,True,False,False,False,False,False,False,656.0,-25.200000000000003,-0.4847085978072707,2019-11-26,False,False,7.004861111111111,True
252490,018d937f-060f-705e-b364-8c5bba4d62f6,CA,2019-12-16 18:21:19,26.79,39.99,33.0,CAD,61,2018-02-08,51.99,CAD,CA,True,False,False,False,False,False,False,676.0,-25.200000000000003,-0.4847085978072707,2019-12-16,False,False,17.014027777777777,True
252490,018d937f-060f-705e-b364-8c5bba4d62f6,CA,2020-01-23 18:28:01,26.79,39.99,33.0,CAD,61,2018-02-08,51.99,CAD,CA,True,False,False,False,False,False,False,714.0,-25.200000000000003,-0.4847085978072707,2020-01-23,False,False,4.001921296296296,True
252490,018d937f-060f-705e-b364-8c5bba4d62f6,CA,2020-01-31 23:35:06,45.49,45.49,0.0,CAD,61,2018-02-08,51.99,CAD,CA,False,False,False,True,False,False,False,722.0,-6.5,-0.12502404308520865,2020-01-31,False,False,,False
252490,018d937f-060f-705e-b364-8c5bba4d62f6,CA,2020-03-23 17:22:03,22.74,45.49,50.0,CAD,61,2018-02-08,51.99,CAD,CA,True,False,False,False,False,False,False,774.0,-29.250000000000004,-0.5626081938834392,2020-03-23,False,False,6.999780092592593,True
252490,018d937f-060f-705e-b364-8c5bba4d62f6,CA,2020-06-25 18:30:49,22.74,45.49,50.0,CAD,61,2018-02-08,51.99,CAD,CA,True,False,False,False,False,False,False,868.0,-29.250000000000004,-0.5626081938834392,2020-06-25,False,False,13.959699074074074,True
252490,018d937f-060f-705e-b364-8c5bba4d62f6,CA,2020-11-25 18:27:12,30.47,45.49,33.0,CAD,61,2018-02-08,51.99,CAD,CA,True,False,False,False,False,False,False,1021.0,-21.520000000000003,-0.41392575495287565,2020-11-25,False,False,5.996875,True
252490,018d937f-060f-705e-b364-8c5bba4d62f6,CA,2020-12-22 18:59:43,30.47,45.49,33.0,CAD,61,2018-02-08,51.99,CAD,CA,True,False,False,False,False,False,False,1048.0,-21.520000000000003,-0.41392575495287565,2020-12-22,False,False,13.99423611111111,True
252490,018d937f-060f-705e-b364-8c5bba4d62f6,CA,2021-01-07 18:21:12,30.47,45.49,33.0,CAD,61,2018-02-08,51.99,CAD,CA,True,False,False,False,False,False,False,1064.0,-21.520000000000003,-0.41392575495287565,2021-01-07,False,False,3.9999884259259257,True
252490,018d937f-060f-705e-b364-8c5bba4d62f6,CA,2021-02-11 18:57:43,30.47,45.49,33.0,CAD,61,2018-02-08,51.99,CAD,CA,True,False,False,False,False,False,False,1099.0,-21.520000000000003,-0.41392575495287565,2021-02-11,False,False,3.9844675925925928,True
252490,018d937f-060f-705e-b364-8c5bba4d62f6,CA,2021-05-27 17:22:21,30.47,45.49,33.0,CAD,61,2018-02-08,51.99,CAD,CA,True,False,False,False,False,False,False,1204.0,-21.520000000000003,-0.41392575495287565,2021-05-27,False,False,4.001516203703703,True
252490,018d937f-060f-705e-b364-8c5bba4d62f6,CA,2021-06-28 14:24:47,22.74,45.49,50.0,CAD,61,2018-02-08,51.99,CAD,CA,True,False,False,False,False,False,False,1236.0,-29.250000000000004,-0.5626081938834392,2021-06-28,False,False,10.118530092592593,True
252490,018d937f-060f-705e-b364-8c5bba4d62f6,CA,2021-09-22 23:05:41,50.49,50.49,0.0,CAD,61,2018-02-08,51.99,CAD,CA,False,False,False,True,False,False,False,1322.0,-1.5,-0.028851702250432765,2021-09-22,False,False,,False
252490,018d937f-060f-705e-b364-8c5bba4d62f6,CA,2021-10-28 18:12:44,33.82,50.49,33.0,CAD,61,2018-02-08,51.99,CAD,CA,True,False,False,False,False,False,False,1358.0,-18.17,-0.3494902865935757,2021-10-28,False,False,3.9814814814814814,True
252490,018d937f-060f-705e-b364-8c5bba4d62f6,CA,2021-11-24 19:16:37,33.82,50.49,33.0,CAD,61,2018-02-08,51.99,CAD,CA,True,False,False,False,False,False,False,1385.0,-18.17,-0.3494902865935757,2021-11-24,False,False,6.984895833333334,True
252490,018d937f-060f-705e-b364-8c5bba4d62f6,CA,2021-12-22 18:48:11,33.82,50.49,33.0,CAD,61,2018-02-08,51.99,CAD,CA,True,False,False,False,False,False,False,1413.0,-18.17,-0.3494902865935757,2021-12-22,False,False,14.005706018518518,True
252490,018d937f-060f-705e-b364-8c5bba4d62f6,CA,2022-01-27 18:10:45,33.82,50.49,33.0,CAD,61,2018-02-08,51.99,CAD,CA,True,False,False,False,False,False,False,1449.0,-18.17,-0.3494902865935757,2022-01-27,False,False,7.0267129629629625,True
252490,018d937f-060f-705e-b364-8c5bba4d62f6,CA,2022-06-23 17:07:46,25.24,50.49,50.0,CAD,61,2018-02-08,51.99,CAD,CA,True,False,False,False,False,False,False,1596.0,-26.750000000000004,-0.5145220234660512,2022-06-23,False,False,14.016724537037037,True
252490,018d937f-060f-705e-b364-8c5bba4d62f6,CA,2022-08-01 17:24:15,25.24,50.49,50.0,CAD,61,2018-02-08,51.99,CAD,CA,True,False,False,False,False,False,False,1635.0,-26.750000000000004,-0.5145220234660512,2022-08-01,False,False,7.0024189814814815,True
252490,018d937f-060f-705e-b364-8c5bba4d62f6,CA,2022-10-25 18:21:15,33.82,50.49,33.0,CAD,61,2018-02-08,51.99,CAD,CA,True,False,False,False,False,False,False,1720.0,-18.17,-0.3494902865935757,2022-10-25,False,False,7.957696759259259,True
252490,018d937f-060f-705e-b364-8c5bba4d62f6,CA,2022-11-22 18:30:14,33.82,50.49,33.0,CAD,61,2018-02-08,51.99,CAD,CA,True,False,False,False,False,False,False,1748.0,-18.17,-0.3494902865935757,2022-11-22,False,False,6.9902546296296295,True
252490,018d937f-060f-705e-b364-8c5bba4d62f6,CA,2022-12-22 18:29:06,33.82,50.49,33.0,CAD,61,2018-02-08,51.99,CAD,CA,True,False,False,False,False,False,False,1778.0,-18.17,-0.3494902865935757,2022-12-22,False,False,14.117430555555556,True
252490,018d937f-060f-705e-b364-8c5bba4d62f6,CA,2023-03-16 17:27:42,33.82,50.49,33.0,CAD,61,2018-02-08,51.99,CAD,CA,True,False,False,False,False,False,False,1862.0,-18.17,-0.3494902865935757,2023-03-16,False,False,7.039745370370371,True
252490,018d937f-060f-705e-b364-8c5bba4d62f6,CA,2023-05-16 17:12:10,33.82,50.49,33.0,CAD,61,2018-02-08,51.99,CAD,CA,True,False,False,False,False,False,False,1923.0,-18.17,-0.3494902865935757,2023-05-16,False,False,7.0053125,True
252490,018d937f-060f-705e-b364-8c5bba4d62f6,CA,2023-06-29 17:22:53,33.82,50.49,33.0,CAD,61,2018-02-08,51.99,CAD,CA,True,False,False,False,False,False,False,1967.0,-18.17,-0.3494902865935757,2023-06-29,False,False,14.012060185185184,True
252490,018d937f-060f-705e-b364-8c5bba4d62f6,CA,2023-11-21 18:19:59,33.82,50.49,33.0,CAD,61,2018-02-08,51.99,CAD,CA,True,False,False,False,False,False,False,2112.0,-18.17,-0.3494902865935757,2023-11-21,False,False,7.003634259259259,True
252490,018d937f-060f-705e-b364-8c5bba4d62f6,CA,2023-12-14 18:12:29,25.24,50.49,50.0,CAD,61,2018-02-08,51.99,CAD,CA,True,False,False,False,False,False,False,2135.0,-26.750000000000004,-0.5145220234660512,2023-12-14,False,False,21.00943287037037,True
252490,018d937f-060f-705e-b364-8c5bba4d62f6,CA,2023-12-21 23:48:28,33.82,50.49,33.0,CAD,61,2018-02-08,51.99,CAD,CA,True,False,False,False,False,False,False,2142.0,-18.17,-0.3494902865935757,2023-12-21,False,False,,False
252490,018d937f-060f-705e-b364-8c5bba4d62f6,CA,2024-03-14 17:18:57,33.82,50.49,33.0,CAD,61,2018-02-08,51.99,CAD,CA,True,False,False,False,False,False,False,2226.0,-18.17,-0.3494902865935757,2024-03-14,False,False,7.008136574074074,True
252490,018d937f-060f-705e-b364-8c5bba4d62f6,CA,2024-04-15 17:21:37,33.82,50.49,33.0,CAD,61,2018-02-08,51.99,CAD,CA,True,False,False,False,False,False,False,2258.0,-18.17,-0.3494902865935757,2024-04-15,False,False,6.9971875,True
252490,018d937f-060f-705e-b364-8c5bba4d62f6,CA,2024-05-27 17:16:08,25.24,50.49,50.0,CAD,61,2018-02-08,51.99,CAD,CA,True,False,False,False,False,False,False,2300.0,-26.750000000000004,-0.5145220234660512,2024-05-27,False,False,6.9996875,True
252490,018d937f-060f-705e-b364-8c5bba4d62f6,CA,2024-06-27 18:08:33,33.82,50.49,33.0,CAD,61,2018-02-08,51.99,CAD,CA,True,False,False,False,False,False,False,2331.0,-18.17,-0.3494902865935757,2024-06-27,False,False,13.965844907407407,True
252490,018d937f-060f-705e-b364-8c5bba4d62f6,CA,2024-07-15 17:20:27,25.24,50.49,50.0,CAD,61,2018-02-08,51.99,CAD,CA,True,False,False,False,False,False,False,2349.0,-26.750000000000004,-0.5145220234660512,2024-07-15,False,False,6.9982291666666665,True
252490,018d937f-060f-705e-b364-8c5bba4d62f6,CA,2024-10-03 17:15:59,30.29,50.49,40.0,CAD,61,2018-02-08,51.99,CAD,CA,True,False,False,False,False,False,False,2429.0,-21.700000000000003,-0.4173879592229275,2024-10-03,False,False,5.0,True
252490,018d937f-060f-705e-b364-8c5bba4d62f6,CA,2024-11-07 18:18:44,30.29,50.49,40.0,CAD,61,2018-02-08,51.99,CAD,CA,True,False,False,False,False,False,False,2464.0,-21.700000000000003,-0.4173879592229275,2024-11-07,False,False,1.9977662037037036,True
252490,018d937f-060f-705e-b364-8c5bba4d62f6,CA,2024-11-27 21:20:54,30.29,50.49,40.0,CAD,61,2018-02-08,51.99,CAD,CA,True,False,False,False,False,False,False,2484.0,-21.700000000000003,-0.4173879592229275,2024-11-27,False,False,6.874675925925926,True
252490,018d937f-060f-705e-b364-8c5bba4d62f6,CA,2024-12-09 18:17:20,25.24,50.49,50.0,CAD,61,2018-02-08,51.99,CAD,CA,True,False,False,False,False,False,False,2496.0,-26.750000000000004,-0.5145220234660512,2024-12-09,False,False,24.012650462962963,True
252490,018d937f-060f-705e-b364-8c5bba4d62f6,CA,2025-02-06 18:21:14,25.24,50.49,50.0,CAD,61,2018-02-08,51.99,CAD,CA,True,False,False,False,False,False,False,2555.0,-26.750000000000004,-0.5145220234660512,2025-02-06,False,False,1.9958680555555555,True
252490,018d937f-060f-705e-b364-8c5bba4d62f6,CA,2025-02-10 19:30:27,51.99,51.99,0.0,CAD,61,2018-02-08,51.99,CAD,CA,False,False,False,True,False,False,False,2559.0,0.0,0.0,2025-02-10,False,False,,False
252490,018d937f-060f-705e-b364-8c5bba4d62f6,CA,2025-03-13 19:20:59,31.19,51.99,40.0,CAD,61,2018-02-08,51.99,CAD,CA,True,False,False,False,False,False,False,2590.0,-20.8,-0.40007693787266785,2025-03-13,False,False,6.915277777777778,True
252490,018d937f-060f-705e-b364-8c5bba4d62f6,CA,2025-03-24 17:16:06,31.19,51.99,40.0,CAD,61,2018-02-08,51.99,CAD,CA,True,False,False,False,False,False,False,2601.0,-20.8,-0.40007693787266785,2025-03-24,False,False,8.001956018518518,True
252490,018d937f-060f-705e-b364-8c5bba4d62f6,CA,2025-05-01 17:15:30,25.99,51.99,50.0,CAD,61,2018-02-08,51.99,CAD,CA,True,False,False,False,False,False,False,2639.0,-26.000000000000004,-0.5000961723408348,2025-05-01,False,False,2.0002430555555555,True
252490,018d937f-060f-705e-b364-8c5bba4d62f6,CA,2025-06-26 21:28:13,31.19,51.99,40.0,CAD,61,2018-02-08,51.99,CAD,CA,True,False,False,False,False,False,False,2695.0,-20.8,-0.40007693787266785,2025-06-26,False,False,13.836770833333333,True
252490,018d937f-060f-705e-b364-8c5bba4d62f6,CA,2025-08-07 17:15:44,25.99,51.99,50.0,CAD,61,2018-02-08,51.99,CAD,CA,True,False,False,False,False,False,False,2737.0,-26.000000000000004,-0.5000961723408348,2025-08-07,False,False,7.0010763888888885,True
252490,018d937f-060f-705e-b364-8c5bba4d62f6,CA,2025-09-29 20:18:31,25.99,51.99,50.0,CAD,61,2018-02-08,51.99,CAD,CA,True,False,False,False,False,False,False,2790.0,-26.000000000000004,-0.5000961723408348,2025-09-29,False,False,6.8753125,True
252490,018d937f-060f-705e-b364-8c5bba4d62f6,CA,2025-10-23 17:16:14,31.19,51.99,40.0,CAD,61,2018-02-08,51.99,CAD,CA,True,False,False,False,False,False,False,2814.0,-20.8,-0.40007693787266785,2025-10-23,False,False,13.999699074074075,True
252490,018d937f-060f-705e-b364-8c5bba4d62f6,CN,2018-02-08 21:10:55,103.0,103.0,0.0,CNY,61,2018-02-08,138.0,CNY,CN,False,False,False,False,True,False,True,0.0,-35.0,-0.2536231884057971,2018-02-08,False,False,,False
252490,018d937f-060f-705e-b364-8c5bba4d62f6,CN,2018-05-31 10:58:55,34.99,34.99,0.0,CNY,61,2018-02-08,138.0,CNY,CN,False,False,False,True,False,False,False,112.0,-103.00999999999999,-0.7464492753623189,2018-05-31,False,False,,False
252490,018d937f-060f-705e-b364-8c5bba4d62f6,CN,2018-05-31 13:49:07,103.0,103.0,0.0,CNY,61,2018-02-08,138.0,CNY,CN,False,False,False,True,False,False,False,112.0,-35.0,-0.2536231884057971,2018-05-31,False,False,,False
252490,018d937f-060f-705e-b364-8c5bba4d62f6,CN,2018-06-21 19:01:44,25.0,103.0,76.0,CNY,61,2018-02-08,138.0,CNY,CN,True,False,False,False,False,False,False,133.0,-113.0,-0.8188405797101449,2018-06-21,False,False,13.937569444444444,True
252490,018d937f-060f-705e-b364-8c5bba4d62f6,CN,2018-10-30 02:02:26,51.0,103.0,50.0,CNY,61,2018-02-08,138.0,CNY,CN,True,False,False,False,False,False,False,264.0,-87.0,-0.6304347826086957,2018-10-30,False,False,2.6768171296296295,True
252490,018d937f-060f-705e-b364-8c5bba4d62f6,CN,2018-11-21 19:04:57,51.0,103.0,50.0,CNY,61,2018-02-08,138.0,CNY,CN,True,False,False,False,False,False,False,286.0,-87.0,-0.6304347826086957,2018-11-21,False,False,5.986134259259259,True
252490,018d937f-060f-705e-b364-8c5bba4d62f6,CN,2018-12-20 21:52:54,51.0,103.0,50.0,CNY,61,2018-02-08,138.0,CNY,CN,True,False,False,False,False,False,False,315.0,-87.0,-0.6304347826086957,2018-12-20,False,False,13.869664351851851,True
252490,018d937f-060f-705e-b364-8c5bba4d62f6,CN,2019-02-04 19:11:40,51.0,103.0,50.0,CNY,61,2018-02-08,138.0,CNY,CN,True,False,False,False,False,False,False,361.0,-87.0,-0.6304347826086957,2019-02-04,False,False,7.11162037037037,True
252490,018d937f-060f-705e-b364-8c5bba4d62f6,CN,2019-06-26 01:27:40,25.0,103.0,76.0,CNY,61,2018-02-08,138.0,CNY,CN,True,False,False,False,False,False,False,503.0,-113.0,-0.8188405797101449,2019-06-26,False,False,13.713321759259259,True
252490,018d937f-060f-705e-b364-8c5bba4d62f6,CN,2019-10-28 17:25:13,69.0,103.0,33.0,CNY,61,2018-02-08,138.0,CNY,CN,True,False,False,False,False,False,False,627.0,-69.0,-0.5,2019-10-28,False,False,3.999201388888889,True
252490,018d937f-060f-705e-b364-8c5bba4d62f6,CN,2019-11-10 16:21:51,69.0,103.0,33.0,CNY,61,2018-02-08,138.0,CNY,CN,True,False,False,False,False,False,False,640.0,-69.0,-0.5,2019-11-10,False,False,2.000115740740741,True
252490,018d937f-060f-705e-b364-8c5bba4d62f6,CN,2019-11-26 18:26:44,69.0,103.0,33.0,CNY,61,2018-02-08,138.0,CNY,CN,True,False,False,False,False,False,False,656.0,-69.0,-0.5,2019-11-26,False,False,7.000578703703703,True
252490,018d937f-060f-705e-b364-8c5bba4d62f6,CN,2019-12-16 18:22:03,69.0,103.0,33.0,CNY,61,2018-02-08,138.0,CNY,CN,True,False,False,False,False,False,False,676.0,-69.0,-0.5,2019-12-16,False,False,17.014085648148146,True
252490,018d937f-060f-705e-b364-8c5bba4d62f6,CN,2020-01-23 18:32:07,69.0,103.0,33.0,CNY,61,2018-02-08,138.0,CNY,CN,True,False,False,False,False,False,False,714.0,-69.0,-0.5,2020-01-23,False,False,3.998460648148148,True
252490,018d937f-060f-705e-b364-8c5bba4d62f6,CN,2020-01-31 23:35:14,116.0,116.0,0.0,CNY,61,2018-02-08,138.0,CNY,CN,False,False,False,True,False,False,False,722.0,-22.0,-0.1594202898550725,2020-01-31,False,False,,False
252490,018d937f-060f-705e-b364-8c5bba4d62f6,CN,2020-03-23 17:21:40,58.0,116.0,50.0,CNY,61,2018-02-08,138.0,CNY,CN,True,False,False,False,False,False,False,774.0,-80.0,-0.5797101449275363,2020-03-23,False,False,6.9999768518518515,True
252490,018d937f-060f-705e-b364-8c5bba4d62f6,CN,2020-06-25 18:02:58,58.0,116.0,50.0,CNY,61,2018-02-08,138.0,CNY,CN,True,False,False,False,False,False,False,868.0,-80.0,-0.5797101449275363,2020-06-25,False,False,13.977743055555555,True
252490,018d937f-060f-705e-b364-8c5bba4d62f6,CN,2020-10-29 17:24:46,77.0,116.0,34.0,CNY,61,2018-02-08,138.0,CNY,CN,True,False,False,False,False,False,False,994.0,-61.0,-0.44202898550724634,2020-10-29,False,False,4.041990740740741,True
252490,018d937f-060f-705e-b364-8c5bba4d62f6,CN,2020-11-25 18:31:37,77.0,116.0,34.0,CNY,61,2018-02-08,138.0,CNY,CN,True,False,False,False,False,False,False,1021.0,-61.0,-0.44202898550724634,2020-11-25,False,False,5.995590277777778,True
252490,018d937f-060f-705e-b364-8c5bba4d62f6,CN,2020-12-22 18:59:40,77.0,116.0,34.0,CNY,61,2018-02-08,138.0,CNY,CN,True,False,False,False,False,False,False,1048.0,-61.0,-0.44202898550724634,2020-12-22,False,False,13.995416666666667,True
252490,018d937f-060f-705e-b364-8c5bba4d62f6,CN,2021-01-07 18:21:15,77.0,116.0,34.0,CNY,61,2018-02-08,138.0,CNY,CN,True,False,False,False,False,False,False,1064.0,-61.0,-0.44202898550724634,2021-01-07,False,False,4.0,True
252490,018d937f-060f-705e-b364-8c5bba4d62f6,CN,2021-02-11 18:28:11,77.0,116.0,34.0,CNY,61,2018-02-08,138.0,CNY,CN,True,False,False,False,False,False,False,1099.0,-61.0,-0.44202898550724634,2021-02-11,False,False,4.0049421296296295,True
252490,018d937f-060f-705e-b364-8c5bba4d62f6,CN,2021-05-27 17:22:23,77.0,116.0,34.0,CNY,61,2018-02-08,138.0,CNY,CN,True,False,False,False,False,False,False,1204.0,-61.0,-0.44202898550724634,2021-05-27,False,False,4.001481481481481,True
252490,018d937f-060f-705e-b364-8c5bba4d62f6,CN,2021-06-28 14:24:50,58.0,116.0,50.0,CNY,61,2018-02-08,138.0,CNY,CN,True,False,False,False,False,False,False,1236.0,-80.0,-0.5797101449275363,2021-06-28,False,False,10.152430555555556,True
252490,018d937f-060f-705e-b364-8c5bba4d62f6,CN,2021-09-22 23:05:50,161.0,161.0,0.0,CNY,61,2018-02-08,138.0,CNY,CN,False,False,False,True,False,False,False,1322.0,23.0,0.16666666666666674,2021-09-22,False,False,,False
252490,018d937f-060f-705e-b364-8c5bba4d62f6,CN,2021-10-28 17:55:09,107.87,161.0,33.0,CNY,61,2018-02-08,138.0,CNY,CN,True,False,False,False,False,False,False,1358.0,-30.129999999999995,-0.21833333333333327,2021-10-28,False,False,3.989212962962963,True
252490,018d937f-060f-705e-b364-8c5bba4d62f6,CN,2021-11-24 21:09:19,107.87,161.0,33.0,CNY,61,2018-02-08,138.0,CNY,CN,True,False,False,False,False,False,False,1385.0,-30.129999999999995,-0.21833333333333327,2021-11-24,False,False,6.902476851851852,True
252490,018d937f-060f-705e-b364-8c5bba4d62f6,CN,2021-12-22 18:37:20,107.87,161.0,33.0,CNY,61,2018-02-08,138.0,CNY,CN,True,False,False,False,False,False,False,1413.0,-30.129999999999995,-0.21833333333333327,2021-12-22,False,False,13.993819444444444,True
252490,018d937f-060f-705e-b364-8c5bba4d62f6,CN,2022-01-27 18:10:28,107.87,161.0,33.0,CNY,61,2018-02-08,138.0,CNY,CN,True,False,False,False,False,False,False,1449.0,-30.129999999999995,-0.21833333333333327,2022-01-27,False,False,7.016284722222222,True
252490,018d937f-060f-705e-b364-8c5bba4d62f6,CN,2022-06-23 17:06:55,80.5,161.0,50.0,CNY,61,2018-02-08,138.0,CNY,CN,True,False,False,False,False,False,False,1596.0,-57.5,-0.41666666666666663,2022-06-23,False,False,14.019155092592593,True
252490,018d937f-060f-705e-b364-8c5bba4d62f6,CN,2022-08-01 17:21:15,80.5,161.0,50.0,CNY,61,2018-02-08,138.0,CNY,CN,True,False,False,False,False,False,False,1635.0,-57.5,-0.41666666666666663,2022-08-01,False,False,6.995891203703704,True
252490,018d937f-060f-705e-b364-8c5bba4d62f6,CN,2022-10-25 18:19:32,107.87,161.0,33.0,CNY,61,2018-02-08,138.0,CNY,CN,True,False,False,False,False,False,False,1720.0,-30.129999999999995,-0.21833333333333327,2022-10-25,False,False,7.958912037037037,True
252490,018d937f-060f-705e-b364-8c5bba4d62f6,CN,2022-11-22 18:16:18,107.87,161.0,33.0,CNY,61,2018-02-08,138.0,CNY,CN,True,False,False,False,False,False,False,1748.0,-30.129999999999995,-0.21833333333333327,2022-11-22,False,False,7.008275462962963,True
252490,018d937f-060f-705e-b364-8c5bba4d62f6,CN,2022-12-22 21:41:56,107.87,161.0,33.0,CNY,61,2018-02-08,138.0,CNY,CN,True,False,False,False,False,False,False,1778.0,-30.129999999999995,-0.21833333333333327,2022-12-22,False,False,13.884143518518519,True
252490,018d937f-060f-705e-b364-8c5bba4d62f6,CN,2023-03-16 17:27:41,107.87,161.0,33.0,CNY,61,2018-02-08,138.0,CNY,CN,True,False,False,False,False,False,False,1862.0,-30.129999999999995,-0.21833333333333327,2023-03-16,False,False,7.0312731481481485,True
252490,018d937f-060f-705e-b364-8c5bba4d62f6,CN,2023-05-16 17:03:16,107.87,161.0,33.0,CNY,61,2018-02-08,138.0,CNY,CN,True,False,False,False,False,False,False,1923.0,-30.129999999999995,-0.21833333333333327,2023-05-16,False,False,7.011689814814815,True
252490,018d937f-060f-705e-b364-8c5bba4d62f6,CN,2023-06-29 17:11:19,107.87,161.0,33.0,CNY,61,2018-02-08,138.0,CNY,CN,True,False,False,False,False,False,False,1967.0,-30.129999999999995,-0.21833333333333327,2023-06-29,False,False,13.999398148148147,True
252490,018d937f-060f-705e-b364-8c5bba4d62f6,CN,2023-11-21 22:47:53,107.87,161.0,33.0,CNY,61,2018-02-08,138.0,CNY,CN,True,False,False,False,False,False,False,2112.0,-30.129999999999995,-0.21833333333333327,2023-11-21,False,False,6.817418981481482,True
252490,018d937f-060f-705e-b364-8c5bba4d62f6,CN,2023-12-14 18:20:06,80.5,161.0,50.0,CNY,61,2018-02-08,138.0,CNY,CN,True,False,False,False,False,False,False,2135.0,-57.5,-0.41666666666666663,2023-12-14,False,False,21.006273148148146,True
252490,018d937f-060f-705e-b364-8c5bba4d62f6,CN,2023-12-21 18:24:39,107.87,161.0,33.0,CNY,61,2018-02-08,138.0,CNY,CN,True,False,False,False,False,False,False,2142.0,-30.129999999999995,-0.21833333333333327,2023-12-21,False,False,,False
252490,018d937f-060f-705e-b364-8c5bba4d62f6,CN,2024-01-09 18:08:05,136.0,136.0,0.0,CNY,61,2018-02-08,138.0,CNY,CN,False,False,False,True,False,False,False,2161.0,-2.0,-0.01449275362318836,2024-01-09,False,False,,False
252490,018d937f-060f-705e-b364-8c5bba4d62f6,CN,2024-03-14 17:16:53,91.12,136.0,33.0,CNY,61,2018-02-08,138.0,CNY,CN,True,False,False,False,False,False,False,2226.0,-46.879999999999995,-0.33971014492753615,2024-03-14,False,False,7.009641203703704,True
252490,018d937f-060f-705e-b364-8c5bba4d62f6,CN,2024-04-15 17:15:42,91.12,136.0,33.0,CNY,61,2018-02-08,138.0,CNY,CN,True,False,False,False,False,False,False,2258.0,-46.879999999999995,-0.33971014492753615,2024-04-15,False,False,7.0012384259259255,True
252490,018d937f-060f-705e-b364-8c5bba4d62f6,CN,2024-05-27 17:16:09,68.0,136.0,50.0,CNY,61,2018-02-08,138.0,CNY,CN,True,False,False,False,False,False,False,2300.0,-70.0,-0.5072463768115942,2024-05-27,False,False,7.000277777777778,True
252490,018d937f-060f-705e-b364-8c5bba4d62f6,CN,2024-06-27 18:05:53,91.12,136.0,33.0,CNY,61,2018-02-08,138.0,CNY,CN,True,False,False,False,False,False,False,2331.0,-46.879999999999995,-0.33971014492753615,2024-06-27,False,False,13.96769675925926,True
252490,018d937f-060f-705e-b364-8c5bba4d62f6,CN,2024-07-15 17:16:54,68.0,136.0,50.0,CNY,61,2018-02-08,138.0,CNY,CN,True,False,False,False,False,False,False,2349.0,-70.0,-0.5072463768115942,2024-07-15,False,False,7.0006712962962965,True
252490,018d937f-060f-705e-b364-8c5bba4d62f6,CN,2024-10-03 17:15:30,81.6,136.0,40.0,CNY,61,2018-02-08,138.0,CNY,CN,True,False,False,False,False,False,False,2429.0,-56.400000000000006,-0.4086956521739131,2024-10-03,False,False,5.002303240740741,True
252490,018d937f-060f-705e-b364-8c5bba4d62f6,CN,2024-11-07 18:15:33,81.6,136.0,40.0,CNY,61,2018-02-08,138.0,CNY,CN,True,False,False,False,False,False,False,2464.0,-56.400000000000006,-0.4086956521739131,2024-11-07,False,False,2.0019097222222224,True
252490,018d937f-060f-705e-b364-8c5bba4d62f6,CN,2024-11-27 21:20:42,81.6,136.0,40.0,CNY,61,2018-02-08,138.0,CNY,CN,True,False,False,False,False,False,False,2484.0,-56.400000000000006,-0.4086956521739131,2024-11-27,False,False,6.873240740740741,True
252490,018d937f-060f-705e-b364-8c5bba4d62f6,CN,2024-12-09 18:23:12,68.0,136.0,50.0,CNY,61,2018-02-08,138.0,CNY,CN,True,False,False,False,False,False,False,2496.0,-70.0,-0.5072463768115942,2024-12-09,False,False,24.006550925925925,True
252490,018d937f-060f-705e-b364-8c5bba4d62f6,CN,2025-02-06 18:17:24,68.0,136.0,50.0,CNY,61,2018-02-08,138.0,CNY,CN,True,False,False,False,False,False,False,2555.0,-70.0,-0.5072463768115942,2025-02-06,False,False,2.0008680555555554,True
252490,018d937f-060f-705e-b364-8c5bba4d62f6,CN,2025-03-13 19:32:55,82.8,138.0,40.0,CNY,61,2018-02-08,138.0,CNY,CN,True,False,False,False,False,False,False,2590.0,-55.2,-0.4,2025-03-13,False,False,6.906863425925926,True
252490,018d937f-060f-705e-b364-8c5bba4d62f6,CN,2025-03-24 17:16:40,82.8,138.0,40.0,CNY,61,2018-02-08,138.0,CNY,CN,True,False,False,False,False,False,False,2601.0,-55.2,-0.4,2025-03-24,False,False,7.999224537037037,True
252490,018d937f-060f-705e-b364-8c5bba4d62f6,CN,2025-05-01 17:15:46,69.0,138.0,50.0,CNY,61,2018-02-08,138.0,CNY,CN,True,False,False,False,False,False,False,2639.0,-69.0,-0.5,2025-05-01,False,False,2.0000578703703704,True
252490,018d937f-060f-705e-b364-8c5bba4d62f6,CN,2025-06-26 21:31:30,82.8,138.0,40.0,CNY,61,2018-02-08,138.0,CNY,CN,True,False,False,False,False,False,False,2695.0,-55.2,-0.4,2025-06-26,False,False,13.835381944444444,True
252490,018d937f-060f-705e-b364-8c5bba4d62f6,CN,2025-08-07 17:16:31,69.0,138.0,50.0,CNY,61,2018-02-08,138.0,CNY,CN,True,False,False,False,False,False,False,2737.0,-69.0,-0.5,2025-08-07,False,False,7.000717592592593,True
252490,018d937f-060f-705e-b364-8c5bba4d62f6,CN,2025-09-29 20:11:37,69.0,138.0,50.0,CNY,61,2018-02-08,138.0,CNY,CN,True,False,False,False,False,False,False,2790.0,-69.0,-0.5,2025-09-29,False,False,6.8815277777777775,True
252490,018d937f-060f-705e-b364-8c5bba4d62f6,CN,2025-10-23 17:16:06,82.8,138.0,40.0,CNY,61,2018-02-08,138.0,CNY,CN,True,False,False,False,False,False,False,2814.0,-55.2,-0.4,2025-10-23,False,False,13.999548611111111,True
252490,018d937f-060f-705e-b364-8c5bba4d62f6,DE,2018-02-08 19:15:12,31.99,31.99,0.0,EUR,61,2018-02-08,39.99,EUR,DE,False,False,False,False,True,False,True,0.0,-8.000000000000004,-0.20005001250312582,2018-02-08,False,False,,False
252490,018d937f-060f-705e-b364-8c5bba4d62f6,DE,2018-06-21 18:50:47,7.99,31.99,75.0,EUR,61,2018-02-08,39.99,EUR,DE,True,False,False,False,False,False,False,133.0,-32.0,-0.8002000500125032,2018-06-21,False,False,13.967476851851853,True
252490,018d937f-060f-705e-b364-8c5bba4d62f6,DE,2018-10-29 17:23:02,15.99,31.99,50.0,EUR,61,2018-02-08,39.99,EUR,DE,True,False,False,False,False,False,False,263.0,-24.0,-0.6001500375093773,2018-10-29,False,False,3.20193287037037,True
252490,018d937f-060f-705e-b364-8c5bba4d62f6,DE,2018-11-20 19:37:09,29.99,29.99,0.0,EUR,61,2018-02-08,39.99,EUR,DE,False,False,False,True,False,False,False,285.0,-10.000000000000004,-0.25006251562890736,2018-11-20,False,False,,False
252490,018d937f-060f-705e-b364-8c5bba4d62f6,DE,2018-11-21 19:28:03,14.99,29.99,50.0,EUR,61,2018-02-08,39.99,EUR,DE,True,False,False,False,False,False,False,286.0,-25.0,-0.6251562890722681,2018-11-21,False,False,5.95574074074074,True
252490,018d937f-060f-705e-b364-8c5bba4d62f6,DE,2018-12-20 18:36:17,14.99,29.99,50.0,EUR,61,2018-02-08,39.99,EUR,DE,True,False,False,False,False,False,False,315.0,-25.0,-0.6251562890722681,2018-12-20,False,False,14.005671296296295,True
252490,018d937f-060f-705e-b364-8c5bba4d62f6,DE,2019-02-04 19:05:16,14.99,29.99,50.0,EUR,61,2018-02-08,39.99,EUR,DE,True,False,False,False,False,False,False,361.0,-25.0,-0.6251562890722681,2019-02-04,False,False,7.001030092592592,True
252490,018d937f-060f-705e-b364-8c5bba4d62f6,DE,2019-06-25 19:45:33,7.49,29.99,75.0,EUR,61,2018-02-08,39.99,EUR,DE,True,False,False,False,False,False,False,502.0,-32.5,-0.8127031757939485,2019-06-25,False,False,13.93449074074074,True
252490,018d937f-060f-705e-b364-8c5bba4d62f6,DE,2019-10-28 17:59:58,20.09,29.99,33.0,EUR,61,2018-02-08,39.99,EUR,DE,True,False,False,False,False,False,False,627.0,-19.900000000000002,-0.49762440610152536,2019-10-28,False,False,3.9760416666666667,True
252490,018d937f-060f-705e-b364-8c5bba4d62f6,DE,2019-11-10 16:21:54,20.09,29.99,33.0,EUR,61,2018-02-08,39.99,EUR,DE,True,False,False,False,False,False,False,640.0,-19.900000000000002,-0.49762440610152536,2019-11-10,False,False,2.0000810185185185,True
252490,018d937f-060f-705e-b364-8c5bba4d62f6,DE,2019-11-26 18:24:25,20.09,29.99,33.0,EUR,61,2018-02-08,39.99,EUR,DE,True,False,False,False,False,False,False,656.0,-19.900000000000002,-0.49762440610152536,2019-11-26,False,False,6.999895833333333,True
252490,018d937f-060f-705e-b364-8c5bba4d62f6,DE,2019-12-16 18:21:27,20.09,29.99,33.0,EUR,61,2018-02-08,39.99,EUR,DE,True,False,False,False,False,False,False,676.0,-19.900000000000002,-0.49762440610152536,2019-12-16,False,False,17.012662037037035,True
252490,018d937f-060f-705e-b364-8c5bba4d62f6,DE,2020-01-23 18:21:56,20.09,29.99,33.0,EUR,61,2018-02-08,39.99,EUR,DE,True,False,False,False,False,False,False,714.0,-19.900000000000002,-0.49762440610152536,2020-01-23,False,False,4.003599537037037,True
252490,018d937f-060f-705e-b364-8c5bba4d62f6,DE,2020-01-31 23:35:07,33.99,33.99,0.0,EUR,61,2018-02-08,39.99,EUR,DE,False,False,False,True,False,False,False,722.0,-6.0,-0.15003750937734428,2020-01-31,False,False,,False
252490,018d937f-060f-705e-b364-8c5bba4d62f6,DE,2020-03-23 17:21:27,16.99,33.99,50.0,EUR,61,2018-02-08,39.99,EUR,DE,True,False,False,False,False,False,False,774.0,-23.000000000000004,-0.5751437859464867,2020-03-23,False,False,6.9999768518518515,True
252490,018d937f-060f-705e-b364-8c5bba4d62f6,DE,2020-06-25 17:52:13,16.99,33.99,50.0,EUR,61,2018-02-08,39.99,EUR,DE,True,False,False,False,False,False,False,868.0,-23.000000000000004,-0.5751437859464867,2020-06-25,False,False,13.983078703703704,True
252490,018d937f-060f-705e-b364-8c5bba4d62f6,DE,2020-10-29 17:22:55,22.77,33.99,33.0,EUR,61,2018-02-08,39.99,EUR,DE,True,False,False,False,False,False,False,994.0,-17.220000000000002,-0.43060765191297823,2020-10-29,False,False,4.044375,True
252490,018d937f-060f-705e-b364-8c5bba4d62f6,DE,2020-11-25 18:24:08,22.77,33.99,33.0,EUR,61,2018-02-08,39.99,EUR,DE,True,False,False,False,False,False,False,1021.0,-17.220000000000002,-0.43060765191297823,2020-11-25,False,False,6.000555555555556,True
252490,018d937f-060f-705e-b364-8c5bba4d62f6,DE,2020-12-22 18:57:03,22.77,33.99,33.0,EUR,61,2018-02-08,39.99,EUR,DE,True,False,False,False,False,False,False,1048.0,-17.220000000000002,-0.43060765191297823,2020-12-22,False,False,13.996377314814815,True
252490,018d937f-060f-705e-b364-8c5bba4d62f6,DE,2021-01-07 18:21:09,22.77,33.99,33.0,EUR,61,2018-02-08,39.99,EUR,DE,True,False,False,False,False,False,False,1064.0,-17.220000000000002,-0.43060765191297823,2021-01-07,False,False,4.000150462962963,True
252490,018d937f-060f-705e-b364-8c5bba4d62f6,DE,2021-02-11 18:59:40,22.77,33.99,33.0,EUR,61,2018-02-08,39.99,EUR,DE,True,False,False,False,False,False,False,1099.0,-17.220000000000002,-0.43060765191297823,2021-02-11,False,False,3.982997685185185,True
252490,018d937f-060f-705e-b364-8c5bba4d62f6,DE,2021-05-27 17:22:27,22.77,33.99,33.0,EUR,61,2018-02-08,39.99,EUR,DE,True,False,False,False,False,False,False,1204.0,-17.220000000000002,-0.43060765191297823,2021-05-27,False,False,4.001388888888889,True
252490,018d937f-060f-705e-b364-8c5bba4d62f6,DE,2021-06-28 14:27:47,16.99,33.99,50.0,EUR,61,2018-02-08,39.99,EUR,DE,True,False,False,False,False,False,False,1236.0,-23.000000000000004,-0.5751437859464867,2021-06-28,False,False,10.12337962962963,True
252490,018d937f-060f-705e-b364-8c5bba4d62f6,DE,2021-09-22 23:06:03,39.99,39.99,0.0,EUR,61,2018-02-08,39.99,EUR,DE,False,False,False,True,False,False,False,1322.0,0.0,0.0,2021-09-22,False,False,,False
252490,018d937f-060f-705e-b364-8c5bba4d62f6,DE,2021-10-28 18:01:19,26.79,39.99,33.0,EUR,61,2018-02-08,39.99,EUR,DE,True,False,False,False,False,False,False,1358.0,-13.200000000000003,-0.33008252063015764,2021-10-28,False,False,3.9828125,True
252490,018d937f-060f-705e-b364-8c5bba4d62f6,DE,2021-11-24 19:16:15,26.79,39.99,33.0,EUR,61,2018-02-08,39.99,EUR,DE,True,False,False,False,False,False,False,1385.0,-13.200000000000003,-0.33008252063015764,2021-11-24,False,False,7.063321759259259,True
252490,018d937f-060f-705e-b364-8c5bba4d62f6,DE,2021-12-22 18:55:57,26.79,39.99,33.0,EUR,61,2018-02-08,39.99,EUR,DE,True,False,False,False,False,False,False,1413.0,-13.200000000000003,-0.33008252063015764,2021-12-22,False,False,13.987025462962963,True
252490,018d937f-060f-705e-b364-8c5bba4d62f6,DE,2022-01-27 18:14:13,26.79,39.99,33.0,EUR,61,2018-02-08,39.99,EUR,DE,True,False,False,False,False,False,False,1449.0,-13.200000000000003,-0.33008252063015764,2022-01-27,False,False,7.005451388888889,True
252490,018d937f-060f-705e-b364-8c5bba4d62f6,DE,2022-06-23 17:19:10,19.99,39.99,50.0,EUR,61,2018-02-08,39.99,EUR,DE,True,False,False,False,False,False,False,1596.0,-20.000000000000004,-0.5001250312578145,2022-06-23,False,False,14.029780092592592,True
252490,018d937f-060f-705e-b364-8c5bba4d62f6,DE,2022-08-01 17:27:02,19.99,39.99,50.0,EUR,61,2018-02-08,39.99,EUR,DE,True,False,False,False,False,False,False,1635.0,-20.000000000000004,-0.5001250312578145,2022-08-01,False,False,6.989791666666667,True
252490,018d937f-060f-705e-b364-8c5bba4d62f6,DE,2022-10-25 18:20:15,26.79,39.99,33.0,EUR,61,2018-02-08,39.99,EUR,DE,True,False,False,False,False,False,False,1720.0,-13.200000000000003,-0.33008252063015764,2022-10-25,False,False,7.958506944444444,True
252490,018d937f-060f-705e-b364-8c5bba4d62f6,DE,2022-11-22 18:56:15,26.79,39.99,33.0,EUR,61,2018-02-08,39.99,EUR,DE,True,False,False,False,False,False,False,1748.0,-13.200000000000003,-0.33008252063015764,2022-11-22,False,False,6.976608796296296,True
252490,018d937f-060f-705e-b364-8c5bba4d62f6,DE,2022-12-22 21:49:26,26.79,39.99,33.0,EUR,61,2018-02-08,39.99,EUR,DE,True,False,False,False,False,False,False,1778.0,-13.200000000000003,-0.33008252063015764,2022-12-22,False,False,13.978125,True
252490,018d937f-060f-705e-b364-8c5bba4d62f6,DE,2023-03-16 17:27:43,26.79,39.99,33.0,EUR,61,2018-02-08,39.99,EUR,DE,True,False,False,False,False,False,False,1862.0,-13.200000000000003,-0.33008252063015764,2023-03-16,False,False,7.065462962962963,True
252490,018d937f-060f-705e-b364-8c5bba4d62f6,DE,2023-05-16 17:03:10,26.79,39.99,33.0,EUR,61,2018-02-08,39.99,EUR,DE,True,False,False,False,False,False,False,1923.0,-13.200000000000003,-0.33008252063015764,2023-05-16,False,False,7.000104166666667,True
252490,018d937f-060f-705e-b364-8c5bba4d62f6,DE,2023-06-29 17:59:01,26.79,39.99,33.0,EUR,61,2018-02-08,39.99,EUR,DE,True,False,False,False,False,False,False,1967.0,-13.200000000000003,-0.33008252063015764,2023-06-29,False,False,13.997453703703703,True
252490,018d937f-060f-705e-b364-8c5bba4d62f6,DE,2023-11-21 18:31:28,26.79,39.99,33.0,EUR,61,2018-02-08,39.99,EUR,DE,True,False,False,False,False,False,False,2112.0,-13.200000000000003,-0.33008252063015764,2023-11-21,False,False,6.9880555555555555,True
252490,018d937f-060f-705e-b364-8c5bba4d62f6,DE,2023-12-14 18:03:22,19.99,39.99,50.0,EUR,61,2018-02-08,39.99,EUR,DE,True,False,False,False,False,False,False,2135.0,-20.000000000000004,-0.5001250312578145,2023-12-14,False,False,21.01818287037037,True
252490,018d937f-060f-705e-b364-8c5bba4d62f6,DE,2023-12-22 01:06:44,26.79,39.99,33.0,EUR,61,2018-02-08,39.99,EUR,DE,True,False,False,False,False,False,False,2143.0,-13.200000000000003,-0.33008252063015764,2023-12-22,False,False,,False
252490,018d937f-060f-705e-b364-8c5bba4d62f6,DE,2024-03-14 17:16:07,26.79,39.99,33.0,EUR,61,2018-02-08,39.99,EUR,DE,True,False,False,False,False,False,False,2226.0,-13.200000000000003,-0.33008252063015764,2024-03-14,False,False,7.010150462962963,True
252490,018d937f-060f-705e-b364-8c5bba4d62f6,DE,2024-04-15 17:15:40,26.79,39.99,33.0,EUR,61,2018-02-08,39.99,EUR,DE,True,False,False,False,False,False,False,2258.0,-13.200000000000003,-0.33008252063015764,2024-04-15,False,False,7.001203703703704,True
252490,018d937f-060f-705e-b364-8c5bba4d62f6,DE,2024-05-27 17:15:42,19.99,39.99,50.0,EUR,61,2018-02-08,39.99,EUR,DE,True,False,False,False,False,False,False,2300.0,-20.000000000000004,-0.5001250312578145,2024-05-27,False,False,6.999988425925926,True
252490,018d937f-060f-705e-b364-8c5bba4d62f6,DE,2024-06-27 18:05:58,26.79,39.99,33.0,EUR,61,2018-02-08,39.99,EUR,DE,True,False,False,False,False,False,False,2331.0,-13.200000000000003,-0.33008252063015764,2024-06-27,False,False,13.96761574074074,True
252490,018d937f-060f-705e-b364-8c5bba4d62f6,DE,2024-07-15 17:16:04,19.99,39.99,50.0,EUR,61,2018-02-08,39.99,EUR,DE,True,False,False,False,False,False,False,2349.0,-20.000000000000004,-0.5001250312578145,2024-07-15,False,False,7.001585648148148,True
252490,018d937f-060f-705e-b364-8c5bba4d62f6,DE,2024-10-03 17:18:37,23.99,39.99,40.0,EUR,61,2018-02-08,39.99,EUR,DE,True,False,False,False,False,False,False,2429.0,-16.000000000000004,-0.40010002500625164,2024-10-03,False,False,4.997881944444444,True
252490,018d937f-060f-705e-b364-8c5bba4d62f6,DE,2024-11-07 18:15:36,23.99,39.99,40.0,EUR,61,2018-02-08,39.99,EUR,DE,True,False,False,False,False,False,False,2464.0,-16.000000000000004,-0.40010002500625164,2024-11-07,False,False,1.9998842592592592,True
252490,018d937f-060f-705e-b364-8c5bba4d62f6,DE,2024-11-27 21:27:59,23.99,39.99,40.0,EUR,61,2018-02-08,39.99,EUR,DE,True,False,False,False,False,False,False,2484.0,-16.000000000000004,-0.40010002500625164,2024-11-27,False,False,6.868194444444445,True
252490,018d937f-060f-705e-b364-8c5bba4d62f6,DE,2024-12-09 18:18:02,19.99,39.99,50.0,EUR,61,2018-02-08,39.99,EUR,DE,True,False,False,False,False,False,False,2496.0,-20.000000000000004,-0.5001250312578145,2024-12-09,False,False,24.012013888888887,True
252490,018d937f-060f-705e-b364-8c5bba4d62f6,DE,2025-02-06 18:21:26,19.99,39.99,50.0,EUR,61,2018-02-08,39.99,EUR,DE,True,False,False,False,False,False,False,2555.0,-20.000000000000004,-0.5001250312578145,2025-02-06,False,False,1.995763888888889,True
252490,018d937f-060f-705e-b364-8c5bba4d62f6,DE,2025-03-13 19:06:54,23.99,39.99,40.0,EUR,61,2018-02-08,39.99,EUR,DE,True,False,False,False,False,False,False,2590.0,-16.000000000000004,-0.40010002500625164,2025-03-13,False,False,6.924965277777778,True
252490,018d937f-060f-705e-b364-8c5bba4d62f6,DE,2025-03-24 17:16:45,23.99,39.99,40.0,EUR,61,2018-02-08,39.99,EUR,DE,True,False,False,False,False,False,False,2601.0,-16.000000000000004,-0.40010002500625164,2025-03-24,False,False,8.001550925925926,True
252490,018d937f-060f-705e-b364-8c5bba4d62f6,DE,2025-05-01 17:19:24,19.99,39.99,50.0,EUR,61,2018-02-08,39.99,EUR,DE,True,False,False,False,False,False,False,2639.0,-20.000000000000004,-0.5001250312578145,2025-05-01,False,False,1.9971527777777778,True
252490,018d937f-060f-705e-b364-8c5bba4d62f6,DE,2025-06-26 21:30:54,23.99,39.99,40.0,EUR,61,2018-02-08,39.99,EUR,DE,True,False,False,False,False,False,False,2695.0,-16.000000000000004,-0.40010002500625164,2025-06-26,False,False,13.834861111111111,True
252490,018d937f-060f-705e-b364-8c5bba4d62f6,DE,2025-08-07 17:16:32,19.99,39.99,50.0,EUR,61,2018-02-08,39.99,EUR,DE,True,False,False,False,False,False,False,2737.0,-20.000000000000004,-0.5001250312578145,2025-08-07,False,False,7.000856481481481,True
252490,018d937f-060f-705e-b364-8c5bba4d62f6,DE,2025-09-29 19:56:53,19.99,39.99,50.0,EUR,61,2018-02-08,39.99,EUR,DE,True,False,False,False,False,False,False,2790.0,-20.000000000000004,-0.5001250312578145,2025-09-29,False,False,6.890324074074074,True
252490,018d937f-060f-705e-b364-8c5bba4d62f6,DE,2025-10-23 17:15:30,23.99,39.99,40.0,EUR,61,2018-02-08,39.99,EUR,DE,True,False,False,False,False,False,False,2814.0,-16.000000000000004,-0.40010002500625164,2025-10-23,False,False,14.002037037037036,True
252490,018d937f-060f-705e-b364-8c5bba4d62f6,FR,2018-02-08 19:15:12,31.99,31.99,0.0,EUR,61,2018-02-08,39.99,EUR,FR,False,False,False,False,True,False,True,0.0,-8.000000000000004,-0.20005001250312582,2018-02-08,False,False,,False
252490,018d937f-060f-705e-b364-8c5bba4d62f6,FR,2018-06-21 18:50:47,7.99,31.99,75.0,EUR,61,2018-02-08,39.99,EUR,FR,True,False,False,False,False,False,False,133.0,-32.0,-0.8002000500125032,2018-06-21,False,False,13.967476851851853,True
252490,018d937f-060f-705e-b364-8c5bba4d62f6,FR,2018-10-29 17:23:02,15.99,31.99,50.0,EUR,61,2018-02-08,39.99,EUR,FR,True,False,False,False,False,False,False,263.0,-24.0,-0.6001500375093773,2018-10-29,False,False,3.20193287037037,True
252490,018d937f-060f-705e-b364-8c5bba4d62f6,FR,2018-11-20 19:37:09,29.99,29.99,0.0,EUR,61,2018-02-08,39.99,EUR,FR,False,False,False,True,False,False,False,285.0,-10.000000000000004,-0.25006251562890736,2018-11-20,False,False,,False
252490,018d937f-060f-705e-b364-8c5bba4d62f6,FR,2018-11-21 19:28:03,14.99,29.99,50.0,EUR,61,2018-02-08,39.99,EUR,FR,True,False,False,False,False,False,False,286.0,-25.0,-0.6251562890722681,2018-11-21,False,False,5.95574074074074,True
252490,018d937f-060f-705e-b364-8c5bba4d62f6,FR,2018-12-20 18:36:17,14.99,29.99,50.0,EUR,61,2018-02-08,39.99,EUR,FR,True,False,False,False,False,False,False,315.0,-25.0,-0.6251562890722681,2018-12-20,False,False,14.005671296296295,True
252490,018d937f-060f-705e-b364-8c5bba4d62f6,FR,2019-02-04 19:05:16,14.99,29.99,50.0,EUR,61,2018-02-08,39.99,EUR,FR,True,False,False,False,False,False,False,361.0,-25.0,-0.6251562890722681,2019-02-04,False,False,7.001030092592592,True
252490,018d937f-060f-705e-b364-8c5bba4d62f6,FR,2019-06-25 19:45:33,7.49,29.99,75.0,EUR,61,2018-02-08,39.99,EUR,FR,True,False,False,False,False,False,False,502.0,-32.5,-0.8127031757939485,2019-06-25,False,False,13.93449074074074,True
252490,018d937f-060f-705e-b364-8c5bba4d62f6,FR,2019-10-28 17:59:58,20.09,29.99,33.0,EUR,61,2018-02-08,39.99,EUR,FR,True,False,False,False,False,False,False,627.0,-19.900000000000002,-0.49762440610152536,2019-10-28,False,False,3.9760416666666667,True
252490,018d937f-060f-705e-b364-8c5bba4d62f6,FR,2019-11-10 16:21:54,20.09,29.99,33.0,EUR,61,2018-02-08,39.99,EUR,FR,True,False,False,False,False,False,False,640.0,-19.900000000000002,-0.49762440610152536,2019-11-10,False,False,2.0000810185185185,True
252490,018d937f-060f-705e-b364-8c5bba4d62f6,FR,2019-11-26 18:24:25,20.09,29.99,33.0,EUR,61,2018-02-08,39.99,EUR,FR,True,False,False,False,False,False,False,656.0,-19.900000000000002,-0.49762440610152536,2019-11-26,False,False,6.999895833333333,True
252490,018d937f-060f-705e-b364-8c5bba4d62f6,FR,2019-12-16 18:21:27,20.09,29.99,33.0,EUR,61,2018-02-08,39.99,EUR,FR,True,False,False,False,False,False,False,676.0,-19.900000000000002,-0.49762440610152536,2019-12-16,False,False,17.012662037037035,True
252490,018d937f-060f-705e-b364-8c5bba4d62f6,FR,2020-01-23 18:21:56,20.09,29.99,33.0,EUR,61,2018-02-08,39.99,EUR,FR,True,False,False,False,False,False,False,714.0,-19.900000000000002,-0.49762440610152536,2020-01-23,False,False,4.003599537037037,True
252490,018d937f-060f-705e-b364-8c5bba4d62f6,FR,2020-01-31 23:35:07,33.99,33.99,0.0,EUR,61,2018-02-08,39.99,EUR,FR,False,False,False,True,False,False,False,722.0,-6.0,-0.15003750937734428,2020-01-31,False,False,,False
252490,018d937f-060f-705e-b364-8c5bba4d62f6,FR,2020-03-23 17:21:27,16.99,33.99,50.0,EUR,61,2018-02-08,39.99,EUR,FR,True,False,False,False,False,False,False,774.0,-23.000000000000004,-0.5751437859464867,2020-03-23,False,False,6.9999768518518515,True
252490,018d937f-060f-705e-b364-8c5bba4d62f6,FR,2020-06-25 17:52:13,16.99,33.99,50.0,EUR,61,2018-02-08,39.99,EUR,FR,True,False,False,False,False,False,False,868.0,-23.000000000000004,-0.5751437859464867,2020-06-25,False,False,13.983078703703704,True
252490,018d937f-060f-705e-b364-8c5bba4d62f6,FR,2020-10-29 17:22:55,22.77,33.99,33.0,EUR,61,2018-02-08,39.99,EUR,FR,True,False,False,False,False,False,False,994.0,-17.220000000000002,-0.43060765191297823,2020-10-29,False,False,4.044375,True
252490,018d937f-060f-705e-b364-8c5bba4d62f6,FR,2020-11-25 18:24:08,22.77,33.99,33.0,EUR,61,2018-02-08,39.99,EUR,FR,True,False,False,False,False,False,False,1021.0,-17.220000000000002,-0.43060765191297823,2020-11-25,False,False,6.000555555555556,True
252490,018d937f-060f-705e-b364-8c5bba4d62f6,FR,2020-12-22 18:57:03,22.77,33.99,33.0,EUR,61,2018-02-08,39.99,EUR,FR,True,False,False,False,False,False,False,1048.0,-17.220000000000002,-0.43060765191297823,2020-12-22,False,False,13.996377314814815,True
252490,018d937f-060f-705e-b364-8c5bba4d62f6,FR,2021-01-07 18:21:09,22.77,33.99,33.0,EUR,61,2018-02-08,39.99,EUR,FR,True,False,False,False,False,False,False,1064.0,-17.220000000000002,-0.43060765191297823,2021-01-07,False,False,4.000150462962963,True
252490,018d937f-060f-705e-b364-8c5bba4d62f6,FR,2021-02-11 18:59:40,22.77,33.99,33.0,EUR,61,2018-02-08,39.99,EUR,FR,True,False,False,False,False,False,False,1099.0,-17.220000000000002,-0.43060765191297823,2021-02-11,False,False,3.982997685185185,True
252490,018d937f-060f-705e-b364-8c5bba4d62f6,FR,2021-05-27 17:22:27,22.77,33.99,33.0,EUR,61,2018-02-08,39.99,EUR,FR,True,False,False,False,False,False,False,1204.0,-17.220000000000002,-0.43060765191297823,2021-05-27,False,False,4.001388888888889,True
252490,018d937f-060f-705e-b364-8c5bba4d62f6,FR,2021-06-28 14:27:47,16.99,33.99,50.0,EUR,61,2018-02-08,39.99,EUR,FR,True,False,False,False,False,False,False,1236.0,-23.000000000000004,-0.5751437859464867,2021-06-28,False,False,10.12337962962963,True
252490,018d937f-060f-705e-b364-8c5bba4d62f6,FR,2021-09-22 23:06:03,39.99,39.99,0.0,EUR,61,2018-02-08,39.99,EUR,FR,False,False,False,True,False,False,False,1322.0,0.0,0.0,2021-09-22,False,False,,False
252490,018d937f-060f-705e-b364-8c5bba4d62f6,FR,2021-10-28 18:01:19,26.79,39.99,33.0,EUR,61,2018-02-08,39.99,EUR,FR,True,False,False,False,False,False,False,1358.0,-13.200000000000003,-0.33008252063015764,2021-10-28,False,False,3.9828125,True
252490,018d937f-060f-705e-b364-8c5bba4d62f6,FR,2021-11-24 19:16:15,26.79,39.99,33.0,EUR,61,2018-02-08,39.99,EUR,FR,True,False,False,False,False,False,False,1385.0,-13.200000000000003,-0.33008252063015764,2021-11-24,False,False,7.063321759259259,True
252490,018d937f-060f-705e-b364-8c5bba4d62f6,FR,2021-12-22 18:55:57,26.79,39.99,33.0,EUR,61,2018-02-08,39.99,EUR,FR,True,False,False,False,False,False,False,1413.0,-13.200000000000003,-0.33008252063015764,2021-12-22,False,False,13.987025462962963,True
252490,018d937f-060f-705e-b364-8c5bba4d62f6,FR,2022-01-27 18:14:13,26.79,39.99,33.0,EUR,61,2018-02-08,39.99,EUR,FR,True,False,False,False,False,False,False,1449.0,-13.200000000000003,-0.33008252063015764,2022-01-27,False,False,7.005451388888889,True
252490,018d937f-060f-705e-b364-8c5bba4d62f6,FR,2022-06-23 17:19:10,19.99,39.99,50.0,EUR,61,2018-02-08,39.99,EUR,FR,True,False,False,False,False,False,False,1596.0,-20.000000000000004,-0.5001250312578145,2022-06-23,False,False,14.029780092592592,True
252490,018d937f-060f-705e-b364-8c5bba4d62f6,FR,2022-08-01 17:27:02,19.99,39.99,50.0,EUR,61,2018-02-08,39.99,EUR,FR,True,False,False,False,False,False,False,1635.0,-20.000000000000004,-0.5001250312578145,2022-08-01,False,False,6.989791666666667,True
252490,018d937f-060f-705e-b364-8c5bba4d62f6,FR,2022-10-25 18:20:15,26.79,39.99,33.0,EUR,61,2018-02-08,39.99,EUR,FR,True,False,False,False,False,False,False,1720.0,-13.200000000000003,-0.33008252063015764,2022-10-25,False,False,7.958506944444444,True
252490,018d937f-060f-705e-b364-8c5bba4d62f6,FR,2022-11-22 18:56:15,26.79,39.99,33.0,EUR,61,2018-02-08,39.99,EUR,FR,True,False,False,False,False,False,False,1748.0,-13.200000000000003,-0.33008252063015764,2022-11-22,False,False,6.976608796296296,True
252490,018d937f-060f-705e-b364-8c5bba4d62f6,FR,2022-12-22 21:49:26,26.79,39.99,33.0,EUR,61,2018-02-08,39.99,EUR,FR,True,False,False,False,False,False,False,1778.0,-13.200000000000003,-0.33008252063015764,2022-12-22,False,False,13.978125,True
252490,018d937f-060f-705e-b364-8c5bba4d62f6,FR,2023-03-16 17:27:43,26.79,39.99,33.0,EUR,61,2018-02-08,39.99,EUR,FR,True,False,False,False,False,False,False,1862.0,-13.200000000000003,-0.33008252063015764,2023-03-16,False,False,7.065462962962963,True
252490,018d937f-060f-705e-b364-8c5bba4d62f6,FR,2023-05-16 17:03:10,26.79,39.99,33.0,EUR,61,2018-02-08,39.99,EUR,FR,True,False,False,False,False,False,False,1923.0,-13.200000000000003,-0.33008252063015764,2023-05-16,False,False,7.000104166666667,True
252490,018d937f-060f-705e-b364-8c5bba4d62f6,FR,2023-06-29 17:59:01,26.79,39.99,33.0,EUR,61,2018-02-08,39.99,EUR,FR,True,False,False,False,False,False,False,1967.0,-13.200000000000003,-0.33008252063015764,2023-06-29,False,False,13.997453703703703,True
252490,018d937f-060f-705e-b364-8c5bba4d62f6,FR,2023-11-21 18:31:28,26.79,39.99,33.0,EUR,61,2018-02-08,39.99,EUR,FR,True,False,False,False,False,False,False,2112.0,-13.200000000000003,-0.33008252063015764,2023-11-21,False,False,6.9880555555555555,True
252490,018d937f-060f-705e-b364-8c5bba4d62f6,FR,2023-12-14 18:03:22,19.99,39.99,50.0,EUR,61,2018-02-08,39.99,EUR,FR,True,False,False,False,False,False,False,2135.0,-20.000000000000004,-0.5001250312578145,2023-12-14,False,False,21.01818287037037,True
252490,018d937f-060f-705e-b364-8c5bba4d62f6,FR,2023-12-22 01:06:44,26.79,39.99,33.0,EUR,61,2018-02-08,39.99,EUR,FR,True,False,False,False,False,False,False,2143.0,-13.200000000000003,-0.33008252063015764,2023-12-22,False,False,,False
252490,018d937f-060f-705e-b364-8c5bba4d62f6,FR,2024-03-14 17:16:07,26.79,39.99,33.0,EUR,61,2018-02-08,39.99,EUR,FR,True,False,False,False,False,False,False,2226.0,-13.200000000000003,-0.33008252063015764,2024-03-14,False,False,7.010150462962963,True
252490,018d937f-060f-705e-b364-8c5bba4d62f6,FR,2024-04-15 17:15:40,26.79,39.99,33.0,EUR,61,2018-02-08,39.99,EUR,FR,True,False,False,False,False,False,False,2258.0,-13.200000000000003,-0.33008252063015764,2024-04-15,False,False,7.001203703703704,True
252490,018d937f-060f-705e-b364-8c5bba4d62f6,FR,2024-05-27 17:15:42,19.99,39.99,50.0,EUR,61,2018-02-08,39.99,EUR,FR,True,False,False,False,False,False,False,2300.0,-20.000000000000004,-0.5001250312578145,2024-05-27,False,False,6.999988425925926,True
252490,018d937f-060f-705e-b364-8c5bba4d62f6,FR,2024-06-27 18:05:58,26.79,39.99,33.0,EUR,61,2018-02-08,39.99,EUR,FR,True,False,False,False,False,False,False,2331.0,-13.200000000000003,-0.33008252063015764,2024-06-27,False,False,13.96761574074074,True
252490,018d937f-060f-705e-b364-8c5bba4d62f6,FR,2024-07-15 17:16:04,19.99,39.99,50.0,EUR,61,2018-02-08,39.99,EUR,FR,True,False,False,False,False,False,False,2349.0,-20.000000000000004,-0.5001250312578145,2024-07-15,False,False,7.001585648148148,True
252490,018d937f-060f-705e-b364-8c5bba4d62f6,FR,2024-10-03 17:18:37,23.99,39.99,40.0,EUR,61,2018-02-08,39.99,EUR,FR,True,False,False,False,False,False,False,2429.0,-16.000000000000004,-0.40010002500625164,2024-10-03,False,False,4.997881944444444,True
252490,018d937f-060f-705e-b364-8c5bba4d62f6,FR,2024-11-07 18:15:36,23.99,39.99,40.0,EUR,61,2018-02-08,39.99,EUR,FR,True,False,False,False,False,False,False,2464.0,-16.000000000000004,-0.40010002500625164,2024-11-07,False,False,1.9998842592592592,True
252490,018d937f-060f-705e-b364-8c5bba4d62f6,FR,2024-11-27 21:27:59,23.99,39.99,40.0,EUR,61,2018-02-08,39.99,EUR,FR,True,False,False,False,False,False,False,2484.0,-16.000000000000004,-0.40010002500625164,2024-11-27,False,False,6.868194444444445,True
252490,018d937f-060f-705e-b364-8c5bba4d62f6,FR,2024-12-09 18:18:02,19.99,39.99,50.0,EUR,61,2018-02-08,39.99,EUR,FR,True,False,False,False,False,False,False,2496.0,-20.000000000000004,-0.5001250312578145,2024-12-09,False,False,24.012013888888887,True
252490,018d937f-060f-705e-b364-8c5bba4d62f6,FR,2025-02-06 18:21:26,19.99,39.99,50.0,EUR,61,2018-02-08,39.99,EUR,FR,True,False,False,False,False,False,False,2555.0,-20.000000000000004,-0.5001250312578145,2025-02-06,False,False,1.995763888888889,True
252490,018d937f-060f-705e-b364-8c5bba4d62f6,FR,2025-03-13 19:06:54,23.99,39.99,40.0,EUR,61,2018-02-08,39.99,EUR,FR,True,False,False,False,False,False,False,2590.0,-16.000000000000004,-0.40010002500625164,2025-03-13,False,False,6.924965277777778,True
252490,018d937f-060f-705e-b364-8c5bba4d62f6,FR,2025-03-24 17:16:45,23.99,39.99,40.0,EUR,61,2018-02-08,39.99,EUR,FR,True,False,False,False,False,False,False,2601.0,-16.000000000000004,-0.40010002500625164,2025-03-24,False,False,8.001550925925926,True
252490,018d937f-060f-705e-b364-8c5bba4d62f6,FR,2025-05-01 17:19:24,19.99,39.99,50.0,EUR,61,2018-02-08,39.99,EUR,FR,True,False,False,False,False,False,False,2639.0,-20.000000000000004,-0.5001250312578145,2025-05-01,False,False,1.9971527777777778,True
252490,018d937f-060f-705e-b364-8c5bba4d62f6,FR,2025-06-26 21:30:54,23.99,39.99,40.0,EUR,61,2018-02-08,39.99,EUR,FR,True,False,False,False,False,False,False,2695.0,-16.000000000000004,-0.40010002500625164,2025-06-26,False,False,13.834861111111111,True
252490,018d937f-060f-705e-b364-8c5bba4d62f6,FR,2025-08-07 17:16:32,19.99,39.99,50.0,EUR,61,2018-02-08,39.99,EUR,FR,True,False,False,False,False,False,False,2737.0,-20.000000000000004,-0.5001250312578145,2025-08-07,False,False,7.000856481481481,True
252490,018d937f-060f-705e-b364-8c5bba4d62f6,FR,2025-09-29 19:56:53,19.99,39.99,50.0,EUR,61,2018-02-08,39.99,EUR,FR,True,False,False,False,False,False,False,2790.0,-20.000000000000004,-0.5001250312578145,2025-09-29,False,False,6.890324074074074,True
252490,018d937f-060f-705e-b364-8c5bba4d62f6,FR,2025-10-23 17:15:30,23.99,39.99,40.0,EUR,61,2018-02-08,39.99,EUR,FR,True,False,False,False,False,False,False,2814.0,-16.000000000000004,-0.40010002500625164,2025-10-23,False,False,14.002037037037036,True
252490,018d937f-060f-705e-b364-8c5bba4d62f6,GB,2018-02-08 19:17:24,27.79,27.79,0.0,GBP,61,2018-02-08,34.99,GBP,GB,False,False,False,False,True,False,True,0.0,-7.200000000000003,-0.20577307802229217,2018-02-08,False,False,,False
252490,018d937f-060f-705e-b364-8c5bba4d62f6,GB,2018-06-21 18:38:27,6.94,27.79,75.0,GBP,61,2018-02-08,34.99,GBP,GB,True,False,False,False,False,False,False,133.0,-28.05,-0.8016576164618463,2018-06-21,False,False,13.980266203703703,True
252490,018d937f-060f-705e-b364-8c5bba4d62f6,GB,2018-10-29 17:24:56,13.89,27.79,50.0,GBP,61,2018-02-08,34.99,GBP,GB,True,False,False,False,False,False,False,263.0,-21.1,-0.6030294369819948,2018-10-29,False,False,3.1996527777777777,True
252490,018d937f-060f-705e-b364-8c5bba4d62f6,GB,2018-11-21 21:29:08,13.89,27.79,50.0,GBP,61,2018-02-08,34.99,GBP,GB,True,False,False,False,False,False,False,286.0,-21.1,-0.6030294369819948,2018-11-21,False,False,5.876180555555556,True
252490,018d937f-060f-705e-b364-8c5bba4d62f6,GB,2018-12-20 18:37:24,13.89,27.79,50.0,GBP,61,2018-02-08,34.99,GBP,GB,True,False,False,False,False,False,False,315.0,-21.1,-0.6030294369819948,2018-12-20,False,False,14.193344907407408,True
252490,018d937f-060f-705e-b364-8c5bba4d62f6,GB,2019-02-04 18:11:42,13.89,27.79,50.0,GBP,61,2018-02-08,34.99,GBP,GB,True,False,False,False,False,False,False,361.0,-21.1,-0.6030294369819948,2019-02-04,False,False,7.105960648148148,True
252490,018d937f-060f-705e-b364-8c5bba4d62f6,GB,2019-06-25 17:44:01,6.94,27.79,75.0,GBP,61,2018-02-08,34.99,GBP,GB,True,False,False,False,False,False,False,502.0,-28.05,-0.8016576164618463,2019-06-25,False,False,14.02894675925926,True
252490,018d937f-060f-705e-b364-8c5bba4d62f6,GB,2019-10-28 17:21:11,18.61,27.79,33.0,GBP,61,2018-02-08,34.99,GBP,GB,True,False,False,False,False,False,False,627.0,-16.380000000000003,-0.46813375250071454,2019-10-28,False,False,4.0019328703703705,True
252490,018d937f-060f-705e-b364-8c5bba4d62f6,GB,2019-11-10 16:22:00,18.61,27.79,33.0,GBP,61,2018-02-08,34.99,GBP,GB,True,False,False,False,False,False,False,640.0,-16.380000000000003,-0.46813375250071454,2019-11-10,False,False,1.9998032407407407,True
252490,018d937f-060f-705e-b364-8c5bba4d62f6,GB,2019-11-26 18:32:54,18.61,27.79,33.0,GBP,61,2018-02-08,34.99,GBP,GB,True,False,False,False,False,False,False,656.0,-16.380000000000003,-0.46813375250071454,2019-11-26,False,False,7.000717592592593,True
252490,018d937f-060f-705e-b364-8c5bba4d62f6,GB,2019-12-16 18:22:06,18.61,27.79,33.0,GBP,61,2018-02-08,34.99,GBP,GB,True,False,False,False,False,False,False,676.0,-16.380000000000003,-0.46813375250071454,2019-12-16,False,False,17.011886574074072,True
252490,018d937f-060f-705e-b364-8c5bba4d62f6,GB,2020-01-23 18:25:57,18.61,27.79,33.0,GBP,61,2018-02-08,34.99,GBP,GB,True,False,False,False,False,False,False,714.0,-16.380000000000003,-0.46813375250071454,2020-01-23,False,False,3.999039351851852,True
252490,018d937f-060f-705e-b364-8c5bba4d62f6,GB,2020-01-31 23:35:11,30.99,30.99,0.0,GBP,61,2018-02-08,34.99,GBP,GB,False,False,False,True,False,False,False,722.0,-4.0000000000000036,-0.1143183766790512,2020-01-31,False,False,,False
252490,018d937f-060f-705e-b364-8c5bba4d62f6,GB,2020-03-23 17:21:23,15.49,30.99,50.0,GBP,61,2018-02-08,34.99,GBP,GB,True,False,False,False,False,False,False,774.0,-19.5,-0.5573020863103744,2020-03-23,False,False,7.000254629629629,True
252490,018d937f-060f-705e-b364-8c5bba4d62f6,GB,2020-06-25 17:49:32,15.49,30.99,50.0,GBP,61,2018-02-08,34.99,GBP,GB,True,False,False,False,False,False,False,868.0,-19.5,-0.5573020863103744,2020-06-25,False,False,13.98425925925926,True
252490,018d937f-060f-705e-b364-8c5bba4d62f6,GB,2020-10-29 17:24:36,20.76,30.99,33.0,GBP,61,2018-02-08,34.99,GBP,GB,True,False,False,False,False,False,False,994.0,-14.23,-0.40668762503572453,2020-10-29,False,False,4.043657407407407,True
252490,018d937f-060f-705e-b364-8c5bba4d62f6,GB,2020-11-25 18:26:47,20.76,30.99,33.0,GBP,61,2018-02-08,34.99,GBP,GB,True,False,False,False,False,False,False,1021.0,-14.23,-0.40668762503572453,2020-11-25,False,False,5.996770833333334,True
252490,018d937f-060f-705e-b364-8c5bba4d62f6,GB,2020-12-22 18:58:18,20.76,30.99,33.0,GBP,61,2018-02-08,34.99,GBP,GB,True,False,False,False,False,False,False,1048.0,-14.23,-0.40668762503572453,2020-12-22,False,False,13.999502314814816,True
252490,018d937f-060f-705e-b364-8c5bba4d62f6,GB,2021-01-07 18:21:08,20.76,30.99,33.0,GBP,61,2018-02-08,34.99,GBP,GB,True,False,False,False,False,False,False,1064.0,-14.23,-0.40668762503572453,2021-01-07,False,False,4.000046296296296,True
252490,018d937f-060f-705e-b364-8c5bba4d62f6,GB,2021-02-11 18:25:25,20.76,30.99,33.0,GBP,61,2018-02-08,34.99,GBP,GB,True,False,False,False,False,False,False,1099.0,-14.23,-0.40668762503572453,2021-02-11,False,False,4.006782407407408,True
252490,018d937f-060f-705e-b364-8c5bba4d62f6,GB,2021-05-27 17:22:26,20.76,30.99,33.0,GBP,61,2018-02-08,34.99,GBP,GB,True,False,False,False,False,False,False,1204.0,-14.23,-0.40668762503572453,2021-05-27,False,False,4.001435185185185,True
252490,018d937f-060f-705e-b364-8c5bba4d62f6,GB,2021-06-28 14:24:48,15.49,30.99,50.0,GBP,61,2018-02-08,34.99,GBP,GB,True,False,False,False,False,False,False,1236.0,-19.5,-0.5573020863103744,2021-06-28,False,False,10.13386574074074,True
252490,018d937f-060f-705e-b364-8c5bba4d62f6,GB,2021-09-22 23:05:59,34.99,34.99,0.0,GBP,61,2018-02-08,34.99,GBP,GB,False,False,False,True,False,False,False,1322.0,0.0,0.0,2021-09-22,False,False,,False
252490,018d937f-060f-705e-b364-8c5bba4d62f6,GB,2021-10-28 18:06:45,23.44,34.99,33.0,GBP,61,2018-02-08,34.99,GBP,GB,True,False,False,False,False,False,False,1358.0,-11.55,-0.33009431266076017,2021-10-28,False,False,4.004178240740741,True
252490,018d937f-060f-705e-b364-8c5bba4d62f6,GB,2021-11-24 19:28:26,23.44,34.99,33.0,GBP,61,2018-02-08,34.99,GBP,GB,True,False,False,False,False,False,False,1385.0,-11.55,-0.33009431266076017,2021-11-24,False,False,6.989467592592592,True
252490,018d937f-060f-705e-b364-8c5bba4d62f6,GB,2021-12-22 22:13:41,23.44,34.99,33.0,GBP,61,2018-02-08,34.99,GBP,GB,True,False,False,False,False,False,False,1413.0,-11.55,-0.33009431266076017,2021-12-22,False,False,13.832777777777778,True
252490,018d937f-060f-705e-b364-8c5bba4d62f6,GB,2022-01-27 18:40:53,23.44,34.99,33.0,GBP,61,2018-02-08,34.99,GBP,GB,True,False,False,False,False,False,False,1449.0,-11.55,-0.33009431266076017,2022-01-27,False,False,6.997592592592593,True
252490,018d937f-060f-705e-b364-8c5bba4d62f6,GB,2022-06-23 18:32:16,17.49,34.99,50.0,GBP,61,2018-02-08,34.99,GBP,GB,True,False,False,False,False,False,False,1596.0,-17.500000000000004,-0.5001428979708489,2022-06-23,False,False,13.9403125,True
252490,018d937f-060f-705e-b364-8c5bba4d62f6,GB,2022-08-01 17:22:15,17.49,34.99,50.0,GBP,61,2018-02-08,34.99,GBP,GB,True,False,False,False,False,False,False,1635.0,-17.500000000000004,-0.5001428979708489,2022-08-01,False,False,7.003449074074074,True
252490,018d937f-060f-705e-b364-8c5bba4d62f6,GB,2022-10-25 18:19:54,23.44,34.99,33.0,GBP,61,2018-02-08,34.99,GBP,GB,True,False,False,False,False,False,False,1720.0,-11.55,-0.33009431266076017,2022-10-25,False,False,35.001354166666665,True
252490,018d937f-060f-705e-b364-8c5bba4d62f6,GB,2022-12-22 19:10:29,23.44,34.99,33.0,GBP,61,2018-02-08,34.99,GBP,GB,True,False,False,False,False,False,False,1778.0,-11.55,-0.33009431266076017,2022-12-22,False,False,13.95758101851852,True
252490,018d937f-060f-705e-b364-8c5bba4d62f6,GB,2023-05-16 17:18:37,23.44,34.99,33.0,GBP,61,2018-02-08,34.99,GBP,GB,True,False,False,False,False,False,False,1923.0,-11.55,-0.33009431266076017,2023-05-16,False,False,6.993530092592593,True
252490,018d937f-060f-705e-b364-8c5bba4d62f6,GB,2023-06-29 22:16:48,23.44,34.99,33.0,GBP,61,2018-02-08,34.99,GBP,GB,True,False,False,False,False,False,False,1967.0,-11.55,-0.33009431266076017,2023-06-29,False,False,13.791122685185185,True
252490,018d937f-060f-705e-b364-8c5bba4d62f6,GB,2023-11-21 18:19:49,23.44,34.99,33.0,GBP,61,2018-02-08,34.99,GBP,GB,True,False,False,False,False,False,False,2112.0,-11.55,-0.33009431266076017,2023-11-21,False,False,7.010185185185185,True
252490,018d937f-060f-705e-b364-8c5bba4d62f6,GB,2023-12-14 18:06:25,17.49,34.99,50.0,GBP,61,2018-02-08,34.99,GBP,GB,True,False,False,False,False,False,False,2135.0,-17.500000000000004,-0.5001428979708489,2023-12-14,False,False,21.01369212962963,True
252490,018d937f-060f-705e-b364-8c5bba4d62f6,GB,2023-12-21 18:26:35,23.44,34.99,33.0,GBP,61,2018-02-08,34.99,GBP,GB,True,False,False,False,False,False,False,2142.0,-11.55,-0.33009431266076017,2023-12-21,False,False,,False
252490,018d937f-060f-705e-b364-8c5bba4d62f6,GB,2024-03-14 17:21:54,23.44,34.99,33.0,GBP,61,2018-02-08,34.99,GBP,GB,True,False,False,False,False,False,False,2226.0,-11.55,-0.33009431266076017,2024-03-14,False,False,7.006180555555556,True
252490,018d937f-060f-705e-b364-8c5bba4d62f6,GB,2024-04-15 17:15:41,23.44,34.99,33.0,GBP,61,2018-02-08,34.99,GBP,GB,True,False,False,False,False,False,False,2258.0,-11.55,-0.33009431266076017,2024-04-15,False,False,7.0009143518518515,True
252490,018d937f-060f-705e-b364-8c5bba4d62f6,GB,2024-05-27 17:20:11,17.49,34.99,50.0,GBP,61,2018-02-08,34.99,GBP,GB,True,False,False,False,False,False,False,2300.0,-17.500000000000004,-0.5001428979708489,2024-05-27,False,False,6.997268518518519,True
252490,018d937f-060f-705e-b364-8c5bba4d62f6,GB,2024-06-27 18:08:28,23.44,34.99,33.0,GBP,61,2018-02-08,34.99,GBP,GB,True,False,False,False,False,False,False,2331.0,-11.55,-0.33009431266076017,2024-06-27,False,False,13.965891203703704,True
252490,018d937f-060f-705e-b364-8c5bba4d62f6,GB,2024-07-15 17:16:55,17.49,34.99,50.0,GBP,61,2018-02-08,34.99,GBP,GB,True,False,False,False,False,False,False,2349.0,-17.500000000000004,-0.5001428979708489,2024-07-15,False,False,6.999907407407408,True
252490,018d937f-060f-705e-b364-8c5bba4d62f6,GB,2024-10-03 17:15:30,20.99,34.99,40.0,GBP,61,2018-02-08,34.99,GBP,GB,True,False,False,False,False,False,False,2429.0,-14.000000000000004,-0.4001143183766791,2024-10-03,False,False,5.00244212962963,True
252490,018d937f-060f-705e-b364-8c5bba4d62f6,GB,2024-11-07 18:15:17,20.99,34.99,40.0,GBP,61,2018-02-08,34.99,GBP,GB,True,False,False,False,False,False,False,2464.0,-14.000000000000004,-0.4001143183766791,2024-11-07,False,False,1.999988425925926,True
252490,018d937f-060f-705e-b364-8c5bba4d62f6,GB,2024-11-27 21:28:15,20.99,34.99,40.0,GBP,61,2018-02-08,34.99,GBP,GB,True,False,False,False,False,False,False,2484.0,-14.000000000000004,-0.4001143183766791,2024-11-27,False,False,6.869502314814815,True
252490,018d937f-060f-705e-b364-8c5bba4d62f6,GB,2024-12-09 18:17:18,17.49,34.99,50.0,GBP,61,2018-02-08,34.99,GBP,GB,True,False,False,False,False,False,False,2496.0,-17.500000000000004,-0.5001428979708489,2024-12-09,False,False,24.01039351851852,True
252490,018d937f-060f-705e-b364-8c5bba4d62f6,GB,2025-02-06 18:16:19,17.49,34.99,50.0,GBP,61,2018-02-08,34.99,GBP,GB,True,False,False,False,False,False,False,2555.0,-17.500000000000004,-0.5001428979708489,2025-02-06,False,False,1.9993518518518518,True
252490,018d937f-060f-705e-b364-8c5bba4d62f6,GB,2025-03-13 19:06:55,20.99,34.99,40.0,GBP,61,2018-02-08,34.99,GBP,GB,True,False,False,False,False,False,False,2590.0,-14.000000000000004,-0.4001143183766791,2025-03-13,False,False,6.92625,True
252490,018d937f-060f-705e-b364-8c5bba4d62f6,GB,2025-03-24 17:15:42,20.99,34.99,40.0,GBP,61,2018-02-08,34.99,GBP,GB,True,False,False,False,False,False,False,2601.0,-14.000000000000004,-0.4001143183766791,2025-03-24,False,False,7.999745370370371,True
252490,018d937f-060f-705e-b364-8c5bba4d62f6,GB,2025-05-01 17:18:44,17.49,34.99,50.0,GBP,61,2018-02-08,34.99,GBP,GB,True,False,False,False,False,False,False,2639.0,-17.500000000000004,-0.5001428979708489,2025-05-01,False,False,1.9977546296296296,True
252490,018d937f-060f-705e-b364-8c5bba4d62f6,GB,2025-06-26 21:32:37,20.99,34.99,40.0,GBP,61,2018-02-08,34.99,GBP,GB,True,False,False,False,False,False,False,2695.0,-14.000000000000004,-0.4001143183766791,2025-06-26,False,False,13.833784722222223,True
252490,018d937f-060f-705e-b364-8c5bba4d62f6,GB,2025-08-07 17:16:31,17.49,34.99,50.0,GBP,61,2018-02-08,34.99,GBP,GB,True,False,False,False,False,False,False,2737.0,-17.500000000000004,-0.5001428979708489,2025-08-07,False,False,7.000046296296296,True
252490,018d937f-060f-705e-b364-8c5bba4d62f6,GB,2025-09-29 20:11:25,17.49,34.99,50.0,GBP,61,2018-02-08,34.99,GBP,GB,True,False,False,False,False,False,False,2790.0,-17.500000000000004,-0.5001428979708489,2025-09-29,False,False,6.880243055555556,True
252490,018d937f-060f-705e-b364-8c5bba4d62f6,GB,2025-10-23 17:18:56,20.99,34.99,40.0,GBP,61,2018-02-08,34.99,GBP,GB,True,False,False,False,False,False,False,2814.0,-14.000000000000004,-0.4001143183766791,2025-10-23,False,False,13.997731481481482,True
252490,018d937f-060f-705e-b364-8c5bba4d62f6,JP,2024-12-07 14:35:48,4500.0,4500.0,0.0,JPY,61,2018-02-08,4600.0,JPY,JP,False,False,False,False,False,False,False,2494.0,-100.0,-0.021739130434782594,2024-12-07,False,False,,False
252490,018d937f-060f-705e-b364-8c5bba4d62f6,JP,2024-12-09 18:23:17,2250.0,4500.0,50.0,JPY,61,2018-02-08,4600.0,JPY,JP,True,False,False,False,False,False,False,2496.0,-2350.0,-0.5108695652173914,2024-12-09,False,False,24.009988425925926,True
252490,018d937f-060f-705e-b364-8c5bba4d62f6,JP,2025-02-06 18:19:58,2250.0,4500.0,50.0,JPY,61,2018-02-08,4600.0,JPY,JP,True,False,False,False,False,False,False,2555.0,-2350.0,-0.5108695652173914,2025-02-06,False,False,1.999224537037037,True
252490,018d937f-060f-705e-b364-8c5bba4d62f6,JP,2025-02-10 19:30:21,4600.0,4600.0,0.0,JPY,61,2018-02-08,4600.0,JPY,JP,False,False,False,True,False,False,False,2559.0,0.0,0.0,2025-02-10,False,False,,False
252490,018d937f-060f-705e-b364-8c5bba4d62f6,JP,2025-03-13 19:58:52,2760.0,4600.0,40.0,JPY,61,2018-02-08,4600.0,JPY,JP,True,False,False,False,False,False,False,2590.0,-1840.0,-0.4,2025-03-13,False,False,6.891331018518518,True
252490,018d937f-060f-705e-b364-8c5bba4d62f6,JP,2025-03-24 17:18:04,2760.0,4600.0,40.0,JPY,61,2018-02-08,4600.0,JPY,JP,True,False,False,False,False,False,False,2601.0,-1840.0,-0.4,2025-03-24,False,False,8.000613425925925,True
252490,018d937f-060f-705e-b364-8c5bba4d62f6,JP,2025-05-01 17:15:38,2300.0,4600.0,50.0,JPY,61,2018-02-08,4600.0,JPY,JP,True,False,False,False,False,False,False,2639.0,-2300.0,-0.5,2025-05-01,False,False,2.0002662037037036,True
252490,018d937f-060f-705e-b364-8c5bba4d62f6,JP,2025-06-26 22:08:37,2760.0,4600.0,40.0,JPY,61,2018-02-08,4600.0,JPY,JP,True,False,False,False,False,False,False,2695.0,-1840.0,-0.4,2025-06-26,False,False,13.811261574074074,True
252490,018d937f-060f-705e-b364-8c5bba4d62f6,JP,2025-08-07 17:19:21,2300.0,4600.0,50.0,JPY,61,2018-02-08,4600.0,JPY,JP,True,False,False,False,False,False,False,2737.0,-2300.0,-0.5,2025-08-07,False,False,7.003831018518518,True
252490,018d937f-060f-705e-b364-8c5bba4d62f6,JP,2025-09-29 20:40:27,2300.0,4600.0,50.0,JPY,61,2018-02-08,4600.0,JPY,JP,True,False,False,False,False,False,False,2790.0,-2300.0,-0.5,2025-09-29,False,False,6.863356481481482,True
252490,018d937f-060f-705e-b364-8c5bba4d62f6,JP,2025-10-23 17:16:57,2760.0,4600.0,40.0,JPY,61,2018-02-08,4600.0,JPY,JP,True,False,False,False,False,False,False,2814.0,-1840.0,-0.4,2025-10-23,False,False,13.999490740740741,True
252490,018d937f-060f-705e-b364-8c5bba4d62f6,PL,2018-02-08 19:15:12,140.756,140.756,0.0,PLN,61,2018-02-08,119.99,PLN,PL,False,True,True,False,True,False,True,0.0,20.766000000000005,0.17306442203516959,2018-02-08,True,True,,False
252490,018d937f-060f-705e-b364-8c5bba4d62f6,PL,2018-06-21 18:50:47,35.156000000000006,140.756,75.0,PLN,61,2018-02-08,119.99,PLN,PL,True,False,False,False,False,False,False,133.0,-84.83399999999999,-0.7070089174097841,2018-06-21,True,True,13.967476851851853,True
252490,018d937f-060f-705e-b364-8c5bba4d62f6,PL,2018-10-29 17:23:02,70.35600000000001,140.756,50.0,PLN,61,2018-02-08,119.99,PLN,PL,True,False,False,False,False,False,False,263.0,-49.633999999999986,-0.41365113759479943,2018-10-29,True,True,3.20193287037037,True
252490,018d937f-060f-705e-b364-8c5bba4d62f6,PL,2018-11-20 19:37:09,131.95600000000002,131.95600000000002,0.0,PLN,61,2018-02-08,119.99,PLN,PL,False,False,False,True,False,False,False,285.0,11.966000000000022,0.0997249770814237,2018-11-20,True,True,,False
252490,018d937f-060f-705e-b364-8c5bba4d62f6,PL,2018-11-21 19:28:03,65.956,131.95600000000002,50.0,PLN,61,2018-02-08,119.99,PLN,PL,True,False,False,False,False,False,False,286.0,-54.03399999999999,-0.4503208600716726,2018-11-21,True,True,5.95574074074074,True
252490,018d937f-060f-705e-b364-8c5bba4d62f6,PL,2018-12-20 18:36:17,65.956,131.95600000000002,50.0,PLN,61,2018-02-08,119.99,PLN,PL,True,False,False,False,False,False,False,315.0,-54.03399999999999,-0.4503208600716726,2018-12-20,True,True,14.005671296296295,True
252490,018d937f-060f-705e-b364-8c5bba4d62f6,PL,2019-02-04 19:05:16,65.956,131.95600000000002,50.0,PLN,61,2018-02-08,119.99,PLN,PL,True,False,False,False,False,False,False,361.0,-54.03399999999999,-0.4503208600716726,2019-02-04,True,True,7.001030092592592,True
252490,018d937f-060f-705e-b364-8c5bba4d62f6,PL,2019-06-25 19:45:33,32.956,131.95600000000002,75.0,PLN,61,2018-02-08,119.99,PLN,PL,True,False,False,False,False,False,False,502.0,-87.03399999999999,-0.7253437786482206,2019-06-25,True,True,13.93449074074074,True
252490,018d937f-060f-705e-b364-8c5bba4d62f6,PL,2019-10-28 17:59:58,88.396,131.95600000000002,33.0,PLN,61,2018-02-08,119.99,PLN,PL,True,False,False,False,False,False,False,627.0,-31.593999999999994,-0.2633052754396199,2019-10-28,True,True,3.9760416666666667,True
252490,018d937f-060f-705e-b364-8c5bba4d62f6,PL,2019-11-10 16:21:54,88.396,131.95600000000002,33.0,PLN,61,2018-02-08,119.99,PLN,PL,True,False,False,False,False,False,False,640.0,-31.593999999999994,-0.2633052754396199,2019-11-10,True,True,2.0000810185185185,True
252490,018d937f-060f-705e-b364-8c5bba4d62f6,PL,2019-11-26 18:24:25,88.396,131.95600000000002,33.0,PLN,61,2018-02-08,119.99,PLN,PL,True,False,False,False,False,False,False,656.0,-31.593999999999994,-0.2633052754396199,2019-11-26,True,True,6.999895833333333,True
252490,018d937f-060f-705e-b364-8c5bba4d62f6,PL,2019-12-16 18:21:27,88.396,131.95600000000002,33.0,PLN,61,2018-02-08,119.99,PLN,PL,True,False,False,False,False,False,False,676.0,-31.593999999999994,-0.2633052754396199,2019-12-16,True,True,17.012662037037035,True
252490,018d937f-060f-705e-b364-8c5bba4d62f6,PL,2020-01-23 18:21:56,88.396,131.95600000000002,33.0,PLN,61,2018-02-08,119.99,PLN,PL,True,False,False,False,False,False,False,714.0,-31.593999999999994,-0.2633052754396199,2020-01-23,True,True,4.003599537037037,True
252490,018d937f-060f-705e-b364-8c5bba4d62f6,PL,2020-01-31 23:35:07,149.556,149.556,0.0,PLN,61,2018-02-08,119.99,PLN,PL,False,False,False,True,False,False,False,722.0,29.566000000000017,0.24640386698891592,2020-01-31,True,True,,False
252490,018d937f-060f-705e-b364-8c5bba4d62f6,PL,2020-03-23 17:21:27,74.756,149.556,50.0,PLN,61,2018-02-08,119.99,PLN,PL,True,False,False,False,False,False,False,774.0,-45.233999999999995,-0.3769814151179265,2020-03-23,True,True,6.9999768518518515,True
252490,018d937f-060f-705e-b364-8c5bba4d62f6,PL,2020-06-25 17:52:13,74.756,149.556,50.0,PLN,61,2018-02-08,119.99,PLN,PL,True,False,False,False,False,False,False,868.0,-45.233999999999995,-0.3769814151179265,2020-06-25,True,True,13.983078703703704,True
252490,018d937f-060f-705e-b364-8c5bba4d62f6,PL,2020-10-29 17:22:55,100.188,149.556,33.0,PLN,61,2018-02-08,119.99,PLN,PL,True,False,False,False,False,False,False,994.0,-19.801999999999992,-0.1650304192016001,2020-10-29,True,True,4.044375,True
252490,018d937f-060f-705e-b364-8c5bba4d62f6,PL,2020-11-25 18:24:08,100.188,149.556,33.0,PLN,61,2018-02-08,119.99,PLN,PL,True,False,False,False,False,False,False,1021.0,-19.801999999999992,-0.1650304192016001,2020-11-25,True,True,6.000555555555556,True
252490,018d937f-060f-705e-b364-8c5bba4d62f6,PL,2020-12-22 18:57:03,100.188,149.556,33.0,PLN,61,2018-02-08,119.99,PLN,PL,True,False,False,False,False,False,False,1048.0,-19.801999999999992,-0.1650304192016001,2020-12-22,True,True,13.996377314814815,True
252490,018d937f-060f-705e-b364-8c5bba4d62f6,PL,2021-01-07 18:21:09,100.188,149.556,33.0,PLN,61,2018-02-08,119.99,PLN,PL,True,False,False,False,False,False,False,1064.0,-19.801999999999992,-0.1650304192016001,2021-01-07,True,True,4.000150462962963,True
252490,018d937f-060f-705e-b364-8c5bba4d62f6,PL,2021-02-11 18:59:40,100.188,149.556,33.0,PLN,61,2018-02-08,119.99,PLN,PL,True,False,False,False,False,False,False,1099.0,-19.801999999999992,-0.1650304192016001,2021-02-11,True,True,3.982997685185185,True
252490,018d937f-060f-705e-b364-8c5bba4d62f6,PL,2021-05-27 17:22:27,100.188,149.556,33.0,PLN,61,2018-02-08,119.99,PLN,PL,True,False,False,False,False,False,False,1204.0,-19.801999999999992,-0.1650304192016001,2021-05-27,True,True,4.001388888888889,True
252490,018d937f-060f-705e-b364-8c5bba4d62f6,PL,2021-06-28 14:27:47,74.756,149.556,50.0,PLN,61,2018-02-08,119.99,PLN,PL,True,False,False,False,False,False,False,1236.0,-45.233999999999995,-0.3769814151179265,2021-06-28,True,True,10.12337962962963,True
252490,018d937f-060f-705e-b364-8c5bba4d62f6,PL,2021-09-22 23:06:03,175.95600000000002,175.95600000000002,0.0,PLN,61,2018-02-08,119.99,PLN,PL,False,False,False,True,False,False,False,1322.0,55.96600000000002,0.4664222018501545,2021-09-22,True,True,,False
252490,018d937f-060f-705e-b364-8c5bba4d62f6,PL,2021-10-28 18:01:19,117.876,175.95600000000002,33.0,PLN,61,2018-02-08,119.99,PLN,PL,True,False,False,False,False,False,False,1358.0,-2.11399999999999,-0.01761813484457031,2021-10-28,True,True,3.9828125,True
252490,018d937f-060f-705e-b364-8c5bba4d62f6,PL,2021-11-24 19:16:15,117.876,175.95600000000002,33.0,PLN,61,2018-02-08,119.99,PLN,PL,True,False,False,False,False,False,False,1385.0,-2.11399999999999,-0.01761813484457031,2021-11-24,True,True,7.063321759259259,True
252490,018d937f-060f-705e-b364-8c5bba4d62f6,PL,2021-12-22 18:55:57,117.876,175.95600000000002,33.0,PLN,61,2018-02-08,119.99,PLN,PL,True,False,False,False,False,False,False,1413.0,-2.11399999999999,-0.01761813484457031,2021-12-22,True,True,13.987025462962963,True
252490,018d937f-060f-705e-b364-8c5bba4d62f6,PL,2022-01-27 18:14:13,117.876,175.95600000000002,33.0,PLN,61,2018-02-08,119.99,PLN,PL,True,False,False,False,False,False,False,1449.0,-2.11399999999999,-0.01761813484457031,2022-01-27,True,True,7.005451388888889,True
252490,018d937f-060f-705e-b364-8c5bba4d62f6,PL,2022-06-23 17:19:10,87.956,175.95600000000002,50.0,PLN,61,2018-02-08,119.99,PLN,PL,True,False,False,False,False,False,False,1596.0,-32.03399999999999,-0.2669722476873072,2022-06-23,True,True,14.029780092592592,True
252490,018d937f-060f-705e-b364-8c5bba4d62f6,PL,2022-08-01 17:27:02,87.956,175.95600000000002,50.0,PLN,61,2018-02-08,119.99,PLN,PL,True,False,False,False,False,False,False,1635.0,-32.03399999999999,-0.2669722476873072,2022-08-01,True,True,6.989791666666667,True
252490,018d937f-060f-705e-b364-8c5bba4d62f6,PL,2022-10-25 18:20:15,117.876,175.95600000000002,33.0,PLN,61,2018-02-08,119.99,PLN,PL,True,False,False,False,False,False,False,1720.0,-2.11399999999999,-0.01761813484457031,2022-10-25,True,True,7.958506944444444,True
252490,018d937f-060f-705e-b364-8c5bba4d62f6,PL,2022-11-22 18:56:15,117.876,175.95600000000002,33.0,PLN,61,2018-02-08,119.99,PLN,PL,True,False,False,False,False,False,False,1748.0,-2.11399999999999,-0.01761813484457031,2022-11-22,True,True,6.976608796296296,True
252490,018d937f-060f-705e-b364-8c5bba4d62f6,PL,2022-12-22 21:49:26,117.876,175.95600000000002,33.0,PLN,61,2018-02-08,119.99,PLN,PL,True,False,False,False,False,False,False,1778.0,-2.11399999999999,-0.01761813484457031,2022-12-22,True,True,13.978125,True
252490,018d937f-060f-705e-b364-8c5bba4d62f6,PL,2023-03-16 17:27:43,117.876,175.95600000000002,33.0,PLN,61,2018-02-08,119.99,PLN,PL,True,False,False,False,False,False,False,1862.0,-2.11399999999999,-0.01761813484457031,2023-03-16,True,True,7.065462962962963,True
252490,018d937f-060f-705e-b364-8c5bba4d62f6,PL,2023-05-16 17:03:10,117.876,175.95600000000002,33.0,PLN,61,2018-02-08,119.99,PLN,PL,True,False,False,False,False,False,False,1923.0,-2.11399999999999,-0.01761813484457031,2023-05-16,True,True,7.000104166666667,True
252490,018d937f-060f-705e-b364-8c5bba4d62f6,PL,2023-06-29 17:59:01,117.876,175.95600000000002,33.0,PLN,61,2018-02-08,119.99,PLN,PL,True,False,False,False,False,False,False,1967.0,-2.11399999999999,-0.01761813484457031,2023-06-29,True,True,13.997453703703703,True
252490,018d937f-060f-705e-b364-8c5bba4d62f6,PL,2023-11-21 18:31:28,117.876,175.95600000000002,33.0,PLN,61,2018-02-08,119.99,PLN,PL,True,False,False,False,False,False,False,2112.0,-2.11399999999999,-0.01761813484457031,2023-11-21,True,True,6.9880555555555555,True
252490,018d937f-060f-705e-b364-8c5bba4d62f6,PL,2023-12-14 18:03:22,87.956,175.95600000000002,50.0,PLN,61,2018-02-08,119.99,PLN,PL,True,False,False,False,False,False,False,2135.0,-32.03399999999999,-0.2669722476873072,2023-12-14,True,True,21.01818287037037,True
252490,018d937f-060f-705e-b364-8c5bba4d62f6,PL,2023-12-22 01:06:44,117.876,175.95600000000002,33.0,PLN,61,2018-02-08,119.99,PLN,PL,True,False,False,False,False,False,False,2143.0,-2.11399999999999,-0.01761813484457031,2023-12-22,True,True,,False
252490,018d937f-060f-705e-b364-8c5bba4d62f6,PL,2024-03-14 17:16:07,117.876,175.95600000000002,33.0,PLN,61,2018-02-08,119.99,PLN,PL,True,False,False,False,False,False,False,2226.0,-2.11399999999999,-0.01761813484457031,2024-03-14,True,True,7.010150462962963,True
252490,018d937f-060f-705e-b364-8c5bba4d62f6,PL,2024-04-15 17:15:40,117.876,175.95600000000002,33.0,PLN,61,2018-02-08,119.99,PLN,PL,True,False,False,False,False,False,False,2258.0,-2.11399999999999,-0.01761813484457031,2024-04-15,True,True,7.001203703703704,True
252490,018d937f-060f-705e-b364-8c5bba4d62f6,PL,2024-05-27 17:15:42,87.956,175.95600000000002,50.0,PLN,61,2018-02-08,119.99,PLN,PL,True,False,False,False,False,False,False,2300.0,-32.03399999999999,-0.2669722476873072,2024-05-27,True,True,6.999988425925926,True
252490,018d937f-060f-705e-b364-8c5bba4d62f6,PL,2024-06-27 18:05:58,111.28153846153846,166.11230769230772,33.0,PLN,61,2018-02-08,119.99,PLN,PL,True,False,False,False,False,False,False,2331.0,-8.708461538461535,-0.07257656086725173,2024-06-27,True,True,13.96761574074074,True
252490,018d937f-060f-705e-b364-8c5bba4d62f6,PL,2024-07-15 17:16:04,83.03538461538461,166.11230769230772,50.0,PLN,61,2018-02-08,119.99,PLN,PL,True,False,False,False,False,False,False,2349.0,-36.95461538461538,-0.30798079327123407,2024-07-15,True,True,7.001585648148148,True
252490,018d937f-060f-705e-b364-8c5bba4d62f6,PL,2024-10-03 17:18:37,99.65076923076923,166.11230769230772,40.0,PLN,61,2018-02-08,119.99,PLN,PL,True,False,False,False,False,False,False,2429.0,-20.339230769230767,-0.16950771538653864,2024-10-03,True,True,4.997881944444444,True
252490,018d937f-060f-705e-b364-8c5bba4d62f6,PL,2024-11-07 18:15:36,99.65076923076923,166.11230769230772,40.0,PLN,61,2018-02-08,119.99,PLN,PL,True,False,False,False,False,False,False,2464.0,-20.339230769230767,-0.16950771538653864,2024-11-07,True,True,1.9998842592592592,True
252490,018d937f-060f-705e-b364-8c5bba4d62f6,PL,2024-11-27 21:27:59,99.65076923076923,166.11230769230772,40.0,PLN,61,2018-02-08,119.99,PLN,PL,True,False,False,False,False,False,False,2484.0,-20.339230769230767,-0.16950771538653864,2024-11-27,True,True,6.868194444444445,True
252490,018d937f-060f-705e-b364-8c5bba4d62f6,PL,2024-12-09 18:18:02,83.03538461538461,166.11230769230772,50.0,PLN,61,2018-02-08,119.99,PLN,PL,True,False,False,False,False,False,False,2496.0,-36.95461538461538,-0.30798079327123407,2024-12-09,True,True,24.012013888888887,True
252490,018d937f-060f-705e-b364-8c5bba4d62f6,PL,2025-02-06 18:21:26,83.03538461538461,166.11230769230772,50.0,PLN,61,2018-02-08,119.99,PLN,PL,True,False,False,False,False,False,False,2555.0,-36.95461538461538,-0.30798079327123407,2025-02-06,True,True,1.995763888888889,True
252490,018d937f-060f-705e-b364-8c5bba4d62f6,PL,2025-03-13 19:06:54,99.65076923076923,166.11230769230772,40.0,PLN,61,2018-02-08,119.99,PLN,PL,True,False,False,False,False,False,False,2590.0,-20.339230769230767,-0.16950771538653864,2025-03-13,True,True,6.924965277777778,True
252490,018d937f-060f-705e-b364-8c5bba4d62f6,PL,2025-03-24 17:16:45,99.65076923076923,166.11230769230772,40.0,PLN,61,2018-02-08,119.99,PLN,PL,True,False,False,False,False,False,False,2601.0,-20.339230769230767,-0.16950771538653864,2025-03-24,True,True,8.001550925925926,True
252490,018d937f-060f-705e-b364-8c5bba4d62f6,PL,2025-05-01 17:19:24,83.03538461538461,166.11230769230772,50.0,PLN,61,2018-02-08,119.99,PLN,PL,True,False,False,False,False,False,False,2639.0,-36.95461538461538,-0.30798079327123407,2025-05-01,True,True,1.9971527777777778,True
252490,018d937f-060f-705e-b364-8c5bba4d62f6,PL,2025-06-26 21:30:54,100.66392156862744,167.80117647058825,40.0,PLN,61,2018-02-08,119.99,PLN,PL,True,False,False,False,False,False,False,2695.0,-19.32607843137255,-0.1610640756010714,2025-06-26,True,True,13.834861111111111,True
252490,018d937f-060f-705e-b364-8c5bba4d62f6,PL,2025-08-07 17:16:32,83.87960784313725,167.80117647058825,50.0,PLN,61,2018-02-08,119.99,PLN,PL,True,False,False,False,False,False,False,2737.0,-36.110392156862744,-0.3009450133916388,2025-08-07,True,True,7.000856481481481,True
252490,018d937f-060f-705e-b364-8c5bba4d62f6,PL,2025-09-29 19:56:53,83.87960784313725,167.80117647058825,50.0,PLN,61,2018-02-08,119.99,PLN,PL,True,False,False,False,False,False,False,2790.0,-36.110392156862744,-0.3009450133916388,2025-09-29,True,True,6.890324074074074,True
252490,018d937f-060f-705e-b364-8c5bba4d62f6,PL,2025-10-23 17:15:30,100.66392156862744,167.80117647058825,40.0,PLN,61,2018-02-08,119.99,PLN,PL,True,False,False,False,False,False,False,2814.0,-19.32607843137255,-0.1610640756010714,2025-10-23,True,True,14.002037037037036,True
252490,018d937f-060f-705e-b364-8c5bba4d62f6,TR,2018-02-08 21:07:52,1.995,1.995,0.0,USD,61,2018-02-08,18.99,USD,TR,False,True,True,False,True,False,True,0.0,-16.994999999999997,-0.8949447077409163,2018-02-08,True,True,,False
252490,018d937f-060f-705e-b364-8c5bba4d62f6,TR,2018-06-21 18:29:09,0.49875,1.995,75.0,USD,61,2018-02-08,18.99,USD,TR,True,False,False,False,False,False,False,133.0,-18.491249999999997,-0.9737361769352291,2018-06-21,True,True,13.982523148148148,True
252490,018d937f-060f-705e-b364-8c5bba4d62f6,TR,2018-10-29 17:18:23,0.9975,1.995,50.0,USD,61,2018-02-08,18.99,USD,TR,True,False,False,False,False,False,False,263.0,-17.9925,-0.9474723538704581,2018-10-29,True,True,3.002662037037037,True
252490,018d937f-060f-705e-b364-8c5bba4d62f6,TR,2018-11-21 21:37:27,0.9975,1.995,50.0,USD,61,2018-02-08,18.99,USD,TR,True,False,False,False,False,False,False,286.0,-17.9925,-0.9474723538704581,2018-11-21,True,True,5.906238425925926,True
252490,018d937f-060f-705e-b364-8c5bba4d62f6,TR,2018-12-20 18:34:01,0.9975,1.995,50.0,USD,61,2018-02-08,18.99,USD,TR,True,False,False,False,False,False,False,315.0,-17.9925,-0.9474723538704581,2018-12-20,True,True,14.012002314814815,True
252490,018d937f-060f-705e-b364-8c5bba4d62f6,TR,2019-02-04 18:34:13,0.9975,1.995,50.0,USD,61,2018-02-08,18.99,USD,TR,True,False,False,False,False,False,False,361.0,-17.9925,-0.9474723538704581,2019-02-04,True,True,7.089837962962963,True
252490,018d937f-060f-705e-b364-8c5bba4d62f6,TR,2019-06-25 19:54:37,0.49875,1.995,75.0,USD,61,2018-02-08,18.99,USD,TR,True,False,False,False,False,False,False,502.0,-18.491249999999997,-0.9737361769352291,2019-06-25,True,True,13.953125,True
252490,018d937f-060f-705e-b364-8c5bba4d62f6,TR,2019-10-28 17:30:56,1.3366500000000001,1.995,33.0,USD,61,2018-02-08,18.99,USD,TR,True,False,False,False,False,False,False,627.0,-17.65335,-0.9296129541864139,2019-10-28,True,True,3.996238425925926,True
252490,018d937f-060f-705e-b364-8c5bba4d62f6,TR,2019-11-10 16:22:13,1.3366500000000001,1.995,33.0,USD,61,2018-02-08,18.99,USD,TR,True,False,False,False,False,False,False,640.0,-17.65335,-0.9296129541864139,2019-11-10,True,True,1.9993981481481482,True
252490,018d937f-060f-705e-b364-8c5bba4d62f6,TR,2019-11-26 18:25:31,1.3366500000000001,1.995,33.0,USD,61,2018-02-08,18.99,USD,TR,True,False,False,False,False,False,False,656.0,-17.65335,-0.9296129541864139,2019-11-26,True,True,7.004548611111111,True
252490,018d937f-060f-705e-b364-8c5bba4d62f6,TR,2019-12-16 18:22:16,1.3366500000000001,1.995,33.0,USD,61,2018-02-08,18.99,USD,TR,True,False,False,False,False,False,False,676.0,-17.65335,-0.9296129541864139,2019-12-16,True,True,17.013252314814814,True
252490,018d937f-060f-705e-b364-8c5bba4d62f6,TR,2020-01-23 18:26:33,1.3366500000000001,1.995,33.0,USD,61,2018-02-08,18.99,USD,TR,True,False,False,False,False,False,False,714.0,-17.65335,-0.9296129541864139,2020-01-23,True,True,4.000868055555555,True
252490,018d937f-060f-705e-b364-8c5bba4d62f6,TR,2020-01-31 23:35:09,2.1350000000000002,2.1350000000000002,0.0,USD,61,2018-02-08,18.99,USD,TR,False,False,False,True,False,False,False,722.0,-16.854999999999997,-0.8875724065297524,2020-01-31,True,True,,False
252490,018d937f-060f-705e-b364-8c5bba4d62f6,TR,2020-03-23 17:22:04,1.0675000000000001,2.1350000000000002,50.0,USD,61,2018-02-08,18.99,USD,TR,True,False,False,False,False,False,False,774.0,-17.9225,-0.9437862032648763,2020-03-23,True,True,6.999965277777778,True
252490,018d937f-060f-705e-b364-8c5bba4d62f6,TR,2020-06-25 17:59:31,1.0675000000000001,2.1350000000000002,50.0,USD,61,2018-02-08,18.99,USD,TR,True,False,False,False,False,False,False,868.0,-17.9225,-0.9437862032648763,2020-06-25,True,True,13.97351851851852,True
252490,018d937f-060f-705e-b364-8c5bba4d62f6,TR,2020-10-29 17:22:58,1.43045,2.1350000000000002,33.0,USD,61,2018-02-08,18.99,USD,TR,True,False,False,False,False,False,False,994.0,-17.559549999999998,-0.9246735123749341,2020-10-29,True,True,4.043634259259259,True
252490,018d937f-060f-705e-b364-8c5bba4d62f6,TR,2020-11-25 18:23:18,1.43045,2.1350000000000002,33.0,USD,61,2018-02-08,18.99,USD,TR,True,False,False,False,False,False,False,1021.0,-17.559549999999998,-0.9246735123749341,2020-11-25,True,True,6.000868055555555,True
252490,018d937f-060f-705e-b364-8c5bba4d62f6,TR,2020-12-22 18:57:14,1.43045,2.1350000000000002,33.0,USD,61,2018-02-08,18.99,USD,TR,True,False,False,False,False,False,False,1048.0,-17.559549999999998,-0.9246735123749341,2020-12-22,True,True,13.997106481481481,True
252490,018d937f-060f-705e-b364-8c5bba4d62f6,TR,2021-01-07 18:21:13,1.43045,2.1350000000000002,33.0,USD,61,2018-02-08,18.99,USD,TR,True,False,False,False,False,False,False,1064.0,-17.559549999999998,-0.9246735123749341,2021-01-07,True,True,4.0,True
252490,018d937f-060f-705e-b364-8c5bba4d62f6,TR,2021-02-11 19:01:21,1.43045,2.1350000000000002,33.0,USD,61,2018-02-08,18.99,USD,TR,True,False,False,False,False,False,False,1099.0,-17.559549999999998,-0.9246735123749341,2021-02-11,True,True,3.981863425925926,True
252490,018d937f-060f-705e-b364-8c5bba4d62f6,TR,2021-03-04 17:49:10,4.445,4.445,0.0,USD,61,2018-02-08,18.99,USD,TR,False,False,False,True,False,False,False,1120.0,-14.544999999999998,-0.7659294365455502,2021-03-04,True,True,,False
252490,018d937f-060f-705e-b364-8c5bba4d62f6,TR,2021-05-27 17:22:24,2.9781500000000003,4.445,33.0,USD,61,2018-02-08,18.99,USD,TR,True,False,False,False,False,False,False,1204.0,-16.01185,-0.8431727224855187,2021-05-27,True,True,4.001493055555556,True
252490,018d937f-060f-705e-b364-8c5bba4d62f6,TR,2021-06-28 14:24:51,2.2225,4.445,50.0,USD,61,2018-02-08,18.99,USD,TR,True,False,False,False,False,False,False,1236.0,-16.7675,-0.8829647182727751,2021-06-28,True,True,10.121261574074074,True
252490,018d937f-060f-705e-b364-8c5bba4d62f6,TR,2021-09-22 23:05:56,7.280000000000001,7.280000000000001,0.0,USD,61,2018-02-08,18.99,USD,TR,False,False,False,True,False,False,False,1322.0,-11.709999999999997,-0.6166403370194838,2021-09-22,True,True,,False
252490,018d937f-060f-705e-b364-8c5bba4d62f6,TR,2021-10-28 18:18:50,4.877600000000001,7.280000000000001,33.0,USD,61,2018-02-08,18.99,USD,TR,True,False,False,False,False,False,False,1358.0,-14.112399999999997,-0.7431490258030542,2021-10-28,True,True,3.981446759259259,True
252490,018d937f-060f-705e-b364-8c5bba4d62f6,TR,2021-11-24 21:07:34,4.877600000000001,7.280000000000001,33.0,USD,61,2018-02-08,18.99,USD,TR,True,False,False,False,False,False,False,1385.0,-14.112399999999997,-0.7431490258030542,2021-11-24,True,True,6.903576388888889,True
252490,018d937f-060f-705e-b364-8c5bba4d62f6,TR,2021-12-22 18:14:07,4.877600000000001,7.280000000000001,33.0,USD,61,2018-02-08,18.99,USD,TR,True,False,False,False,False,False,False,1413.0,-14.112399999999997,-0.7431490258030542,2021-12-22,True,True,14.0096875,True
252490,018d937f-060f-705e-b364-8c5bba4d62f6,TR,2022-01-27 18:25:26,4.877600000000001,7.280000000000001,33.0,USD,61,2018-02-08,18.99,USD,TR,True,False,False,False,False,False,False,1449.0,-14.112399999999997,-0.7431490258030542,2022-01-27,True,True,7.007858796296296,True
252490,018d937f-060f-705e-b364-8c5bba4d62f6,TR,2022-05-25 18:51:09,10.780000000000001,10.780000000000001,0.0,USD,61,2018-02-08,18.99,USD,TR,False,False,False,True,False,False,False,1567.0,-8.209999999999997,-0.43233280674038954,2022-05-25,True,True,,False
252490,018d937f-060f-705e-b364-8c5bba4d62f6,TR,2022-06-23 18:03:23,5.390000000000001,10.780000000000001,50.0,USD,61,2018-02-08,18.99,USD,TR,True,False,False,False,False,False,False,1596.0,-13.599999999999998,-0.7161664033701948,2022-06-23,True,True,13.960393518518519,True
252490,018d937f-060f-705e-b364-8c5bba4d62f6,TR,2022-08-01 17:24:11,5.390000000000001,10.780000000000001,50.0,USD,61,2018-02-08,18.99,USD,TR,True,False,False,False,False,False,False,1635.0,-13.599999999999998,-0.7161664033701948,2022-08-01,True,True,7.0042939814814815,True
252490,018d937f-060f-705e-b364-8c5bba4d62f6,TR,2022-10-25 18:19:51,7.222600000000001,10.780000000000001,33.0,USD,61,2018-02-08,18.99,USD,TR,True,False,False,False,False,False,False,1720.0,-11.767399999999999,-0.619662980516061,2022-10-25,True,True,7.9586805555555555,True
252490,018d937f-060f-705e-b364-8c5bba4d62f6,TR,2022-11-22 18:36:05,7.222600000000001,10.780000000000001,33.0,USD,61,2018-02-08,18.99,USD,TR,True,False,False,False,False,False,False,1748.0,-11.767399999999999,-0.619662980516061,2022-11-22,True,True,6.999606481481481,True
252490,018d937f-060f-705e-b364-8c5bba4d62f6,TR,2022-12-22 21:47:24,7.222600000000001,10.780000000000001,33.0,USD,61,2018-02-08,18.99,USD,TR,True,False,False,False,False,False,False,1778.0,-11.767399999999999,-0.619662980516061,2022-12-22,True,True,13.985277777777778,True
252490,018d937f-060f-705e-b364-8c5bba4d62f6,TR,2023-03-16 17:27:43,7.222600000000001,10.780000000000001,33.0,USD,61,2018-02-08,18.99,USD,TR,True,False,False,False,False,False,False,1862.0,-11.767399999999999,-0.619662980516061,2023-03-16,True,True,7.06244212962963,True
252490,018d937f-060f-705e-b364-8c5bba4d62f6,TR,2023-05-16 17:09:10,7.222600000000001,10.780000000000001,33.0,USD,61,2018-02-08,18.99,USD,TR,True,False,False,False,False,False,False,1923.0,-11.767399999999999,-0.619662980516061,2023-05-16,True,True,6.997893518518518,True
252490,018d937f-060f-705e-b364-8c5bba4d62f6,TR,2023-06-29 17:39:23,7.222600000000001,10.780000000000001,33.0,USD,61,2018-02-08,18.99,USD,TR,True,False,False,False,False,False,False,1967.0,-11.767399999999999,-0.619662980516061,2023-06-29,True,True,13.979895833333334,True
252490,018d937f-060f-705e-b364-8c5bba4d62f6,TR,2023-11-21 13:54:27,40.314750000000004,40.314750000000004,0.0,USD,61,2018-02-08,18.99,USD,TR,False,False,False,True,False,False,False,2112.0,21.324750000000005,1.1229462875197478,2023-11-21,True,True,,False
252490,018d937f-060f-705e-b364-8c5bba4d62f6,TR,2023-11-21 18:35:24,26.98955,40.28815,33.0,USD,61,2018-02-08,18.99,USD,TR,True,False,False,False,False,False,False,2112.0,7.999550000000003,0.4212506582411797,2023-11-21,True,True,6.995266203703704,True
252490,018d937f-060f-705e-b364-8c5bba4d62f6,TR,2023-12-14 18:09:25,20.27095,40.55205000000001,50.0,USD,61,2018-02-08,18.99,USD,TR,True,False,False,False,False,False,False,2135.0,1.2809500000000007,0.06745392311743026,2023-12-14,True,True,21.01159722222222,True
252490,018d937f-060f-705e-b364-8c5bba4d62f6,TR,2023-12-21 18:25:28,27.342350000000003,40.81455000000001,33.0,USD,61,2018-02-08,18.99,USD,TR,True,False,False,False,False,False,False,2142.0,8.352350000000005,0.43982885729331267,2023-12-21,True,True,,False
252490,018d937f-060f-705e-b364-8c5bba4d62f6,TR,2024-01-09 17:49:46,19.88735,19.88735,0.0,USD,61,2018-02-08,18.99,USD,TR,False,False,False,True,False,False,False,2161.0,0.897350000000003,0.047253817798841746,2024-01-09,True,True,,False
252490,018d937f-060f-705e-b364-8c5bba4d62f6,TR,2024-02-11 01:02:18,18.99,18.99,0.0,USD,61,2018-02-08,18.99,USD,TR,False,True,False,False,False,False,False,2194.0,0.0,0.0,2024-02-11,False,False,,False
252490,018d937f-060f-705e-b364-8c5bba4d62f6,TR,2024-03-14 17:22:13,12.72,18.99,33.0,USD,61,2018-02-08,18.99,USD,TR,True,False,False,False,False,False,False,2226.0,-6.269999999999998,-0.33017377567140593,2024-03-14,False,False,7.005740740740741,True
252490,018d937f-060f-705e-b364-8c5bba4d62f6,TR,2024-04-15 17:21:13,12.72,18.99,33.0,USD,61,2018-02-08,18.99,USD,TR,True,False,False,False,False,False,False,2258.0,-6.269999999999998,-0.33017377567140593,2024-04-15,False,False,6.9974537037037035,True
252490,018d937f-060f-705e-b364-8c5bba4d62f6,TR,2024-05-27 17:20:10,9.49,18.99,50.0,USD,61,2018-02-08,18.99,USD,TR,True,False,False,False,False,False,False,2300.0,-9.499999999999998,-0.5002632964718272,2024-05-27,False,False,6.997488425925926,True
252490,018d937f-060f-705e-b364-8c5bba4d62f6,TR,2024-06-27 18:06:00,12.72,18.99,33.0,USD,61,2018-02-08,18.99,USD,TR,True,False,False,False,False,False,False,2331.0,-6.269999999999998,-0.33017377567140593,2024-06-27,False,False,13.967627314814814,True
252490,018d937f-060f-705e-b364-8c5bba4d62f6,TR,2024-07-15 17:16:05,9.49,18.99,50.0,USD,61,2018-02-08,18.99,USD,TR,True,False,False,False,False,False,False,2349.0,-9.499999999999998,-0.5002632964718272,2024-07-15,False,False,7.001574074074074,True
252490,018d937f-060f-705e-b364-8c5bba4d62f6,TR,2024-10-03 17:15:30,11.39,18.99,40.0,USD,61,2018-02-08,18.99,USD,TR,True,False,False,False,False,False,False,2429.0,-7.599999999999998,-0.40021063717746175,2024-10-03,False,False,5.0003125,True
252490,018d937f-060f-705e-b364-8c5bba4d62f6,TR,2024-11-07 18:18:46,11.39,18.99,40.0,USD,61,2018-02-08,18.99,USD,TR,True,False,False,False,False,False,False,2464.0,-7.599999999999998,-0.40021063717746175,2024-11-07,False,False,1.997662037037037,True
252490,018d937f-060f-705e-b364-8c5bba4d62f6,TR,2024-11-27 21:56:02,11.39,18.99,40.0,USD,61,2018-02-08,18.99,USD,TR,True,False,False,False,False,False,False,2484.0,-7.599999999999998,-0.40021063717746175,2024-11-27,False,False,6.850138888888889,True
252490,018d937f-060f-705e-b364-8c5bba4d62f6,TR,2024-12-09 18:22:16,9.49,18.99,50.0,USD,61,2018-02-08,18.99,USD,TR,True,False,False,False,False,False,False,2496.0,-9.499999999999998,-0.5002632964718272,2024-12-09,False,False,24.00693287037037,True
252490,018d937f-060f-705e-b364-8c5bba4d62f6,TR,2025-02-06 18:21:20,9.49,18.99,50.0,USD,61,2018-02-08,18.99,USD,TR,True,False,False,False,False,False,False,2555.0,-9.499999999999998,-0.5002632964718272,2025-02-06,False,False,1.9958680555555555,True
252490,018d937f-060f-705e-b364-8c5bba4d62f6,TR,2025-03-13 19:35:37,11.39,18.99,40.0,USD,61,2018-02-08,18.99,USD,TR,True,False,False,False,False,False,False,2590.0,-7.599999999999998,-0.40021063717746175,2025-03-13,False,False,6.905115740740741,True
252490,018d937f-060f-705e-b364-8c5bba4d62f6,TR,2025-03-24 17:16:39,11.39,18.99,40.0,USD,61,2018-02-08,18.99,USD,TR,True,False,False,False,False,False,False,2601.0,-7.599999999999998,-0.40021063717746175,2025-03-24,False,False,7.999212962962963,True
252490,018d937f-060f-705e-b364-8c5bba4d62f6,TR,2025-05-01 17:15:47,9.49,18.99,50.0,USD,61,2018-02-08,18.99,USD,TR,True,False,False,False,False,False,False,2639.0,-9.499999999999998,-0.5002632964718272,2025-05-01,False,False,1.9996527777777777,True
252490,018d937f-060f-705e-b364-8c5bba4d62f6,TR,2025-06-26 21:55:56,11.39,18.99,40.0,USD,61,2018-02-08,18.99,USD,TR,True,False,False,False,False,False,False,2695.0,-7.599999999999998,-0.40021063717746175,2025-06-26,False,False,13.817523148148148,True
252490,018d937f-060f-705e-b364-8c5bba4d62f6,TR,2025-08-07 17:19:20,9.49,18.99,50.0,USD,61,2018-02-08,18.99,USD,TR,True,False,False,False,False,False,False,2737.0,-9.499999999999998,-0.5002632964718272,2025-08-07,False,False,7.003055555555555,True
252490,018d937f-060f-705e-b364-8c5bba4d62f6,TR,2025-09-29 20:18:24,9.49,18.99,50.0,USD,61,2018-02-08,18.99,USD,TR,True,False,False,False,False,False,False,2790.0,-9.499999999999998,-0.5002632964718272,2025-09-29,False,False,6.875393518518519,True
252490,018d937f-060f-705e-b364-8c5bba4d62f6,TR,2025-10-23 17:15:22,11.39,18.99,40.0,USD,61,2018-02-08,18.99,USD,TR,True,False,False,False,False,False,False,2814.0,-7.599999999999998,-0.40021063717746175,2025-10-23,False,False,14.000208333333333,True
252490,018d937f-060f-705e-b364-8c5bba4d62f6,US,2018-02-08 20:51:48,34.99,34.99,0.0,USD,61,2018-02-08,39.99,USD,US,False,False,False,False,True,False,True,0.0,-5.0,-0.12503125781445357,2018-02-08,False,False,,False
252490,018d937f-060f-705e-b364-8c5bba4d62f6,US,2018-06-21 19:07:18,8.74,34.99,75.0,USD,61,2018-02-08,39.99,USD,US,True,False,False,False,False,False,False,133.0,-31.25,-0.7814453613403352,2018-06-21,False,False,13.963090277777777,True
252490,018d937f-060f-705e-b364-8c5bba4d62f6,US,2018-10-29 17:27:08,17.49,34.99,50.0,USD,61,2018-02-08,39.99,USD,US,True,False,False,False,False,False,False,263.0,-22.500000000000004,-0.5626406601650413,2018-10-29,False,False,3.025324074074074,True
252490,018d937f-060f-705e-b364-8c5bba4d62f6,US,2018-11-21 19:08:40,17.49,34.99,50.0,USD,61,2018-02-08,39.99,USD,US,True,False,False,False,False,False,False,286.0,-22.500000000000004,-0.5626406601650413,2018-11-21,False,False,6.0322453703703705,True
252490,018d937f-060f-705e-b364-8c5bba4d62f6,US,2018-12-20 18:41:19,17.49,34.99,50.0,USD,61,2018-02-08,39.99,USD,US,True,False,False,False,False,False,False,315.0,-22.500000000000004,-0.5626406601650413,2018-12-20,False,False,14.170416666666666,True
252490,018d937f-060f-705e-b364-8c5bba4d62f6,US,2019-02-04 20:55:55,17.49,34.99,50.0,USD,61,2018-02-08,39.99,USD,US,True,False,False,False,False,False,False,361.0,-22.500000000000004,-0.5626406601650413,2019-02-04,False,False,7.051793981481482,True
252490,018d937f-060f-705e-b364-8c5bba4d62f6,US,2019-06-25 20:14:32,8.74,34.99,75.0,USD,61,2018-02-08,39.99,USD,US,True,False,False,False,False,False,False,502.0,-31.25,-0.7814453613403352,2019-06-25,False,False,14.083553240740741,True
252490,018d937f-060f-705e-b364-8c5bba4d62f6,US,2019-10-28 17:25:40,23.44,34.99,33.0,USD,61,2018-02-08,39.99,USD,US,True,False,False,False,False,False,False,627.0,-16.55,-0.4138534633658415,2019-10-28,False,False,4.000104166666667,True
252490,018d937f-060f-705e-b364-8c5bba4d62f6,US,2019-11-10 16:21:18,23.44,34.99,33.0,USD,61,2018-02-08,39.99,USD,US,True,False,False,False,False,False,False,640.0,-16.55,-0.4138534633658415,2019-11-10,False,False,2.0000925925925928,True
252490,018d937f-060f-705e-b364-8c5bba4d62f6,US,2019-11-26 19:07:15,23.44,34.99,33.0,USD,61,2018-02-08,39.99,USD,US,True,False,False,False,False,False,False,656.0,-16.55,-0.4138534633658415,2019-11-26,False,False,6.971898148148148,True
252490,018d937f-060f-705e-b364-8c5bba4d62f6,US,2019-12-16 18:21:25,23.44,34.99,33.0,USD,61,2018-02-08,39.99,USD,US,True,False,False,False,False,False,False,676.0,-16.55,-0.4138534633658415,2019-12-16,False,False,17.013564814814814,True
252490,018d937f-060f-705e-b364-8c5bba4d62f6,US,2020-01-23 18:32:20,23.44,34.99,33.0,USD,61,2018-02-08,39.99,USD,US,True,False,False,False,False,False,False,714.0,-16.55,-0.4138534633658415,2020-01-23,False,False,3.998009259259259,True
252490,018d937f-060f-705e-b364-8c5bba4d62f6,US,2020-01-31 23:35:12,39.99,39.99,0.0,USD,61,2018-02-08,39.99,USD,US,False,False,False,True,False,False,False,722.0,0.0,0.0,2020-01-31,False,False,,False
252490,018d937f-060f-705e-b364-8c5bba4d62f6,US,2020-03-23 17:21:13,19.99,39.99,50.0,USD,61,2018-02-08,39.99,USD,US,True,False,False,False,False,False,False,774.0,-20.000000000000004,-0.5001250312578145,2020-03-23,False,False,7.000486111111111,True
252490,018d937f-060f-705e-b364-8c5bba4d62f6,US,2020-06-25 17:56:22,19.99,39.99,50.0,USD,61,2018-02-08,39.99,USD,US,True,False,False,False,False,False,False,868.0,-20.000000000000004,-0.5001250312578145,2020-06-25,False,False,13.983136574074074,True
252490,018d937f-060f-705e-b364-8c5bba4d62f6,US,2020-10-29 17:23:42,26.79,39.99,33.0,USD,61,2018-02-08,39.99,USD,US,True,False,False,False,False,False,False,994.0,-13.200000000000003,-0.33008252063015764,2020-10-29,False,False,4.042789351851852,True
252490,018d937f-060f-705e-b364-8c5bba4d62f6,US,2020-11-25 18:31:36,26.79,39.99,33.0,USD,61,2018-02-08,39.99,USD,US,True,False,False,False,False,False,False,1021.0,-13.200000000000003,-0.33008252063015764,2020-11-25,False,False,5.993159722222222,True
252490,018d937f-060f-705e-b364-8c5bba4d62f6,US,2020-12-22 18:58:43,26.79,39.99,33.0,USD,61,2018-02-08,39.99,USD,US,True,False,False,False,False,False,False,1048.0,-13.200000000000003,-0.33008252063015764,2020-12-22,False,False,13.996886574074074,True
252490,018d937f-060f-705e-b364-8c5bba4d62f6,US,2021-01-07 18:21:11,26.79,39.99,33.0,USD,61,2018-02-08,39.99,USD,US,True,False,False,False,False,False,False,1064.0,-13.200000000000003,-0.33008252063015764,2021-01-07,False,False,4.000092592592592,True
252490,018d937f-060f-705e-b364-8c5bba4d62f6,US,2021-02-11 18:35:53,26.79,39.99,33.0,USD,61,2018-02-08,39.99,USD,US,True,False,False,False,False,False,False,1099.0,-13.200000000000003,-0.33008252063015764,2021-02-11,False,False,3.999560185185185,True
252490,018d937f-060f-705e-b364-8c5bba4d62f6,US,2021-05-27 17:22:22,26.79,39.99,33.0,USD,61,2018-02-08,39.99,USD,US,True,False,False,False,False,False,False,1204.0,-13.200000000000003,-0.33008252063015764,2021-05-27,False,False,4.001469907407407,True
252490,018d937f-060f-705e-b364-8c5bba4d62f6,US,2021-06-28 14:24:49,19.99,39.99,50.0,USD,61,2018-02-08,39.99,USD,US,True,False,False,False,False,False,False,1236.0,-20.000000000000004,-0.5001250312578145,2021-06-28,False,False,10.152627314814815,True
252490,018d937f-060f-705e-b364-8c5bba4d62f6,US,2021-10-28 18:21:51,26.79,39.99,33.0,USD,61,2018-02-08,39.99,USD,US,True,False,False,False,False,False,False,1358.0,-13.200000000000003,-0.33008252063015764,2021-10-28,False,False,3.9810648148148147,True
252490,018d937f-060f-705e-b364-8c5bba4d62f6,US,2021-11-24 21:10:17,26.79,39.99,33.0,USD,61,2018-02-08,39.99,USD,US,True,False,False,False,False,False,False,1385.0,-13.200000000000003,-0.33008252063015764,2021-11-24,False,False,6.922696759259259,True
252490,018d937f-060f-705e-b364-8c5bba4d62f6,US,2021-12-22 21:47:20,26.79,39.99,33.0,USD,61,2018-02-08,39.99,USD,US,True,False,False,False,False,False,False,1413.0,-13.200000000000003,-0.33008252063015764,2021-12-22,False,False,13.859907407407407,True
252490,018d937f-060f-705e-b364-8c5bba4d62f6,US,2022-01-27 18:25:27,26.79,39.99,33.0,USD,61,2018-02-08,39.99,USD,US,True,False,False,False,False,False,False,1449.0,-13.200000000000003,-0.33008252063015764,2022-01-27,False,False,6.997766203703704,True
252490,018d937f-060f-705e-b364-8c5bba4d62f6,US,2022-06-23 18:11:51,19.99,39.99,50.0,USD,61,2018-02-08,39.99,USD,US,True,False,False,False,False,False,False,1596.0,-20.000000000000004,-0.5001250312578145,2022-06-23,False,False,13.967361111111112,True
252490,018d937f-060f-705e-b364-8c5bba4d62f6,US,2022-08-01 17:18:20,19.99,39.99,50.0,USD,61,2018-02-08,39.99,USD,US,True,False,False,False,False,False,False,1635.0,-20.000000000000004,-0.5001250312578145,2022-08-01,False,False,6.98957175925926,True
252490,018d937f-060f-705e-b364-8c5bba4d62f6,US,2022-10-25 18:19:55,26.79,39.99,33.0,USD,61,2018-02-08,39.99,USD,US,True,False,False,False,False,False,False,1720.0,-13.200000000000003,-0.33008252063015764,2022-10-25,False,False,7.958611111111111,True
252490,018d937f-060f-705e-b364-8c5bba4d62f6,US,2022-11-22 18:46:31,26.79,39.99,33.0,USD,61,2018-02-08,39.99,USD,US,True,False,False,False,False,False,False,1748.0,-13.200000000000003,-0.33008252063015764,2022-11-22,False,False,6.987164351851852,True
252490,018d937f-060f-705e-b364-8c5bba4d62f6,US,2022-12-22 22:01:14,26.79,39.99,33.0,USD,61,2018-02-08,39.99,USD,US,True,False,False,False,False,False,False,1778.0,-13.200000000000003,-0.33008252063015764,2022-12-22,False,False,13.862280092592593,True
252490,018d937f-060f-705e-b364-8c5bba4d62f6,US,2023-03-16 17:27:43,26.79,39.99,33.0,USD,61,2018-02-08,39.99,USD,US,True,False,False,False,False,False,False,1862.0,-13.200000000000003,-0.33008252063015764,2023-03-16,False,False,7.031261574074074,True
252490,018d937f-060f-705e-b364-8c5bba4d62f6,US,2023-05-16 17:03:16,26.79,39.99,33.0,USD,61,2018-02-08,39.99,USD,US,True,False,False,False,False,False,False,1923.0,-13.200000000000003,-0.33008252063015764,2023-05-16,False,False,7.008298611111111,True
252490,018d937f-060f-705e-b364-8c5bba4d62f6,US,2023-06-29 22:15:12,26.79,39.99,33.0,USD,61,2018-02-08,39.99,USD,US,True,False,False,False,False,False,False,1967.0,-13.200000000000003,-0.33008252063015764,2023-06-29,False,False,13.792708333333334,True
252490,018d937f-060f-705e-b364-8c5bba4d62f6,US,2023-11-21 18:40:51,26.79,39.99,33.0,USD,61,2018-02-08,39.99,USD,US,True,False,False,False,False,False,False,2112.0,-13.200000000000003,-0.33008252063015764,2023-11-21,False,False,6.989328703703704,True
252490,018d937f-060f-705e-b364-8c5bba4d62f6,US,2023-12-14 18:03:23,19.99,39.99,50.0,USD,61,2018-02-08,39.99,USD,US,True,False,False,False,False,False,False,2135.0,-20.000000000000004,-0.5001250312578145,2023-12-14,False,False,21.017858796296295,True
252490,018d937f-060f-705e-b364-8c5bba4d62f6,US,2023-12-21 18:20:28,26.79,39.99,33.0,USD,61,2018-02-08,39.99,USD,US,True,False,False,False,False,False,False,2142.0,-13.200000000000003,-0.33008252063015764,2023-12-21,False,False,,False
252490,018d937f-060f-705e-b364-8c5bba4d62f6,US,2024-03-14 17:22:16,26.79,39.99,33.0,USD,61,2018-02-08,39.99,USD,US,True,False,False,False,False,False,False,2226.0,-13.200000000000003,-0.33008252063015764,2024-03-14,False,False,7.005833333333333,True
252490,018d937f-060f-705e-b364-8c5bba4d62f6,US,2024-04-15 17:18:11,26.79,39.99,33.0,USD,61,2018-02-08,39.99,USD,US,True,False,False,False,False,False,False,2258.0,-13.200000000000003,-0.33008252063015764,2024-04-15,False,False,6.999212962962963,True
252490,018d937f-060f-705e-b364-8c5bba4d62f6,US,2024-05-27 17:16:34,19.99,39.99,50.0,USD,61,2018-02-08,39.99,USD,US,True,False,False,False,False,False,False,2300.0,-20.000000000000004,-0.5001250312578145,2024-05-27,False,False,7.000219907407407,True
252490,018d937f-060f-705e-b364-8c5bba4d62f6,US,2024-06-27 18:05:52,26.79,39.99,33.0,USD,61,2018-02-08,39.99,USD,US,True,False,False,False,False,False,False,2331.0,-13.200000000000003,-0.33008252063015764,2024-06-27,False,False,13.96769675925926,True
252490,018d937f-060f-705e-b364-8c5bba4d62f6,US,2024-07-15 17:16:05,19.99,39.99,50.0,USD,61,2018-02-08,39.99,USD,US,True,False,False,False,False,False,False,2349.0,-20.000000000000004,-0.5001250312578145,2024-07-15,False,False,7.000462962962963,True
252490,018d937f-060f-705e-b364-8c5bba4d62f6,US,2024-10-03 17:15:46,23.99,39.99,40.0,USD,61,2018-02-08,39.99,USD,US,True,False,False,False,False,False,False,2429.0,-16.000000000000004,-0.40010002500625164,2024-10-03,False,False,5.000150462962963,True
252490,018d937f-060f-705e-b364-8c5bba4d62f6,US,2024-11-07 18:15:32,23.99,39.99,40.0,USD,61,2018-02-08,39.99,USD,US,True,False,False,False,False,False,False,2464.0,-16.000000000000004,-0.40010002500625164,2024-11-07,False,False,2.0018171296296297,True
252490,018d937f-060f-705e-b364-8c5bba4d62f6,US,2024-11-27 21:28:01,23.99,39.99,40.0,USD,61,2018-02-08,39.99,USD,US,True,False,False,False,False,False,False,2484.0,-16.000000000000004,-0.40010002500625164,2024-11-27,False,False,6.868171296296296,True
252490,018d937f-060f-705e-b364-8c5bba4d62f6,US,2024-12-09 18:18:02,19.99,39.99,50.0,USD,61,2018-02-08,39.99,USD,US,True,False,False,False,False,False,False,2496.0,-20.000000000000004,-0.5001250312578145,2024-12-09,False,False,24.009988425925926,True
252490,018d937f-060f-705e-b364-8c5bba4d62f6,US,2025-02-06 18:21:33,19.99,39.99,50.0,USD,61,2018-02-08,39.99,USD,US,True,False,False,False,False,False,False,2555.0,-20.000000000000004,-0.5001250312578145,2025-02-06,False,False,1.9956597222222223,True
252490,018d937f-060f-705e-b364-8c5bba4d62f6,US,2025-03-13 19:17:39,23.99,39.99,40.0,USD,61,2018-02-08,39.99,USD,US,True,False,False,False,False,False,False,2590.0,-16.000000000000004,-0.40010002500625164,2025-03-13,False,False,6.917476851851852,True
252490,018d937f-060f-705e-b364-8c5bba4d62f6,US,2025-03-24 17:15:42,23.99,39.99,40.0,USD,61,2018-02-08,39.99,USD,US,True,False,False,False,False,False,False,2601.0,-16.000000000000004,-0.40010002500625164,2025-03-24,False,False,7.999918981481481,True
252490,018d937f-060f-705e-b364-8c5bba4d62f6,US,2025-05-01 17:15:30,19.99,39.99,50.0,USD,61,2018-02-08,39.99,USD,US,True,False,False,False,False,False,False,2639.0,-20.000000000000004,-0.5001250312578145,2025-05-01,False,False,1.999826388888889,True
252490,018d937f-060f-705e-b364-8c5bba4d62f6,US,2025-06-26 21:30:39,23.99,39.99,40.0,USD,61,2018-02-08,39.99,USD,US,True,False,False,False,False,False,False,2695.0,-16.000000000000004,-0.40010002500625164,2025-06-26,False,False,13.83511574074074,True
252490,018d937f-060f-705e-b364-8c5bba4d62f6,US,2025-08-07 17:16:33,19.99,39.99,50.0,USD,61,2018-02-08,39.99,USD,US,True,False,False,False,False,False,False,2737.0,-20.000000000000004,-0.5001250312578145,2025-08-07,False,False,7.004988425925926,True
252490,018d937f-060f-705e-b364-8c5bba4d62f6,US,2025-09-29 20:18:14,19.99,39.99,50.0,USD,61,2018-02-08,39.99,USD,US,True,False,False,False,False,False,False,2790.0,-20.000000000000004,-0.5001250312578145,2025-09-29,False,False,6.8755092592592595,True
252490,018d937f-060f-705e-b364-8c5bba4d62f6,US,2025-10-23 17:19:11,23.99,39.99,40.0,USD,61,2018-02-08,39.99,USD,US,True,False,False,False,False,False,False,2814.0,-16.000000000000004,-0.40010002500625164,2025-10-23,False,False,13.99744212962963,True
2651280,018d937f-7871-736b-991b-3dc2794ac099,AR,2025-01-30 16:18:19,59.99,59.99,0.0,USD,61,2025-01-30,49.99,USD,AR,False,False,False,False,True,False,False,0.0,10.0,0.20004000800160027,2025-01-30,False,False,,False
2651280,018d937f-7871-736b-991b-3dc2794ac099,AR,2025-06-26 22:38:35,47.99,59.99,20.0,USD,61,2025-01-30,49.99,USD,AR,True,False,False,False,False,False,False,147.0,-2.0,-0.04000800160032003,2025-06-26,False,False,13.816412037037036,True
2651280,018d937f-7871-736b-991b-3dc2794ac099,AR,2025-09-25 17:19:03,47.99,59.99,20.0,USD,61,2025-01-30,49.99,USD,AR,True,False,False,False,False,False,False,238.0,-2.0,-0.04000800160032003,2025-09-25,False,False,11.046458333333334,True
2651280,018d937f-7871-736b-991b-3dc2794ac099,AU,2025-01-30 16:18:22,94.95,94.95,0.0,AUD,61,2025-01-30,94.95,AUD,AU,False,False,False,False,True,False,False,0.0,0.0,0.0,2025-01-30,False,False,,False
2651280,018d937f-7871-736b-991b-3dc2794ac099,AU,2025-06-26 22:36:48,75.96,94.95,20.0,AUD,61,2025-01-30,94.95,AUD,AU,True,False,False,False,False,False,False,147.0,-18.99000000000001,-0.20000000000000007,2025-06-26,False,False,13.815266203703704,True
2651280,018d937f-7871-736b-991b-3dc2794ac099,AU,2025-09-25 17:18:46,75.96,94.95,20.0,AUD,61,2025-01-30,94.95,AUD,AU,True,False,False,False,False,False,False,238.0,-18.99000000000001,-0.20000000000000007,2025-09-25,False,False,11.046840277777777,True
2651280,018d937f-7871-736b-991b-3dc2794ac099,BR,2025-01-30 16:18:23,249.9,249.9,0.0,BRL,61,2025-01-30,249.9,BRL,BR,False,False,False,False,True,False,False,0.0,0.0,0.0,2025-01-30,False,False,,False
2651280,018d937f-7871-736b-991b-3dc2794ac099,BR,2025-06-26 22:37:03,199.92,249.9,20.0,BRL,61,2025-01-30,249.9,BRL,BR,True,False,False,False,False,False,False,147.0,-49.98000000000002,-0.20000000000000007,2025-06-26,False,False,13.815324074074073,True
2651280,018d937f-7871-736b-991b-3dc2794ac099,BR,2025-09-25 17:18:45,199.92,249.9,20.0,BRL,61,2025-01-30,249.9,BRL,BR,True,False,False,False,False,False,False,238.0,-49.98000000000002,-0.20000000000000007,2025-09-25,False,False,11.048865740740741,True
2651280,018d937f-7871-736b-991b-3dc2794ac099,CA,2025-01-30 16:18:21,79.99,79.99,0.0,CAD,61,2025-01-30,79.99,CAD,CA,False,False,False,False,True,False,False,0.0,0.0,0.0,2025-01-30,False,False,,False
2651280,018d937f-7871-736b-991b-3dc2794ac099,CA,2025-06-26 22:34:48,63.99,79.99,20.0,CAD,61,2025-01-30,79.99,CAD,CA,True,False,False,False,False,False,False,147.0,-15.999999999999993,-0.20002500312539062,2025-06-26,False,False,13.818981481481481,True
2651280,018d937f-7871-736b-991b-3dc2794ac099,CA,2025-09-25 17:18:44,63.99,79.99,20.0,CAD,61,2025-01-30,79.99,CAD,CA,True,False,False,False,False,False,False,238.0,-15.999999999999993,-0.20002500312539062,2025-09-25,False,False,11.04494212962963,True
2651280,018d937f-7871-736b-991b-3dc2794ac099,CN,2025-01-30 16:18:17,398.0,398.0,0.0,CNY,61,2025-01-30,398.0,CNY,CN,False,False,False,False,True,False,False,0.0,0.0,0.0,2025-01-30,False,False,,False
2651280,018d937f-7871-736b-991b-3dc2794ac099,CN,2025-06-26 22:35:44,318.4,398.0,20.0,CNY,61,2025-01-30,398.0,CNY,CN,True,False,False,False,False,False,False,147.0,-79.60000000000002,-0.20000000000000007,2025-06-26,False,False,13.814328703703703,True
2651280,018d937f-7871-736b-991b-3dc2794ac099,CN,2025-09-25 17:19:22,318.4,398.0,20.0,CNY,61,2025-01-30,398.0,CNY,CN,True,False,False,False,False,False,False,238.0,-79.60000000000002,-0.20000000000000007,2025-09-25,False,False,11.040625,True
2651280,018d937f-7871-736b-991b-3dc2794ac099,DE,2025-01-30 16:18:24,59.99,59.99,0.0,EUR,61,2025-01-30,59.99,EUR,DE,False,False,False,False,True,False,False,0.0,0.0,0.0,2025-01-30,False,False,,False
2651280,018d937f-7871-736b-991b-3dc2794ac099,DE,2025-06-26 22:38:01,47.99,59.99,20.0,EUR,61,2025-01-30,59.99,EUR,DE,True,False,False,False,False,False,False,147.0,-12.0,-0.200033338889815,2025-06-26,False,False,13.814733796296297,True
2651280,018d937f-7871-736b-991b-3dc2794ac099,DE,2025-09-25 17:18:58,47.99,59.99,20.0,EUR,61,2025-01-30,59.99,EUR,DE,True,False,False,False,False,False,False,238.0,-12.0,-0.200033338889815,2025-09-25,False,False,11.044629629629629,True
2651280,018d937f-7871-736b-991b-3dc2794ac099,FR,2025-01-30 16:18:24,59.99,59.99,0.0,EUR,61,2025-01-30,59.99,EUR,FR,False,False,False,False,True,False,False,0.0,0.0,0.0,2025-01-30,False,False,,False
2651280,018d937f-7871-736b-991b-3dc2794ac099,FR,2025-06-26 22:38:01,47.99,59.99,20.0,EUR,61,2025-01-30,59.99,EUR,FR,True,False,False,False,False,False,False,147.0,-12.0,-0.200033338889815,2025-06-26,False,False,13.814733796296297,True
2651280,018d937f-7871-736b-991b-3dc2794ac099,FR,2025-09-25 17:18:58,47.99,59.99,20.0,EUR,61,2025-01-30,59.99,EUR,FR,True,False,False,False,False,False,False,238.0,-12.0,-0.200033338889815,2025-09-25,False,False,11.044629629629629,True
2651280,018d937f-7871-736b-991b-3dc2794ac099,GB,2025-01-30 16:18:13,49.99,49.99,0.0,GBP,61,2025-01-30,49.99,GBP,GB,False,False,False,False,True,False,False,0.0,0.0,0.0,2025-01-30,False,False,,False
2651280,018d937f-7871-736b-991b-3dc2794ac099,GB,2025-06-26 22:37:58,39.99,49.99,20.0,GBP,61,2025-01-30,49.99,GBP,GB,True,False,False,False,False,False,False,147.0,-10.0,-0.20004000800160027,2025-06-26,False,False,13.814502314814815,True
2651280,018d937f-7871-736b-991b-3dc2794ac099,GB,2025-09-25 17:19:08,39.99,49.99,20.0,GBP,61,2025-01-30,49.99,GBP,GB,True,False,False,False,False,False,False,238.0,-10.0,-0.20004000800160027,2025-09-25,False,False,11.040844907407408,True
2651280,018d937f-7871-736b-991b-3dc2794ac099,JP,2025-01-30 16:18:13,7590.0,7590.0,0.0,JPY,61,2025-01-30,7590.0,JPY,JP,False,False,False,False,True,False,False,0.0,0.0,0.0,2025-01-30,False,False,,False
2651280,018d937f-7871-736b-991b-3dc2794ac099,JP,2025-06-26 23:20:27,6072.0,7590.0,20.0,JPY,61,2025-01-30,7590.0,JPY,JP,True,False,False,False,False,False,False,147.0,-1518.0,-0.19999999999999996,2025-06-26,False,False,13.807430555555555,True
2651280,018d937f-7871-736b-991b-3dc2794ac099,JP,2025-09-25 17:19:34,6072.0,7590.0,20.0,JPY,61,2025-01-30,7590.0,JPY,JP,True,False,False,False,False,False,False,238.0,-1518.0,-0.19999999999999996,2025-09-25,False,False,11.056631944444444,True
2651280,018d937f-7871-736b-991b-3dc2794ac099,PL,2025-01-30 16:18:24,249.1892307692308,249.1892307692308,0.0,PLN,61,2025-01-30,259.0,PLN,PL,False,True,True,False,True,False,False,0.0,-9.81076923076921,-0.03787941787941784,2025-01-30,True,True,,False
2651280,018d937f-7871-736b-991b-3dc2794ac099,PL,2025-06-26 22:38:01,201.36980392156863,251.72274509803924,20.0,PLN,61,2025-01-30,259.0,PLN,PL,True,False,False,False,False,False,False,147.0,-57.63019607843137,-0.22251040956923307,2025-06-26,True,True,13.814733796296297,True
2651280,018d937f-7871-736b-991b-3dc2794ac099,PL,2025-09-25 17:18:58,201.36980392156863,251.72274509803924,20.0,PLN,61,2025-01-30,259.0,PLN,PL,True,False,False,False,False,False,False,238.0,-57.63019607843137,-0.22251040956923307,2025-09-25,True,True,11.044629629629629,True
2651280,018d937f-7871-736b-991b-3dc2794ac099,TR,2025-01-30 16:18:29,59.99,59.99,0.0,USD,61,2025-01-30,59.99,USD,TR,False,False,False,False,True,False,False,0.0,0.0,0.0,2025-01-30,False,False,,False
2651280,018d937f-7871-736b-991b-3dc2794ac099,TR,2025-06-26 22:48:53,47.99,59.99,20.0,USD,61,2025-01-30,59.99,USD,TR,True,False,False,False,False,False,False,147.0,-12.0,-0.200033338889815,2025-06-26,False,False,13.80712962962963,True
2651280,018d937f-7871-736b-991b-3dc2794ac099,TR,2025-09-25 17:19:00,47.99,59.99,20.0,USD,61,2025-01-30,59.99,USD,TR,True,False,False,False,False,False,False,238.0,-12.0,-0.200033338889815,2025-09-25,False,False,11.044652777777777,True
2651280,018d937f-7871-736b-991b-3dc2794ac099,US,2025-01-30 16:18:19,59.99,59.99,0.0,USD,61,2025-01-30,59.99,USD,US,False,False,False,False,True,False,False,0.0,0.0,0.0,2025-01-30,False,False,,False
2651280,018d937f-7871-736b-991b-3dc2794ac099,US,2025-06-26 22:38:35,47.99,59.99,20.0,USD,61,2025-01-30,59.99,USD,US,True,False,False,False,False,False,False,147.0,-12.0,-0.200033338889815,2025-06-26,False,False,13.816412037037036,True
2651280,018d937f-7871-736b-991b-3dc2794ac099,US,2025-09-25 17:19:03,47.99,59.99,20.0,USD,61,2025-01-30,59.99,USD,US,True,False,False,False,False,False,False,238.0,-12.0,-0.200033338889815,2025-09-25,False,False,11.046458333333334,True
275850,018d937f-15f9-7056-8edf-2e8fa4b8f357,AR,2016-11-23 18:16:30,35.99,59.99,40.0,USD,61,2016-08-12,26.99,USD,AR,True,False,False,False,False,False,False,103.0,9.000000000000004,0.3334568358651353,2016-11-23,False,False,7.999618055555556,True
275850,018d937f-15f9-7056-8edf-2e8fa4b8f357,AR,2016-12-22 19:46:12,35.99,59.99,40.0,USD,61,2016-08-12,26.99,USD,AR,True,False,False,False,False,False,False,132.0,9.000000000000004,0.3334568358651353,2016-12-22,False,False,10.979224537037037,True
275850,018d937f-15f9-7056-8edf-2e8fa4b8f357,AR,2017-03-09 18:15:36,35.99,59.99,40.0,USD,61,2016-08-12,26.99,USD,AR,True,False,False,False,False,False,False,209.0,9.000000000000004,0.3334568358651353,2017-03-09,False,False,3.9585648148148147,True
275850,018d937f-15f9-7056-8edf-2e8fa4b8f357,AR,2017-06-22 18:45:43,23.99,59.99,60.0,USD,61,2016-08-12,26.99,USD,AR,True,False,False,False,False,False,False,314.0,-3.0,-0.11115227862171173,2017-06-22,False,False,12.958680555555556,True
275850,018d937f-15f9-7056-8edf-2e8fa4b8f357,AR,2017-08-11 18:15:53,23.99,59.99,60.0,USD,61,2016-08-12,26.99,USD,AR,True,False,False,False,False,False,False,364.0,-3.0,-0.11115227862171173,2017-08-11,False,False,4.999918981481481,True
275850,018d937f-15f9-7056-8edf-2e8fa4b8f357,AR,2017-10-30 11:45:29,23.99,59.99,60.0,USD,61,2016-08-12,26.99,USD,AR,True,False,False,False,False,False,False,444.0,-3.0,-0.11115227862171173,2017-10-30,False,False,2.250474537037037,True
275850,018d937f-15f9-7056-8edf-2e8fa4b8f357,AR,2017-11-22 19:45:33,23.99,59.99,60.0,USD,61,2016-08-12,26.99,USD,AR,True,False,False,False,False,False,False,467.0,-3.0,-0.11115227862171173,2017-11-22,False,False,5.9587615740740745,True
275850,018d937f-15f9-7056-8edf-2e8fa4b8f357,AR,2017-12-21 19:15:42,23.99,59.99,60.0,USD,61,2016-08-12,26.99,USD,AR,True,False,False,False,False,False,False,496.0,-3.0,-0.11115227862171173,2017-12-21,False,False,13.958668981481482,True
275850,018d937f-15f9-7056-8edf-2e8fa4b8f357,AR,2018-02-16 09:49:46,23.99,59.99,60.0,USD,61,2016-08-12,26.99,USD,AR,True,False,False,False,False,False,False,553.0,-3.0,-0.11115227862171173,2018-02-16,False,False,3.375115740740741,True
275850,018d937f-15f9-7056-8edf-2e8fa4b8f357,AR,2018-06-21 20:32:49,29.99,59.99,50.0,USD,61,2016-08-12,26.99,USD,AR,True,False,False,False,False,False,False,678.0,3.0,0.11115227862171184,2018-06-21,False,False,14.002268518518518,True
275850,018d937f-15f9-7056-8edf-2e8fa4b8f357,AR,2018-07-24 17:27:10,29.99,59.99,50.0,USD,61,2016-08-12,26.99,USD,AR,True,False,False,False,False,False,False,711.0,3.0,0.11115227862171184,2018-07-24,False,False,12.996944444444445,True
275850,018d937f-15f9-7056-8edf-2e8fa4b8f357,AR,2018-10-29 17:46:22,29.99,59.99,50.0,USD,61,2016-08-12,26.99,USD,AR,True,False,False,False,False,False,False,808.0,3.0,0.11115227862171184,2018-10-29,False,False,3.1255324074074076,True
275850,018d937f-15f9-7056-8edf-2e8fa4b8f357,AR,2018-11-21 22:14:53,29.99,59.99,50.0,USD,61,2016-08-12,26.99,USD,AR,True,False,False,False,False,False,False,831.0,3.0,0.11115227862171184,2018-11-21,False,False,5.88318287037037,True
275850,018d937f-15f9-7056-8edf-2e8fa4b8f357,AR,2018-12-06 18:18:54,29.99,59.99,50.0,USD,61,2016-08-12,26.99,USD,AR,True,False,False,False,False,False,False,846.0,3.0,0.11115227862171184,2018-12-06,False,False,2.0375925925925924,True
275850,018d937f-15f9-7056-8edf-2e8fa4b8f357,AR,2018-12-13 22:42:57,29.99,59.99,50.0,USD,61,2016-08-12,26.99,USD,AR,True,False,False,False,False,False,False,853.0,3.0,0.11115227862171184,2018-12-13,False,False,3.8536689814814813,True
275850,018d937f-15f9-7056-8edf-2e8fa4b8f357,AR,2018-12-20 20:55:27,29.99,59.99,50.0,USD,61,2016-08-12,26.99,USD,AR,True,False,False,False,False,False,False,860.0,3.0,0.11115227862171184,2018-12-20,False,False,13.911944444444444,True
275850,018d937f-15f9-7056-8edf-2e8fa4b8f357,AR,2019-02-04 20:54:39,29.99,59.99,50.0,USD,61,2016-08-12,26.99,USD,AR,True,False,False,False,False,False,False,906.0,3.0,0.11115227862171184,2019-02-04,False,False,7.088090277777778,True
275850,018d937f-15f9-7056-8edf-2e8fa4b8f357,AR,2019-03-25 18:35:51,29.99,59.99,50.0,USD,61,2016-08-12,26.99,USD,AR,True,False,False,False,False,False,False,955.0,3.0,0.11115227862171184,2019-03-25,False,False,6.968009259259259,True
275850,018d937f-15f9-7056-8edf-2e8fa4b8f357,AR,2019-05-16 17:53:18,29.99,59.99,50.0,USD,61,2016-08-12,26.99,USD,AR,True,False,False,False,False,False,False,1007.0,3.0,0.11115227862171184,2019-05-16,False,False,3.9863310185185186,True
275850,018d937f-15f9-7056-8edf-2e8fa4b8f357,AR,2019-06-26 02:42:59,29.99,59.99,50.0,USD,61,2016-08-12,26.99,USD,AR,True,False,False,False,False,False,False,1048.0,3.0,0.11115227862171184,2019-06-26,False,False,13.751388888888888,True
275850,018d937f-15f9-7056-8edf-2e8fa4b8f357,AR,2019-07-18 17:04:50,35.99,59.99,40.0,USD,61,2016-08-12,26.99,USD,AR,True,False,False,False,False,False,False,1070.0,9.000000000000004,0.3334568358651353,2019-07-18,False,False,4.129143518518519,True
275850,018d937f-15f9-7056-8edf-2e8fa4b8f357,AR,2019-08-07 17:14:52,29.99,59.99,50.0,USD,61,2016-08-12,26.99,USD,AR,True,False,False,False,False,False,False,1090.0,3.0,0.11115227862171184,2019-08-07,False,False,19.032233796296296,True
275850,018d937f-15f9-7056-8edf-2e8fa4b8f357,AR,2019-10-07 17:21:23,29.99,59.99,50.0,USD,61,2016-08-12,26.99,USD,AR,True,False,False,False,False,False,False,1151.0,3.0,0.11115227862171184,2019-10-07,False,False,7.000034722222222,True
275850,018d937f-15f9-7056-8edf-2e8fa4b8f357,AR,2019-10-28 17:28:41,29.99,59.99,50.0,USD,61,2016-08-12,26.99,USD,AR,True,False,False,False,False,False,False,1172.0,3.0,0.11115227862171184,2019-10-28,False,False,3.9991435185185185,True
275850,018d937f-15f9-7056-8edf-2e8fa4b8f357,AR,2019-11-26 18:12:17,29.99,59.99,50.0,USD,61,2016-08-12,26.99,USD,AR,True,False,False,False,False,False,False,1201.0,3.0,0.11115227862171184,2019-11-26,False,False,7.014236111111111,True
275850,018d937f-15f9-7056-8edf-2e8fa4b8f357,AR,2019-12-12 18:21:31,29.99,59.99,50.0,USD,61,2016-08-12,26.99,USD,AR,True,False,False,False,False,False,False,1217.0,3.0,0.11115227862171184,2019-12-12,False,False,1.999826388888889,True
275850,018d937f-15f9-7056-8edf-2e8fa4b8f357,AR,2019-12-19 18:10:15,29.99,59.99,50.0,USD,61,2016-08-12,26.99,USD,AR,True,False,False,False,False,False,False,1224.0,3.0,0.11115227862171184,2019-12-19,False,False,14.019270833333334,True
275850,018d937f-15f9-7056-8edf-2e8fa4b8f357,AR,2020-01-23 18:27:04,29.99,59.99,50.0,USD,61,2016-08-12,26.99,USD,AR,True,False,False,False,False,False,False,1259.0,3.0,0.11115227862171184,2020-01-23,False,False,3.9965046296296296,True
275850,018d937f-15f9-7056-8edf-2e8fa4b8f357,AR,2020-02-17 18:21:59,29.99,59.99,50.0,USD,61,2016-08-12,26.99,USD,AR,True,False,False,False,False,False,False,1284.0,3.0,0.11115227862171184,2020-02-17,False,False,6.999722222222222,True
275850,018d937f-15f9-7056-8edf-2e8fa4b8f357,AR,2020-04-01 17:21:17,29.99,59.99,50.0,USD,61,2016-08-12,26.99,USD,AR,True,False,False,False,False,False,False,1328.0,3.0,0.11115227862171184,2020-04-01,False,False,12.000277777777777,True
275850,018d937f-15f9-7056-8edf-2e8fa4b8f357,AR,2020-05-25 17:21:21,29.99,59.99,50.0,USD,61,2016-08-12,26.99,USD,AR,True,False,False,False,False,False,False,1382.0,3.0,0.11115227862171184,2020-05-25,False,False,6.999907407407408,True
275850,018d937f-15f9-7056-8edf-2e8fa4b8f357,AR,2020-06-25 18:27:30,29.99,59.99,50.0,USD,61,2016-08-12,26.99,USD,AR,True,False,False,False,False,False,False,1413.0,3.0,0.11115227862171184,2020-06-25,False,False,13.962581018518518,True
275850,018d937f-15f9-7056-8edf-2e8fa4b8f357,AR,2020-07-13 17:21:19,29.99,59.99,50.0,USD,61,2016-08-12,26.99,USD,AR,True,False,False,False,False,False,False,1431.0,3.0,0.11115227862171184,2020-07-13,False,False,7.00056712962963,True
275850,018d937f-15f9-7056-8edf-2e8fa4b8f357,AR,2020-09-21 17:21:33,29.99,59.99,50.0,USD,61,2016-08-12,26.99,USD,AR,True,False,False,False,False,False,False,1501.0,3.0,0.11115227862171184,2020-09-21,False,False,14.000300925925925,True
275850,018d937f-15f9-7056-8edf-2e8fa4b8f357,AR,2020-10-29 17:07:17,29.99,59.99,50.0,USD,61,2016-08-12,26.99,USD,AR,True,False,False,False,False,False,False,1539.0,3.0,0.11115227862171184,2020-10-29,False,False,4.055324074074074,True
275850,018d937f-15f9-7056-8edf-2e8fa4b8f357,AR,2020-11-12 18:21:28,29.99,59.99,50.0,USD,61,2016-08-12,26.99,USD,AR,True,False,False,False,False,False,False,1553.0,3.0,0.11115227862171184,2020-11-12,False,False,3.9998032407407407,True
275850,018d937f-15f9-7056-8edf-2e8fa4b8f357,AR,2020-11-25 18:28:38,29.99,59.99,50.0,USD,61,2016-08-12,26.99,USD,AR,True,False,False,False,False,False,False,1566.0,3.0,0.11115227862171184,2020-11-25,False,False,5.995625,True
275850,018d937f-15f9-7056-8edf-2e8fa4b8f357,AR,2020-12-09 18:07:17,29.99,59.99,50.0,USD,61,2016-08-12,26.99,USD,AR,True,False,False,False,False,False,False,1580.0,3.0,0.11115227862171184,2020-12-09,False,False,5.019490740740741,True
275850,018d937f-15f9-7056-8edf-2e8fa4b8f357,AR,2020-12-22 18:34:53,29.99,59.99,50.0,USD,61,2016-08-12,26.99,USD,AR,True,False,False,False,False,False,False,1593.0,3.0,0.11115227862171184,2020-12-22,False,False,14.010648148148148,True
275850,018d937f-15f9-7056-8edf-2e8fa4b8f357,AR,2021-02-11 19:01:53,29.99,59.99,50.0,USD,61,2016-08-12,26.99,USD,AR,True,False,False,False,False,False,False,1644.0,3.0,0.11115227862171184,2021-02-11,False,False,10.971770833333334,True
275850,018d937f-15f9-7056-8edf-2e8fa4b8f357,AR,2021-03-25 17:19:14,29.99,59.99,50.0,USD,61,2016-08-12,26.99,USD,AR,True,False,False,False,False,False,False,1686.0,3.0,0.11115227862171184,2021-03-25,False,False,11.999548611111111,True
275850,018d937f-15f9-7056-8edf-2e8fa4b8f357,AR,2021-05-27 17:22:26,29.99,59.99,50.0,USD,61,2016-08-12,26.99,USD,AR,True,False,False,False,False,False,False,1749.0,3.0,0.11115227862171184,2021-05-27,False,False,11.000752314814815,True
275850,018d937f-15f9-7056-8edf-2e8fa4b8f357,AR,2021-06-28 14:27:37,29.99,59.99,50.0,USD,61,2016-08-12,26.99,USD,AR,True,False,False,False,False,False,False,1781.0,3.0,0.11115227862171184,2021-06-28,False,False,10.150925925925925,True
275850,018d937f-15f9-7056-8edf-2e8fa4b8f357,AR,2021-07-12 17:12:14,29.99,59.99,50.0,USD,61,2016-08-12,26.99,USD,AR,True,False,False,False,False,False,False,1795.0,3.0,0.11115227862171184,2021-07-12,False,False,7.001724537037037,True
275850,018d937f-15f9-7056-8edf-2e8fa4b8f357,AR,2021-08-30 17:21:37,29.99,59.99,50.0,USD,61,2016-08-12,26.99,USD,AR,True,False,False,False,False,False,False,1844.0,3.0,0.11115227862171184,2021-08-30,False,False,14.013518518518518,True
275850,018d937f-15f9-7056-8edf-2e8fa4b8f357,AR,2021-09-30 17:06:12,29.99,59.99,50.0,USD,61,2016-08-12,26.99,USD,AR,True,False,False,False,False,False,False,1875.0,3.0,0.11115227862171184,2021-09-30,False,False,4.016782407407407,True
275850,018d937f-15f9-7056-8edf-2e8fa4b8f357,AR,2021-10-18 17:21:26,29.99,59.99,50.0,USD,61,2016-08-12,26.99,USD,AR,True,False,False,False,False,False,False,1893.0,3.0,0.11115227862171184,2021-10-18,False,False,14.166585648148148,True
275850,018d937f-15f9-7056-8edf-2e8fa4b8f357,AR,2021-11-24 18:10:41,29.99,59.99,50.0,USD,61,2016-08-12,26.99,USD,AR,True,False,False,False,False,False,False,1930.0,3.0,0.11115227862171184,2021-11-24,False,False,7.022615740740741,True
275850,018d937f-15f9-7056-8edf-2e8fa4b8f357,AR,2021-12-02 18:33:28,29.99,59.99,50.0,USD,61,2016-08-12,26.99,USD,AR,True,False,False,False,False,False,False,1938.0,3.0,0.11115227862171184,2021-12-02,False,False,3.985324074074074,True
275850,018d937f-15f9-7056-8edf-2e8fa4b8f357,AR,2021-12-08 18:20:16,29.99,59.99,50.0,USD,61,2016-08-12,26.99,USD,AR,True,False,False,False,False,False,False,1944.0,3.0,0.11115227862171184,2021-12-08,False,False,4.994467592592593,True
275850,018d937f-15f9-7056-8edf-2e8fa4b8f357,AR,2021-12-22 18:55:04,29.99,59.99,50.0,USD,61,2016-08-12,26.99,USD,AR,True,False,False,False,False,False,False,1958.0,3.0,0.11115227862171184,2021-12-22,False,False,13.983657407407408,True
275850,018d937f-15f9-7056-8edf-2e8fa4b8f357,AR,2022-01-27 18:47:18,29.99,59.99,50.0,USD,61,2016-08-12,26.99,USD,AR,True,False,False,False,False,False,False,1994.0,3.0,0.11115227862171184,2022-01-27,False,False,6.999340277777778,True
275850,018d937f-15f9-7056-8edf-2e8fa4b8f357,AR,2022-02-14 18:27:52,29.99,59.99,50.0,USD,61,2016-08-12,26.99,USD,AR,True,False,False,False,False,False,False,2012.0,3.0,0.11115227862171184,2022-02-14,False,False,14.025266203703703,True
275850,018d937f-15f9-7056-8edf-2e8fa4b8f357,AR,2022-04-07 17:20:50,29.99,59.99,50.0,USD,61,2016-08-12,26.99,USD,AR,True,False,False,False,False,False,False,2064.0,3.0,0.11115227862171184,2022-04-07,False,False,13.98773148148148,True
275850,018d937f-15f9-7056-8edf-2e8fa4b8f357,AR,2022-05-23 17:09:30,29.99,59.99,50.0,USD,61,2016-08-12,26.99,USD,AR,True,False,False,False,False,False,False,2110.0,3.0,0.11115227862171184,2022-05-23,False,False,14.027013888888888,True
275850,018d937f-15f9-7056-8edf-2e8fa4b8f357,AR,2022-06-23 17:17:46,29.99,59.99,50.0,USD,61,2016-08-12,26.99,USD,AR,True,False,False,False,False,False,False,2141.0,3.0,0.11115227862171184,2022-06-23,False,False,14.005115740740742,True
275850,018d937f-15f9-7056-8edf-2e8fa4b8f357,AR,2022-07-18 17:03:19,29.99,59.99,50.0,USD,61,2016-08-12,26.99,USD,AR,True,False,False,False,False,False,False,2166.0,3.0,0.11115227862171184,2022-07-18,False,False,14.010451388888889,True
275850,018d937f-15f9-7056-8edf-2e8fa4b8f357,AR,2022-08-29 17:22:26,29.99,59.99,50.0,USD,61,2016-08-12,26.99,USD,AR,True,False,False,False,False,False,False,2208.0,3.0,0.11115227862171184,2022-08-29,False,False,6.988842592592593,True
275850,018d937f-15f9-7056-8edf-2e8fa4b8f357,AR,2022-10-06 17:19:28,29.99,59.99,50.0,USD,61,2016-08-12,26.99,USD,AR,True,False,False,False,False,False,False,2246.0,3.0,0.11115227862171184,2022-10-06,False,False,13.995069444444445,True
275850,018d937f-15f9-7056-8edf-2e8fa4b8f357,AR,2022-11-22 22:25:49,29.99,59.99,50.0,USD,61,2016-08-12,26.99,USD,AR,True,False,False,False,False,False,False,2293.0,3.0,0.11115227862171184,2022-11-22,False,False,20.872002314814814,True
275850,018d937f-15f9-7056-8edf-2e8fa4b8f357,AR,2022-12-22 23:34:47,29.99,59.99,50.0,USD,61,2016-08-12,26.99,USD,AR,True,False,False,False,False,False,False,2323.0,3.0,0.11115227862171184,2022-12-22,False,False,13.792858796296295,True
275850,018d937f-15f9-7056-8edf-2e8fa4b8f357,AR,2023-02-20 18:30:20,29.99,59.99,50.0,USD,61,2016-08-12,26.99,USD,AR,True,False,False,False,False,False,False,2383.0,3.0,0.11115227862171184,2023-02-20,False,False,13.995844907407408,True
275850,018d937f-15f9-7056-8edf-2e8fa4b8f357,AR,2023-03-16 20:35:45,29.99,59.99,50.0,USD,61,2016-08-12,26.99,USD,AR,True,False,False,False,False,False,False,2407.0,3.0,0.11115227862171184,2023-03-16,False,False,6.934409722222222,True
275850,018d937f-15f9-7056-8edf-2e8fa4b8f357,AR,2023-04-05 17:12:10,29.99,59.99,50.0,USD,61,2016-08-12,26.99,USD,AR,True,False,False,False,False,False,False,2427.0,3.0,0.11115227862171184,2023-04-05,False,False,14.004594907407407,True
275850,018d937f-15f9-7056-8edf-2e8fa4b8f357,AR,2023-06-05 17:21:23,29.99,59.99,50.0,USD,61,2016-08-12,26.99,USD,AR,True,False,False,False,False,False,False,2488.0,3.0,0.11115227862171184,2023-06-05,False,False,13.993726851851852,True
275850,018d937f-15f9-7056-8edf-2e8fa4b8f357,AR,2023-06-29 17:56:14,29.99,59.99,50.0,USD,61,2016-08-12,26.99,USD,AR,True,False,False,False,False,False,False,2512.0,3.0,0.11115227862171184,2023-06-29,False,False,13.984861111111112,True
275850,018d937f-15f9-7056-8edf-2e8fa4b8f357,AR,2023-08-21 17:59:16,29.99,59.99,50.0,USD,61,2016-08-12,26.99,USD,AR,True,False,False,False,False,False,False,2565.0,3.0,0.11115227862171184,2023-08-21,False,False,13.9675,True
275850,018d937f-15f9-7056-8edf-2e8fa4b8f357,AR,2023-10-04 17:20:10,29.99,59.99,50.0,USD,61,2016-08-12,26.99,USD,AR,True,False,False,False,False,False,False,2609.0,3.0,0.11115227862171184,2023-10-04,False,False,13.992418981481482,True
275850,018d937f-15f9-7056-8edf-2e8fa4b8f357,AR,2023-11-21 22:52:28,29.99,59.99,50.0,USD,61,2016-08-12,26.99,USD,AR,True,False,False,False,False,False,False,2657.0,3.0,0.11115227862171184,2023-11-21,False,False,6.814814814814815,True
275850,018d937f-15f9-7056-8edf-2e8fa4b8f357,AR,2023-12-04 18:06:28,29.99,59.99,50.0,USD,61,2016-08-12,26.99,USD,AR,True,False,False,False,False,False,False,2670.0,3.0,0.11115227862171184,2023-12-04,False,False,14.008321759259259,True
275850,018d937f-15f9-7056-8edf-2e8fa4b8f357,AR,2023-12-21 23:39:26,29.99,59.99,50.0,USD,61,2016-08-12,26.99,USD,AR,True,False,False,False,False,False,False,2687.0,3.0,0.11115227862171184,2023-12-21,False,False,13.785393518518518,True
275850,018d937f-15f9-7056-8edf-2e8fa4b8f357,AR,2024-02-12 18:16:31,29.99,59.99,50.0,USD,61,2016-08-12,26.99,USD,AR,True,False,False,False,False,False,False,2740.0,3.0,0.11115227862171184,2024-02-12,False,False,14.004502314814815,True
275850,018d937f-15f9-7056-8edf-2e8fa4b8f357,AR,2024-03-14 17:27:45,29.99,59.99,50.0,USD,61,2016-08-12,26.99,USD,AR,True,False,False,False,False,False,False,2771.0,3.0,0.11115227862171184,2024-03-14,False,False,6.994224537037037,True
275850,018d937f-15f9-7056-8edf-2e8fa4b8f357,AR,2024-03-27 17:15:22,29.99,59.99,50.0,USD,61,2016-08-12,26.99,USD,AR,True,False,False,False,False,False,False,2784.0,3.0,0.11115227862171184,2024-03-27,False,False,12.001574074074075,True
275850,018d937f-15f9-7056-8edf-2e8fa4b8f357,AR,2024-05-27 17:16:16,29.99,59.99,50.0,USD,61,2016-08-12,26.99,USD,AR,True,False,False,False,False,False,False,2845.0,3.0,0.11115227862171184,2024-05-27,False,False,13.999224537037037,True
275850,018d937f-15f9-7056-8edf-2e8fa4b8f357,AR,2024-06-27 18:21:40,29.99,59.99,50.0,USD,61,2016-08-12,26.99,USD,AR,True,False,False,False,False,False,False,2876.0,3.0,0.11115227862171184,2024-06-27,False,False,13.956793981481482,True
275850,018d937f-15f9-7056-8edf-2e8fa4b8f357,AR,2024-07-15 17:16:04,23.99,59.99,60.0,USD,61,2016-08-12,26.99,USD,AR,True,False,False,False,False,False,False,2894.0,-3.0,-0.11115227862171173,2024-07-15,False,False,14.001493055555555,True
275850,018d937f-15f9-7056-8edf-2e8fa4b8f357,AR,2024-09-02 17:17:56,23.99,59.99,60.0,USD,61,2016-08-12,26.99,USD,AR,True,False,False,False,False,False,False,2943.0,-3.0,-0.11115227862171173,2024-09-02,False,False,13.999479166666667,True
275850,018d937f-15f9-7056-8edf-2e8fa4b8f357,AR,2024-10-21 17:18:44,23.99,59.99,60.0,USD,61,2016-08-12,26.99,USD,AR,True,False,False,False,False,False,False,2992.0,-3.0,-0.11115227862171173,2024-10-21,False,False,14.000150462962964,True
275850,018d937f-15f9-7056-8edf-2e8fa4b8f357,AR,2024-11-27 20:40:47,23.99,59.99,60.0,USD,61,2016-08-12,26.99,USD,AR,True,False,False,False,False,False,False,3029.0,-3.0,-0.11115227862171173,2024-11-27,False,False,20.89949074074074,True
275850,018d937f-15f9-7056-8edf-2e8fa4b8f357,AR,2024-12-19 22:53:37,23.99,59.99,60.0,USD,61,2016-08-12,26.99,USD,AR,True,False,False,False,False,False,False,3051.0,-3.0,-0.11115227862171173,2024-12-19,False,False,13.808599537037036,True
275850,018d937f-15f9-7056-8edf-2e8fa4b8f357,AR,2025-01-27 18:30:30,23.99,59.99,60.0,USD,61,2016-08-12,26.99,USD,AR,True,False,False,False,False,False,False,3090.0,-3.0,-0.11115227862171173,2025-01-27,False,False,14.008287037037038,True
275850,018d937f-15f9-7056-8edf-2e8fa4b8f357,AR,2025-03-13 19:17:05,23.99,59.99,60.0,USD,61,2016-08-12,26.99,USD,AR,True,False,False,False,False,False,False,3135.0,-3.0,-0.11115227862171173,2025-03-13,False,False,6.917986111111111,True
275850,018d937f-15f9-7056-8edf-2e8fa4b8f357,AR,2025-03-24 17:15:42,23.99,59.99,60.0,USD,61,2016-08-12,26.99,USD,AR,True,False,False,False,False,False,False,3146.0,-3.0,-0.11115227862171173,2025-03-24,False,False,14.000462962962963,True
275850,018d937f-15f9-7056-8edf-2e8fa4b8f357,AR,2025-05-26 19:21:04,23.99,59.99,60.0,USD,61,2016-08-12,26.99,USD,AR,True,False,False,False,False,False,False,3209.0,-3.0,-0.11115227862171173,2025-05-26,False,False,13.945972222222222,True
275850,018d937f-15f9-7056-8edf-2e8fa4b8f357,AR,2025-06-26 22:33:19,23.99,59.99,60.0,USD,61,2016-08-12,26.99,USD,AR,True,False,False,False,False,False,False,3240.0,-3.0,-0.11115227862171173,2025-06-26,False,False,13.780902777777778,True
275850,018d937f-15f9-7056-8edf-2e8fa4b8f357,AR,2025-07-14 17:15:57,23.99,59.99,60.0,USD,61,2016-08-12,26.99,USD,AR,True,False,False,False,False,False,False,3258.0,-3.0,-0.11115227862171173,2025-07-14,False,False,12.000266203703704,True
275850,018d937f-15f9-7056-8edf-2e8fa4b8f357,AR,2025-08-25 17:27:46,23.99,59.99,60.0,USD,61,2016-08-12,26.99,USD,AR,True,False,False,False,False,False,False,3300.0,-3.0,-0.11115227862171173,2025-08-25,False,False,13.992199074074074,True
275850,018d937f-15f9-7056-8edf-2e8fa4b8f357,AR,2025-09-29 21:07:39,23.99,59.99,60.0,USD,61,2016-08-12,26.99,USD,AR,True,False,False,False,False,False,False,3335.0,-3.0,-0.11115227862171173,2025-09-29,False,False,6.841296296296297,True
275850,018d937f-15f9-7056-8edf-2e8fa4b8f357,AR,2025-10-20 17:21:41,23.99,59.99,60.0,USD,61,2016-08-12,26.99,USD,AR,True,False,False,False,False,False,False,3356.0,-3.0,-0.11115227862171173,2025-10-20,False,False,13.996168981481482,True
275850,018d937f-15f9-7056-8edf-2e8fa4b8f357,AU,2016-11-23 18:18:29,48.65,81.09,40.0,AUD,61,2016-08-12,87.95,AUD,AU,True,False,False,False,False,False,False,103.0,-39.300000000000004,-0.4468447981807846,2016-11-23,False,False,8.019293981481482,True
275850,018d937f-15f9-7056-8edf-2e8fa4b8f357,AU,2016-12-22 19:47:09,49.83,83.06,40.0,AUD,61,2016-08-12,87.95,AUD,AU,True,False,False,False,False,False,False,132.0,-38.120000000000005,-0.43342808413871525,2016-12-22,False,False,10.958576388888888,True
275850,018d937f-15f9-7056-8edf-2e8fa4b8f357,AU,2017-03-09 18:46:09,47.82,79.71,40.0,AUD,61,2016-08-12,87.95,AUD,AU,True,False,False,False,False,False,False,209.0,-40.13,-0.4562819783968164,2017-03-09,False,False,3.958090277777778,True
275850,018d937f-15f9-7056-8edf-2e8fa4b8f357,AU,2017-06-22 22:15:57,31.6,79.01,60.0,AUD,61,2016-08-12,87.95,AUD,AU,True,False,False,False,False,False,False,314.0,-56.35,-0.6407049459920409,2017-06-22,False,False,12.813530092592593,True
275850,018d937f-15f9-7056-8edf-2e8fa4b8f357,AU,2017-08-11 18:45:51,30.38,75.97,60.0,AUD,61,2016-08-12,87.95,AUD,AU,True,False,False,False,False,False,False,364.0,-57.57000000000001,-0.6545764638999432,2017-08-11,False,False,4.958344907407407,True
275850,018d937f-15f9-7056-8edf-2e8fa4b8f357,AU,2017-10-30 11:46:00,31.25,78.14,60.0,AUD,61,2016-08-12,87.95,AUD,AU,True,False,False,False,False,False,False,444.0,-56.7,-0.6446844798180784,2017-10-30,False,False,2.2716550925925927,True
275850,018d937f-15f9-7056-8edf-2e8fa4b8f357,AU,2017-11-22 19:16:34,31.61,79.04,60.0,AUD,61,2016-08-12,87.95,AUD,AU,True,False,False,False,False,False,False,467.0,-56.34,-0.6405912450255827,2017-11-22,False,False,5.979768518518519,True
275850,018d937f-15f9-7056-8edf-2e8fa4b8f357,AU,2017-12-21 18:47:33,31.16,77.92,60.0,AUD,61,2016-08-12,87.95,AUD,AU,True,False,False,False,False,False,False,496.0,-56.790000000000006,-0.6457077885162024,2017-12-21,False,False,14.000185185185185,True
275850,018d937f-15f9-7056-8edf-2e8fa4b8f357,AU,2018-02-16 09:55:13,30.07,75.19,60.0,AUD,61,2016-08-12,87.95,AUD,AU,True,False,False,False,False,False,False,553.0,-57.88,-0.6581011938601478,2018-02-16,False,False,3.355277777777778,True
275850,018d937f-15f9-7056-8edf-2e8fa4b8f357,AU,2018-06-21 21:11:32,30.25,60.52,50.0,AUD,61,2016-08-12,87.95,AUD,AU,True,False,False,False,False,False,False,678.0,-57.7,-0.6560545764639,2018-06-21,False,False,13.885439814814815,True
275850,018d937f-15f9-7056-8edf-2e8fa4b8f357,AU,2018-07-24 17:19:32,40.37,80.76,50.0,AUD,61,2016-08-12,87.95,AUD,AU,True,False,False,False,False,False,False,711.0,-47.580000000000005,-0.5409891984081865,2018-07-24,False,False,13.03837962962963,True
275850,018d937f-15f9-7056-8edf-2e8fa4b8f357,AU,2018-10-30 02:33:44,42.25,84.51,50.0,AUD,61,2016-08-12,87.95,AUD,AU,True,False,False,False,False,False,False,809.0,-45.7,-0.519613416714042,2018-10-30,False,False,2.640439814814815,True
275850,018d937f-15f9-7056-8edf-2e8fa4b8f357,AU,2018-11-20 23:47:24,116.98,116.98,0.0,AUD,61,2016-08-12,87.95,AUD,AU,False,False,False,True,False,False,False,830.0,29.03,0.33007390562819783,2018-11-20,False,False,,False
275850,018d937f-15f9-7056-8edf-2e8fa4b8f357,AU,2018-11-21 23:27:54,42.47,84.95,50.0,AUD,61,2016-08-12,87.95,AUD,AU,True,False,False,False,False,False,False,831.0,-45.480000000000004,-0.5171119954519614,2018-11-21,False,False,5.848078703703703,True
275850,018d937f-15f9-7056-8edf-2e8fa4b8f357,AU,2018-12-06 18:53:08,42.47,84.95,50.0,AUD,61,2016-08-12,87.95,AUD,AU,True,False,False,False,False,False,False,846.0,-45.480000000000004,-0.5171119954519614,2018-12-06,False,False,1.970150462962963,True
275850,018d937f-15f9-7056-8edf-2e8fa4b8f357,AU,2018-12-13 22:58:12,42.47,84.95,50.0,AUD,61,2016-08-12,87.95,AUD,AU,True,False,False,False,False,False,False,853.0,-45.480000000000004,-0.5171119954519614,2018-12-13,False,False,3.850532407407407,True
275850,018d937f-15f9-7056-8edf-2e8fa4b8f357,AU,2018-12-20 20:54:57,42.47,84.95,50.0,AUD,61,2016-08-12,87.95,AUD,AU,True,False,False,False,False,False,False,860.0,-45.480000000000004,-0.5171119954519614,2018-12-20,False,False,13.939525462962964,True
275850,018d937f-15f9-7056-8edf-2e8fa4b8f357,AU,2019-02-04 21:49:25,42.47,84.95,50.0,AUD,61,2016-08-12,87.95,AUD,AU,True,False,False,False,False,False,False,906.0,-45.480000000000004,-0.5171119954519614,2019-02-04,False,False,7.022916666666666,True
275850,018d937f-15f9-7056-8edf-2e8fa4b8f357,AU,2019-03-25 18:21:24,42.47,84.95,50.0,AUD,61,2016-08-12,87.95,AUD,AU,True,False,False,False,False,False,False,955.0,-45.480000000000004,-0.5171119954519614,2019-03-25,False,False,6.968229166666666,True
275850,018d937f-15f9-7056-8edf-2e8fa4b8f357,AU,2019-05-16 18:48:56,42.47,84.95,50.0,AUD,61,2016-08-12,87.95,AUD,AU,True,False,False,False,False,False,False,1007.0,-45.480000000000004,-0.5171119954519614,2019-05-16,False,False,4.000520833333334,True
275850,018d937f-15f9-7056-8edf-2e8fa4b8f357,AU,2019-06-26 00:33:20,42.47,84.95,50.0,AUD,61,2016-08-12,87.95,AUD,AU,True,False,False,False,False,False,False,1048.0,-45.480000000000004,-0.5171119954519614,2019-06-26,False,False,13.865231481481482,True
275850,018d937f-15f9-7056-8edf-2e8fa4b8f357,AU,2019-07-18 17:12:47,50.97,84.95,40.0,AUD,61,2016-08-12,87.95,AUD,AU,True,False,False,False,False,False,False,1070.0,-36.980000000000004,-0.42046617396247876,2019-07-18,False,False,4.0548263888888885,True
275850,018d937f-15f9-7056-8edf-2e8fa4b8f357,AU,2019-08-07 18:17:34,42.47,84.95,50.0,AUD,61,2016-08-12,87.95,AUD,AU,True,False,False,False,False,False,False,1090.0,-45.480000000000004,-0.5171119954519614,2019-08-07,False,False,18.986157407407408,True
275850,018d937f-15f9-7056-8edf-2e8fa4b8f357,AU,2019-10-07 17:21:15,42.47,84.95,50.0,AUD,61,2016-08-12,87.95,AUD,AU,True,False,False,False,False,False,False,1151.0,-45.480000000000004,-0.5171119954519614,2019-10-07,False,False,7.000162037037037,True
275850,018d937f-15f9-7056-8edf-2e8fa4b8f357,AU,2019-10-28 17:56:13,42.47,84.95,50.0,AUD,61,2016-08-12,87.95,AUD,AU,True,False,False,False,False,False,False,1172.0,-45.480000000000004,-0.5171119954519614,2019-10-28,False,False,3.9758912037037035,True
275850,018d937f-15f9-7056-8edf-2e8fa4b8f357,AU,2019-11-26 18:07:56,42.47,84.95,50.0,AUD,61,2016-08-12,87.95,AUD,AU,True,False,False,False,False,False,False,1201.0,-45.480000000000004,-0.5171119954519614,2019-11-26,False,False,7.0174768518518515,True
275850,018d937f-15f9-7056-8edf-2e8fa4b8f357,AU,2019-12-12 18:21:32,42.47,84.95,50.0,AUD,61,2016-08-12,87.95,AUD,AU,True,False,False,False,False,False,False,1217.0,-45.480000000000004,-0.5171119954519614,2019-12-12,False,False,1.9999074074074075,True
275850,018d937f-15f9-7056-8edf-2e8fa4b8f357,AU,2019-12-19 18:27:06,42.47,84.95,50.0,AUD,61,2016-08-12,87.95,AUD,AU,True,False,False,False,False,False,False,1224.0,-45.480000000000004,-0.5171119954519614,2019-12-19,False,False,14.008969907407407,True
275850,018d937f-15f9-7056-8edf-2e8fa4b8f357,AU,2020-01-23 18:26:06,42.47,84.95,50.0,AUD,61,2016-08-12,87.95,AUD,AU,True,False,False,False,False,False,False,1259.0,-45.480000000000004,-0.5171119954519614,2020-01-23,False,False,3.9989814814814815,True
275850,018d937f-15f9-7056-8edf-2e8fa4b8f357,AU,2020-02-17 18:21:12,42.47,84.95,50.0,AUD,61,2016-08-12,87.95,AUD,AU,True,False,False,False,False,False,False,1284.0,-45.480000000000004,-0.5171119954519614,2020-02-17,False,False,7.000150462962963,True
275850,018d937f-15f9-7056-8edf-2e8fa4b8f357,AU,2020-04-01 17:21:21,42.47,84.95,50.0,AUD,61,2016-08-12,87.95,AUD,AU,True,False,False,False,False,False,False,1328.0,-45.480000000000004,-0.5171119954519614,2020-04-01,False,False,12.000162037037038,True
275850,018d937f-15f9-7056-8edf-2e8fa4b8f357,AU,2020-05-25 17:21:47,42.47,84.95,50.0,AUD,61,2016-08-12,87.95,AUD,AU,True,False,False,False,False,False,False,1382.0,-45.480000000000004,-0.5171119954519614,2020-05-25,False,False,7.000011574074074,True
275850,018d937f-15f9-7056-8edf-2e8fa4b8f357,AU,2020-06-25 18:26:36,42.47,84.95,50.0,AUD,61,2016-08-12,87.95,AUD,AU,True,False,False,False,False,False,False,1413.0,-45.480000000000004,-0.5171119954519614,2020-06-25,False,False,13.958055555555555,True
275850,018d937f-15f9-7056-8edf-2e8fa4b8f357,AU,2020-07-13 17:21:22,42.47,84.95,50.0,AUD,61,2016-08-12,87.95,AUD,AU,True,False,False,False,False,False,False,1431.0,-45.480000000000004,-0.5171119954519614,2020-07-13,False,False,7.000393518518519,True
275850,018d937f-15f9-7056-8edf-2e8fa4b8f357,AU,2020-09-21 17:21:26,42.47,84.95,50.0,AUD,61,2016-08-12,87.95,AUD,AU,True,False,False,False,False,False,False,1501.0,-45.480000000000004,-0.5171119954519614,2020-09-21,False,False,14.000416666666666,True
275850,018d937f-15f9-7056-8edf-2e8fa4b8f357,AU,2020-10-29 17:07:45,42.47,84.95,50.0,AUD,61,2016-08-12,87.95,AUD,AU,True,False,False,False,False,False,False,1539.0,-45.480000000000004,-0.5171119954519614,2020-10-29,False,False,4.055891203703704,True
275850,018d937f-15f9-7056-8edf-2e8fa4b8f357,AU,2020-11-12 18:21:26,42.47,84.95,50.0,AUD,61,2016-08-12,87.95,AUD,AU,True,False,False,False,False,False,False,1553.0,-45.480000000000004,-0.5171119954519614,2020-11-12,False,False,4.000416666666666,True
275850,018d937f-15f9-7056-8edf-2e8fa4b8f357,AU,2020-11-25 18:27:47,42.47,84.95,50.0,AUD,61,2016-08-12,87.95,AUD,AU,True,False,False,False,False,False,False,1566.0,-45.480000000000004,-0.5171119954519614,2020-11-25,False,False,5.995590277777778,True
275850,018d937f-15f9-7056-8edf-2e8fa4b8f357,AU,2020-12-09 18:07:10,42.47,84.95,50.0,AUD,61,2016-08-12,87.95,AUD,AU,True,False,False,False,False,False,False,1580.0,-45.480000000000004,-0.5171119954519614,2020-12-09,False,False,5.0195949074074075,True
275850,018d937f-15f9-7056-8edf-2e8fa4b8f357,AU,2020-12-22 18:32:29,42.47,84.95,50.0,AUD,61,2016-08-12,87.95,AUD,AU,True,False,False,False,False,False,False,1593.0,-45.480000000000004,-0.5171119954519614,2020-12-22,False,False,14.014328703703704,True
275850,018d937f-15f9-7056-8edf-2e8fa4b8f357,AU,2021-02-11 19:00:17,42.47,84.95,50.0,AUD,61,2016-08-12,87.95,AUD,AU,True,False,False,False,False,False,False,1644.0,-45.480000000000004,-0.5171119954519614,2021-02-11,False,False,10.972905092592592,True
275850,018d937f-15f9-7056-8edf-2e8fa4b8f357,AU,2021-03-25 17:19:09,42.47,84.95,50.0,AUD,61,2016-08-12,87.95,AUD,AU,True,False,False,False,False,False,False,1686.0,-45.480000000000004,-0.5171119954519614,2021-03-25,False,False,11.999699074074075,True
275850,018d937f-15f9-7056-8edf-2e8fa4b8f357,AU,2021-05-27 17:22:36,42.47,84.95,50.0,AUD,61,2016-08-12,87.95,AUD,AU,True,False,False,False,False,False,False,1749.0,-45.480000000000004,-0.5171119954519614,2021-05-27,False,False,11.000486111111112,True
275850,018d937f-15f9-7056-8edf-2e8fa4b8f357,AU,2021-06-28 14:27:22,42.47,84.95,50.0,AUD,61,2016-08-12,87.95,AUD,AU,True,False,False,False,False,False,False,1781.0,-45.480000000000004,-0.5171119954519614,2021-06-28,False,False,10.146932870370371,True
275850,018d937f-15f9-7056-8edf-2e8fa4b8f357,AU,2021-07-12 17:06:13,42.47,84.95,50.0,AUD,61,2016-08-12,87.95,AUD,AU,True,False,False,False,False,False,False,1795.0,-45.480000000000004,-0.5171119954519614,2021-07-12,False,False,7.011956018518519,True
275850,018d937f-15f9-7056-8edf-2e8fa4b8f357,AU,2021-08-30 17:21:31,42.47,84.95,50.0,AUD,61,2016-08-12,87.95,AUD,AU,True,False,False,False,False,False,False,1844.0,-45.480000000000004,-0.5171119954519614,2021-08-30,False,False,14.019907407407407,True
275850,018d937f-15f9-7056-8edf-2e8fa4b8f357,AU,2021-09-30 17:12:24,42.47,84.95,50.0,AUD,61,2016-08-12,87.95,AUD,AU,True,False,False,False,False,False,False,1875.0,-45.480000000000004,-0.5171119954519614,2021-09-30,False,False,4.008344907407407,True
275850,018d937f-15f9-7056-8edf-2e8fa4b8f357,AU,2021-10-18 17:21:38,42.47,84.95,50.0,AUD,61,2016-08-12,87.95,AUD,AU,True,False,False,False,False,False,False,1893.0,-45.480000000000004,-0.5171119954519614,2021-10-18,False,False,14.035625,True
275850,018d937f-15f9-7056-8edf-2e8fa4b8f357,AU,2021-11-24 21:26:40,42.47,84.95,50.0,AUD,61,2016-08-12,87.95,AUD,AU,True,False,False,False,False,False,False,1930.0,-45.480000000000004,-0.5171119954519614,2021-11-24,False,False,6.907569444444444,True
275850,018d937f-15f9-7056-8edf-2e8fa4b8f357,AU,2021-12-02 18:39:35,42.47,84.95,50.0,AUD,61,2016-08-12,87.95,AUD,AU,True,False,False,False,False,False,False,1938.0,-45.480000000000004,-0.5171119954519614,2021-12-02,False,False,3.991365740740741,True
275850,018d937f-15f9-7056-8edf-2e8fa4b8f357,AU,2021-12-08 18:20:16,42.47,84.95,50.0,AUD,61,2016-08-12,87.95,AUD,AU,True,False,False,False,False,False,False,1944.0,-45.480000000000004,-0.5171119954519614,2021-12-08,False,False,5.002835648148148,True
275850,018d937f-15f9-7056-8edf-2e8fa4b8f357,AU,2021-12-22 23:20:36,42.47,84.95,50.0,AUD,61,2016-08-12,87.95,AUD,AU,True,False,False,False,False,False,False,1958.0,-45.480000000000004,-0.5171119954519614,2021-12-22,False,False,13.806585648148149,True
275850,018d937f-15f9-7056-8edf-2e8fa4b8f357,AU,2022-01-27 18:23:24,42.47,84.95,50.0,AUD,61,2016-08-12,87.95,AUD,AU,True,False,False,False,False,False,False,1994.0,-45.480000000000004,-0.5171119954519614,2022-01-27,False,False,7.02011574074074,True
275850,018d937f-15f9-7056-8edf-2e8fa4b8f357,AU,2022-02-14 18:12:18,42.47,84.95,50.0,AUD,61,2016-08-12,87.95,AUD,AU,True,False,False,False,False,False,False,2012.0,-45.480000000000004,-0.5171119954519614,2022-02-14,False,False,13.995555555555555,True
275850,018d937f-15f9-7056-8edf-2e8fa4b8f357,AU,2022-04-07 17:22:39,42.47,84.95,50.0,AUD,61,2016-08-12,87.95,AUD,AU,True,False,False,False,False,False,False,2064.0,-45.480000000000004,-0.5171119954519614,2022-04-07,False,False,13.997835648148149,True
275850,018d937f-15f9-7056-8edf-2e8fa4b8f357,AU,2022-06-23 18:06:45,42.47,84.95,50.0,AUD,61,2016-08-12,87.95,AUD,AU,True,False,False,False,False,False,False,2141.0,-45.480000000000004,-0.5171119954519614,2022-06-23,False,False,13.96570601851852,True
275850,018d937f-15f9-7056-8edf-2e8fa4b8f357,AU,2022-07-18 17:06:20,42.47,84.95,50.0,AUD,61,2016-08-12,87.95,AUD,AU,True,False,False,False,False,False,False,2166.0,-45.480000000000004,-0.5171119954519614,2022-07-18,False,False,14.010416666666666,True
275850,018d937f-15f9-7056-8edf-2e8fa4b8f357,AU,2022-08-29 17:12:37,42.47,84.95,50.0,AUD,61,2016-08-12,87.95,AUD,AU,True,False,False,False,False,False,False,2208.0,-45.480000000000004,-0.5171119954519614,2022-08-29,False,False,7.0146875,True
275850,018d937f-15f9-7056-8edf-2e8fa4b8f357,AU,2022-10-06 17:18:56,42.47,84.95,50.0,AUD,61,2016-08-12,87.95,AUD,AU,True,False,False,False,False,False,False,2246.0,-45.480000000000004,-0.5171119954519614,2022-10-06,False,False,14.000949074074073,True
275850,018d937f-15f9-7056-8edf-2e8fa4b8f357,AU,2022-11-22 22:23:49,42.47,84.95,50.0,AUD,61,2016-08-12,87.95,AUD,AU,True,False,False,False,False,False,False,2293.0,-45.480000000000004,-0.5171119954519614,2022-11-22,False,False,20.854317129629628,True
275850,018d937f-15f9-7056-8edf-2e8fa4b8f357,AU,2022-12-22 18:58:45,42.47,84.95,50.0,AUD,61,2016-08-12,87.95,AUD,AU,True,False,False,False,False,False,False,2323.0,-45.480000000000004,-0.5171119954519614,2022-12-22,False,False,14.004849537037037,True
275850,018d937f-15f9-7056-8edf-2e8fa4b8f357,AU,2023-01-06 11:55:30,87.95,87.95,0.0,AUD,61,2016-08-12,87.95,AUD,AU,False,False,False,True,False,False,False,2338.0,0.0,0.0,2023-01-06,False,False,,False
275850,018d937f-15f9-7056-8edf-2e8fa4b8f357,AU,2023-02-20 18:12:20,43.97,87.95,50.0,AUD,61,2016-08-12,87.95,AUD,AU,True,False,False,False,False,False,False,2383.0,-43.980000000000004,-0.5000568504832291,2023-02-20,False,False,13.993692129629629,True
275850,018d937f-15f9-7056-8edf-2e8fa4b8f357,AU,2023-03-16 20:29:50,43.97,87.95,50.0,AUD,61,2016-08-12,87.95,AUD,AU,True,False,False,False,False,False,False,2407.0,-43.980000000000004,-0.5000568504832291,2023-03-16,False,False,6.909409722222223,True
275850,018d937f-15f9-7056-8edf-2e8fa4b8f357,AU,2023-04-05 17:18:38,43.97,87.95,50.0,AUD,61,2016-08-12,87.95,AUD,AU,True,False,False,False,False,False,False,2427.0,-43.980000000000004,-0.5000568504832291,2023-04-05,False,False,13.991342592592593,True
275850,018d937f-15f9-7056-8edf-2e8fa4b8f357,AU,2023-06-05 17:48:18,43.97,87.95,50.0,AUD,61,2016-08-12,87.95,AUD,AU,True,False,False,False,False,False,False,2488.0,-43.980000000000004,-0.5000568504832291,2023-06-05,False,False,13.977222222222222,True
275850,018d937f-15f9-7056-8edf-2e8fa4b8f357,AU,2023-06-29 17:40:47,43.97,87.95,50.0,AUD,61,2016-08-12,87.95,AUD,AU,True,False,False,False,False,False,False,2512.0,-43.980000000000004,-0.5000568504832291,2023-06-29,False,False,13.983402777777778,True
275850,018d937f-15f9-7056-8edf-2e8fa4b8f357,AU,2023-08-21 17:30:37,43.97,87.95,50.0,AUD,61,2016-08-12,87.95,AUD,AU,True,False,False,False,False,False,False,2565.0,-43.980000000000004,-0.5000568504832291,2023-08-21,False,False,14.070636574074074,True
275850,018d937f-15f9-7056-8edf-2e8fa4b8f357,AU,2023-10-04 17:35:32,43.97,87.95,50.0,AUD,61,2016-08-12,87.95,AUD,AU,True,False,False,False,False,False,False,2609.0,-43.980000000000004,-0.5000568504832291,2023-10-04,False,False,13.98917824074074,True
275850,018d937f-15f9-7056-8edf-2e8fa4b8f357,AU,2023-11-21 18:59:46,43.97,87.95,50.0,AUD,61,2016-08-12,87.95,AUD,AU,True,False,False,False,False,False,False,2657.0,-43.980000000000004,-0.5000568504832291,2023-11-21,False,False,6.9741435185185185,True
275850,018d937f-15f9-7056-8edf-2e8fa4b8f357,AU,2023-12-04 18:21:49,43.97,87.95,50.0,AUD,61,2016-08-12,87.95,AUD,AU,True,False,False,False,False,False,False,2670.0,-43.980000000000004,-0.5000568504832291,2023-12-04,False,False,14.003831018518518,True
275850,018d937f-15f9-7056-8edf-2e8fa4b8f357,AU,2023-12-21 18:10:45,43.97,87.95,50.0,AUD,61,2016-08-12,87.95,AUD,AU,True,False,False,False,False,False,False,2687.0,-43.980000000000004,-0.5000568504832291,2023-12-21,False,False,14.01488425925926,True
275850,018d937f-15f9-7056-8edf-2e8fa4b8f357,AU,2024-02-12 18:18:52,43.97,87.95,50.0,AUD,61,2016-08-12,87.95,AUD,AU,True,False,False,False,False,False,False,2740.0,-43.980000000000004,-0.5000568504832291,2024-02-12,False,False,14.002858796296296,True
275850,018d937f-15f9-7056-8edf-2e8fa4b8f357,AU,2024-03-14 17:27:55,43.97,87.95,50.0,AUD,61,2016-08-12,87.95,AUD,AU,True,False,False,False,False,False,False,2771.0,-43.980000000000004,-0.5000568504832291,2024-03-14,False,False,6.994074074074074,True
275850,018d937f-15f9-7056-8edf-2e8fa4b8f357,AU,2024-03-27 17:18:10,43.97,87.95,50.0,AUD,61,2016-08-12,87.95,AUD,AU,True,False,False,False,False,False,False,2784.0,-43.980000000000004,-0.5000568504832291,2024-03-27,False,False,11.999641203703703,True
275850,018d937f-15f9-7056-8edf-2e8fa4b8f357,AU,2024-05-27 17:15:57,43.97,87.95,50.0,AUD,61,2016-08-12,87.95,AUD,AU,True,False,False,False,False,False,False,2845.0,-43.980000000000004,-0.5000568504832291,2024-05-27,False,False,14.000335648148148,True
275850,018d937f-15f9-7056-8edf-2e8fa4b8f357,AU,2024-06-27 18:21:35,43.97,87.95,50.0,AUD,61,2016-08-12,87.95,AUD,AU,True,False,False,False,False,False,False,2876.0,-43.980000000000004,-0.5000568504832291,2024-06-27,False,False,13.958101851851852,True
275850,018d937f-15f9-7056-8edf-2e8fa4b8f357,AU,2024-07-15 17:22:22,35.18,87.95,60.0,AUD,61,2016-08-12,87.95,AUD,AU,True,False,False,False,False,False,False,2894.0,-52.77,-0.6000000000000001,2024-07-15,False,False,13.995960648148149,True
275850,018d937f-15f9-7056-8edf-2e8fa4b8f357,AU,2024-09-02 17:17:55,35.18,87.95,60.0,AUD,61,2016-08-12,87.95,AUD,AU,True,False,False,False,False,False,False,2943.0,-52.77,-0.6000000000000001,2024-09-02,False,False,13.999490740740741,True
275850,018d937f-15f9-7056-8edf-2e8fa4b8f357,AU,2024-10-21 17:18:48,35.18,87.95,60.0,AUD,61,2016-08-12,87.95,AUD,AU,True,False,False,False,False,False,False,2992.0,-52.77,-0.6000000000000001,2024-10-21,False,False,14.000162037037038,True
275850,018d937f-15f9-7056-8edf-2e8fa4b8f357,AU,2024-11-27 20:38:09,35.18,87.95,60.0,AUD,61,2016-08-12,87.95,AUD,AU,True,False,False,False,False,False,False,3029.0,-52.77,-0.6000000000000001,2024-11-27,False,False,20.90391203703704,True
275850,018d937f-15f9-7056-8edf-2e8fa4b8f357,AU,2024-12-19 21:49:33,35.18,87.95,60.0,AUD,61,2016-08-12,87.95,AUD,AU,True,False,False,False,False,False,False,3051.0,-52.77,-0.6000000000000001,2024-12-19,False,False,13.853101851851852,True
275850,018d937f-15f9-7056-8edf-2e8fa4b8f357,AU,2025-01-27 18:20:18,35.18,87.95,60.0,AUD,61,2016-08-12,87.95,AUD,AU,True,False,False,False,False,False,False,3090.0,-52.77,-0.6000000000000001,2025-01-27,False,False,14.015289351851852,True
275850,018d937f-15f9-7056-8edf-2e8fa4b8f357,AU,2025-03-13 19:29:54,35.18,87.95,60.0,AUD,61,2016-08-12,87.95,AUD,AU,True,False,False,False,False,False,False,3135.0,-52.77,-0.6000000000000001,2025-03-13,False,False,6.910127314814815,True
275850,018d937f-15f9-7056-8edf-2e8fa4b8f357,AU,2025-03-24 17:17:06,35.18,87.95,60.0,AUD,61,2016-08-12,87.95,AUD,AU,True,False,False,False,False,False,False,3146.0,-52.77,-0.6000000000000001,2025-03-24,False,False,14.002604166666666,True
275850,018d937f-15f9-7056-8edf-2e8fa4b8f357,AU,2025-05-26 19:23:40,35.18,87.95,60.0,AUD,61,2016-08-12,87.95,AUD,AU,True,False,False,False,False,False,False,3209.0,-52.77,-0.6000000000000001,2025-05-26,False,False,13.995844907407408,True
275850,018d937f-15f9-7056-8edf-2e8fa4b8f357,AU,2025-06-26 22:31:25,35.18,87.95,60.0,AUD,61,2016-08-12,87.95,AUD,AU,True,False,False,False,False,False,False,3240.0,-52.77,-0.6000000000000001,2025-06-26,False,False,13.783472222222223,True
275850,018d937f-15f9-7056-8edf-2e8fa4b8f357,AU,2025-07-14 17:20:29,35.18,87.95,60.0,AUD,61,2016-08-12,87.95,AUD,AU,True,False,False,False,False,False,False,3258.0,-52.77,-0.6000000000000001,2025-07-14,False,False,11.996412037037038,True
275850,018d937f-15f9-7056-8edf-2e8fa4b8f357,AU,2025-08-25 17:27:28,35.18,87.95,60.0,AUD,61,2016-08-12,87.95,AUD,AU,True,False,False,False,False,False,False,3300.0,-52.77,-0.6000000000000001,2025-08-25,False,False,13.997013888888889,True
275850,018d937f-15f9-7056-8edf-2e8fa4b8f357,AU,2025-09-29 21:02:16,35.18,87.95,60.0,AUD,61,2016-08-12,87.95,AUD,AU,True,False,False,False,False,False,False,3335.0,-52.77,-0.6000000000000001,2025-09-29,False,False,6.845011574074074,True
275850,018d937f-15f9-7056-8edf-2e8fa4b8f357,AU,2025-10-20 17:16:21,35.18,87.95,60.0,AUD,61,2016-08-12,87.95,AUD,AU,True,False,False,False,False,False,False,3356.0,-52.77,-0.6000000000000001,2025-10-20,False,False,14.001863425925926,True
275850,018d937f-15f9-7056-8edf-2e8fa4b8f357,BR,2016-11-23 18:46:35,78.32,130.54,40.0,BRL,61,2016-08-12,162.0,BRL,BR,True,False,False,False,False,False,False,103.0,-83.68,-0.5165432098765432,2016-11-23,False,False,7.99962962962963,True
275850,018d937f-15f9-7056-8edf-2e8fa4b8f357,BR,2016-12-22 18:46:09,78.68,131.14,40.0,BRL,61,2016-08-12,162.0,BRL,BR,True,False,False,False,False,False,False,132.0,-83.32,-0.5143209876543209,2016-12-22,False,False,11.041689814814815,True
275850,018d937f-15f9-7056-8edf-2e8fa4b8f357,BR,2017-03-09 18:45:37,77.79,129.66,40.0,BRL,61,2016-08-12,162.0,BRL,BR,True,False,False,False,False,False,False,209.0,-84.21,-0.5198148148148147,2017-03-09,False,False,3.979560185185185,True
275850,018d937f-15f9-7056-8edf-2e8fa4b8f357,BR,2017-06-22 19:15:54,51.98,130.01,60.0,BRL,61,2016-08-12,162.0,BRL,BR,True,False,False,False,False,False,False,314.0,-110.02000000000001,-0.6791358024691359,2017-06-22,False,False,12.93824074074074,True
275850,018d937f-15f9-7056-8edf-2e8fa4b8f357,BR,2017-08-11 17:15:57,52.17,130.47,60.0,BRL,61,2016-08-12,162.0,BRL,BR,True,False,False,False,False,False,False,364.0,-109.83,-0.6779629629629629,2017-08-11,False,False,5.041805555555555,True
275850,018d937f-15f9-7056-8edf-2e8fa4b8f357,BR,2017-10-30 11:45:44,51.98,130.01,60.0,BRL,61,2016-08-12,162.0,BRL,BR,True,False,False,False,False,False,False,444.0,-110.02000000000001,-0.6791358024691359,2017-10-30,False,False,2.229814814814815,True
275850,018d937f-15f9-7056-8edf-2e8fa4b8f357,BR,2017-11-22 18:16:08,51.96,129.89,60.0,BRL,61,2016-08-12,162.0,BRL,BR,True,False,False,False,False,False,False,467.0,-110.03999999999999,-0.6792592592592592,2017-11-22,False,False,6.062465277777778,True
275850,018d937f-15f9-7056-8edf-2e8fa4b8f357,BR,2017-12-21 19:16:13,52.03,130.05,60.0,BRL,61,2016-08-12,162.0,BRL,BR,True,False,False,False,False,False,False,496.0,-109.97,-0.6788271604938272,2017-12-21,False,False,13.97988425925926,True
275850,018d937f-15f9-7056-8edf-2e8fa4b8f357,BR,2018-02-16 09:53:33,51.99,129.99,60.0,BRL,61,2016-08-12,162.0,BRL,BR,True,False,False,False,False,False,False,553.0,-110.00999999999999,-0.679074074074074,2018-02-16,False,False,3.3750694444444442,True
275850,018d937f-15f9-7056-8edf-2e8fa4b8f357,BR,2018-05-31 12:48:19,59.79,59.79,0.0,BRL,61,2016-08-12,162.0,BRL,BR,False,False,False,True,False,False,False,657.0,-102.21000000000001,-0.6309259259259259,2018-05-31,False,False,,False
275850,018d937f-15f9-7056-8edf-2e8fa4b8f357,BR,2018-05-31 15:05:52,129.74,129.74,0.0,BRL,61,2016-08-12,162.0,BRL,BR,False,False,False,True,False,False,False,657.0,-32.25999999999999,-0.19913580246913576,2018-05-31,False,False,,False
275850,018d937f-15f9-7056-8edf-2e8fa4b8f357,BR,2018-06-22 00:50:13,65.29,130.61,50.0,BRL,61,2016-08-12,162.0,BRL,BR,True,False,False,False,False,False,False,679.0,-96.71,-0.5969753086419753,2018-06-22,False,False,13.784340277777778,True
275850,018d937f-15f9-7056-8edf-2e8fa4b8f357,BR,2018-07-24 17:19:54,65.04,130.04,50.0,BRL,61,2016-08-12,162.0,BRL,BR,True,False,False,False,False,False,False,711.0,-96.96,-0.5985185185185184,2018-07-24,False,False,13.033935185185186,True
275850,018d937f-15f9-7056-8edf-2e8fa4b8f357,BR,2018-10-30 01:38:21,64.61,129.25,50.0,BRL,61,2016-08-12,162.0,BRL,BR,True,False,False,False,False,False,False,809.0,-97.39,-0.6011728395061728,2018-10-30,False,False,2.733136574074074,True
275850,018d937f-15f9-7056-8edf-2e8fa4b8f357,BR,2018-11-21 22:21:09,64.73,129.49,50.0,BRL,61,2016-08-12,162.0,BRL,BR,True,False,False,False,False,False,False,831.0,-97.27,-0.6004320987654321,2018-11-21,False,False,5.92630787037037,True
275850,018d937f-15f9-7056-8edf-2e8fa4b8f357,BR,2018-12-06 18:54:38,65.44,130.91,50.0,BRL,61,2016-08-12,162.0,BRL,BR,True,False,False,False,False,False,False,846.0,-96.56,-0.5960493827160493,2018-12-06,False,False,1.9993055555555554,True
275850,018d937f-15f9-7056-8edf-2e8fa4b8f357,BR,2018-12-13 23:30:08,65.45,130.91,50.0,BRL,61,2016-08-12,162.0,BRL,BR,True,False,False,False,False,False,False,853.0,-96.55,-0.5959876543209877,2018-12-13,False,False,3.8043981481481484,True
275850,018d937f-15f9-7056-8edf-2e8fa4b8f357,BR,2018-12-20 23:20:05,64.99,129.99,50.0,BRL,61,2016-08-12,162.0,BRL,BR,True,False,False,False,False,False,False,860.0,-97.01,-0.5988271604938271,2018-12-20,False,False,13.85238425925926,True
275850,018d937f-15f9-7056-8edf-2e8fa4b8f357,BR,2019-02-04 22:14:56,64.99,129.99,50.0,BRL,61,2016-08-12,162.0,BRL,BR,True,False,False,False,False,False,False,906.0,-97.01,-0.5988271604938271,2019-02-04,False,False,7.0642708333333335,True
275850,018d937f-15f9-7056-8edf-2e8fa4b8f357,BR,2019-03-25 18:23:38,64.99,129.99,50.0,BRL,61,2016-08-12,162.0,BRL,BR,True,False,False,False,False,False,False,955.0,-97.01,-0.5988271604938271,2019-03-25,False,False,7.03363425925926,True
275850,018d937f-15f9-7056-8edf-2e8fa4b8f357,BR,2019-05-16 17:50:11,64.99,129.99,50.0,BRL,61,2016-08-12,162.0,BRL,BR,True,False,False,False,False,False,False,1007.0,-97.01,-0.5988271604938271,2019-05-16,False,False,4.053425925925926,True
275850,018d937f-15f9-7056-8edf-2e8fa4b8f357,BR,2019-06-26 02:48:23,64.99,129.99,50.0,BRL,61,2016-08-12,162.0,BRL,BR,True,False,False,False,False,False,False,1048.0,-97.01,-0.5988271604938271,2019-06-26,False,False,13.687962962962963,True
275850,018d937f-15f9-7056-8edf-2e8fa4b8f357,BR,2019-07-18 18:22:05,77.99,129.99,40.0,BRL,61,2016-08-12,162.0,BRL,BR,True,False,False,False,False,False,False,1070.0,-84.01,-0.5185802469135803,2019-07-18,False,False,3.9689930555555555,True
275850,018d937f-15f9-7056-8edf-2e8fa4b8f357,BR,2019-08-07 17:12:29,64.99,129.99,50.0,BRL,61,2016-08-12,162.0,BRL,BR,True,False,False,False,False,False,False,1090.0,-97.01,-0.5988271604938271,2019-08-07,False,False,19.047650462962963,True
275850,018d937f-15f9-7056-8edf-2e8fa4b8f357,BR,2019-10-07 17:21:37,64.99,129.99,50.0,BRL,61,2016-08-12,162.0,BRL,BR,True,False,False,False,False,False,False,1151.0,-97.01,-0.5988271604938271,2019-10-07,False,False,6.999745370370371,True
275850,018d937f-15f9-7056-8edf-2e8fa4b8f357,BR,2019-10-28 17:28:42,64.99,129.99,50.0,BRL,61,2016-08-12,162.0,BRL,BR,True,False,False,False,False,False,False,1172.0,-97.01,-0.5988271604938271,2019-10-28,False,False,3.9993287037037035,True
275850,018d937f-15f9-7056-8edf-2e8fa4b8f357,BR,2019-11-26 18:08:01,64.99,129.99,50.0,BRL,61,2016-08-12,162.0,BRL,BR,True,False,False,False,False,False,False,1201.0,-97.01,-0.5988271604938271,2019-11-26,False,False,7.014513888888889,True
275850,018d937f-15f9-7056-8edf-2e8fa4b8f357,BR,2019-12-12 18:21:21,64.99,129.99,50.0,BRL,61,2016-08-12,162.0,BRL,BR,True,False,False,False,False,False,False,1217.0,-97.01,-0.5988271604938271,2019-12-12,False,False,1.999849537037037,True
275850,018d937f-15f9-7056-8edf-2e8fa4b8f357,BR,2019-12-19 18:12:38,64.99,129.99,50.0,BRL,61,2016-08-12,162.0,BRL,BR,True,False,False,False,False,False,False,1224.0,-97.01,-0.5988271604938271,2019-12-19,False,False,14.01707175925926,True
275850,018d937f-15f9-7056-8edf-2e8fa4b8f357,BR,2020-01-23 18:32:04,64.99,129.99,50.0,BRL,61,2016-08-12,162.0,BRL,BR,True,False,False,False,False,False,False,1259.0,-97.01,-0.5988271604938271,2020-01-23,False,False,3.997939814814815,True
275850,018d937f-15f9-7056-8edf-2e8fa4b8f357,BR,2020-02-17 18:21:24,64.99,129.99,50.0,BRL,61,2016-08-12,162.0,BRL,BR,True,False,False,False,False,False,False,1284.0,-97.01,-0.5988271604938271,2020-02-17,False,False,6.999907407407408,True
275850,018d937f-15f9-7056-8edf-2e8fa4b8f357,BR,2020-04-01 17:21:25,64.99,129.99,50.0,BRL,61,2016-08-12,162.0,BRL,BR,True,False,False,False,False,False,False,1328.0,-97.01,-0.5988271604938271,2020-04-01,False,False,11.999849537037036,True
275850,018d937f-15f9-7056-8edf-2e8fa4b8f357,BR,2020-05-25 17:22:03,64.99,129.99,50.0,BRL,61,2016-08-12,162.0,BRL,BR,True,False,False,False,False,False,False,1382.0,-97.01,-0.5988271604938271,2020-05-25,False,False,6.999548611111111,True
275850,018d937f-15f9-7056-8edf-2e8fa4b8f357,BR,2020-06-25 18:32:35,64.99,129.99,50.0,BRL,61,2016-08-12,162.0,BRL,BR,True,False,False,False,False,False,False,1413.0,-97.01,-0.5988271604938271,2020-06-25,False,False,13.953287037037038,True
275850,018d937f-15f9-7056-8edf-2e8fa4b8f357,BR,2020-07-13 17:21:17,64.99,129.99,50.0,BRL,61,2016-08-12,162.0,BRL,BR,True,False,False,False,False,False,False,1431.0,-97.01,-0.5988271604938271,2020-07-13,False,False,7.0004282407407405,True
275850,018d937f-15f9-7056-8edf-2e8fa4b8f357,BR,2020-09-21 17:22:32,64.99,129.99,50.0,BRL,61,2016-08-12,162.0,BRL,BR,True,False,False,False,False,False,False,1501.0,-97.01,-0.5988271604938271,2020-09-21,False,False,13.99943287037037,True
275850,018d937f-15f9-7056-8edf-2e8fa4b8f357,BR,2020-10-29 17:00:52,64.99,129.99,50.0,BRL,61,2016-08-12,162.0,BRL,BR,True,False,False,False,False,False,False,1539.0,-97.01,-0.5988271604938271,2020-10-29,False,False,4.060277777777777,True
275850,018d937f-15f9-7056-8edf-2e8fa4b8f357,BR,2020-11-12 18:21:08,64.99,129.99,50.0,BRL,61,2016-08-12,162.0,BRL,BR,True,False,False,False,False,False,False,1553.0,-97.01,-0.5988271604938271,2020-11-12,False,False,4.000115740740741,True
275850,018d937f-15f9-7056-8edf-2e8fa4b8f357,BR,2020-11-25 18:33:13,64.99,129.99,50.0,BRL,61,2016-08-12,162.0,BRL,BR,True,False,False,False,False,False,False,1566.0,-97.01,-0.5988271604938271,2020-11-25,False,False,5.991956018518518,True
275850,018d937f-15f9-7056-8edf-2e8fa4b8f357,BR,2020-12-09 18:00:15,64.99,129.99,50.0,BRL,61,2016-08-12,162.0,BRL,BR,True,False,False,False,False,False,False,1580.0,-97.01,-0.5988271604938271,2020-12-09,False,False,5.024421296296296,True
275850,018d937f-15f9-7056-8edf-2e8fa4b8f357,BR,2020-12-22 19:02:35,64.99,129.99,50.0,BRL,61,2016-08-12,162.0,BRL,BR,True,False,False,False,False,False,False,1593.0,-97.01,-0.5988271604938271,2020-12-22,False,False,13.995127314814814,True
275850,018d937f-15f9-7056-8edf-2e8fa4b8f357,BR,2021-02-11 18:57:50,64.99,129.99,50.0,BRL,61,2016-08-12,162.0,BRL,BR,True,False,False,False,False,False,False,1644.0,-97.01,-0.5988271604938271,2021-02-11,False,False,10.974664351851851,True
275850,018d937f-15f9-7056-8edf-2e8fa4b8f357,BR,2021-03-25 17:19:09,64.99,129.99,50.0,BRL,61,2016-08-12,162.0,BRL,BR,True,False,False,False,False,False,False,1686.0,-97.01,-0.5988271604938271,2021-03-25,False,False,11.999618055555555,True
275850,018d937f-15f9-7056-8edf-2e8fa4b8f357,BR,2021-05-27 17:22:24,64.99,129.99,50.0,BRL,61,2016-08-12,162.0,BRL,BR,True,False,False,False,False,False,False,1749.0,-97.01,-0.5988271604938271,2021-05-27,False,False,11.000775462962963,True
275850,018d937f-15f9-7056-8edf-2e8fa4b8f357,BR,2021-06-28 14:27:28,64.99,129.99,50.0,BRL,61,2016-08-12,162.0,BRL,BR,True,False,False,False,False,False,False,1781.0,-97.01,-0.5988271604938271,2021-06-28,False,False,10.116631944444444,True
275850,018d937f-15f9-7056-8edf-2e8fa4b8f357,BR,2021-07-12 17:03:09,64.99,129.99,50.0,BRL,61,2016-08-12,162.0,BRL,BR,True,False,False,False,False,False,False,1795.0,-97.01,-0.5988271604938271,2021-07-12,False,False,7.008090277777778,True
275850,018d937f-15f9-7056-8edf-2e8fa4b8f357,BR,2021-08-30 17:21:17,64.99,129.99,50.0,BRL,61,2016-08-12,162.0,BRL,BR,True,False,False,False,False,False,False,1844.0,-97.01,-0.5988271604938271,2021-08-30,False,False,14.06125,True
275850,018d937f-15f9-7056-8edf-2e8fa4b8f357,BR,2021-09-30 17:15:25,64.99,129.99,50.0,BRL,61,2016-08-12,162.0,BRL,BR,True,False,False,False,False,False,False,1875.0,-97.01,-0.5988271604938271,2021-09-30,False,False,4.00625,True
275850,018d937f-15f9-7056-8edf-2e8fa4b8f357,BR,2021-10-18 17:20:50,64.99,129.99,50.0,BRL,61,2016-08-12,162.0,BRL,BR,True,False,False,False,False,False,False,1893.0,-97.01,-0.5988271604938271,2021-10-18,False,False,14.027951388888889,True
275850,018d937f-15f9-7056-8edf-2e8fa4b8f357,BR,2021-11-24 21:22:04,64.99,129.99,50.0,BRL,61,2016-08-12,162.0,BRL,BR,True,False,False,False,False,False,False,1930.0,-97.01,-0.5988271604938271,2021-11-24,False,False,6.889641203703704,True
275850,018d937f-15f9-7056-8edf-2e8fa4b8f357,BR,2021-12-02 18:15:18,64.99,129.99,50.0,BRL,61,2016-08-12,162.0,BRL,BR,True,False,False,False,False,False,False,1938.0,-97.01,-0.5988271604938271,2021-12-02,False,False,4.006284722222222,True
275850,018d937f-15f9-7056-8edf-2e8fa4b8f357,BR,2021-12-08 18:06:11,64.99,129.99,50.0,BRL,61,2016-08-12,162.0,BRL,BR,True,False,False,False,False,False,False,1944.0,-97.01,-0.5988271604938271,2021-12-08,False,False,5.012581018518518,True
275850,018d937f-15f9-7056-8edf-2e8fa4b8f357,BR,2021-12-22 18:44:12,64.99,129.99,50.0,BRL,61,2016-08-12,162.0,BRL,BR,True,False,False,False,False,False,False,1958.0,-97.01,-0.5988271604938271,2021-12-22,False,False,14.010023148148148,True
275850,018d937f-15f9-7056-8edf-2e8fa4b8f357,BR,2022-01-27 19:25:38,64.99,129.99,50.0,BRL,61,2016-08-12,162.0,BRL,BR,True,False,False,False,False,False,False,1994.0,-97.01,-0.5988271604938271,2022-01-27,False,False,6.981643518518519,True
275850,018d937f-15f9-7056-8edf-2e8fa4b8f357,BR,2022-02-14 18:03:13,64.99,129.99,50.0,BRL,61,2016-08-12,162.0,BRL,BR,True,False,False,False,False,False,False,2012.0,-97.01,-0.5988271604938271,2022-02-14,False,False,14.040844907407408,True
275850,018d937f-15f9-7056-8edf-2e8fa4b8f357,BR,2022-04-07 17:11:40,64.99,129.99,50.0,BRL,61,2016-08-12,162.0,BRL,BR,True,False,False,False,False,False,False,2064.0,-97.01,-0.5988271604938271,2022-04-07,False,False,13.994131944444444,True
275850,018d937f-15f9-7056-8edf-2e8fa4b8f357,BR,2022-05-23 17:21:26,64.99,129.99,50.0,BRL,61,2016-08-12,162.0,BRL,BR,True,False,False,False,False,False,False,2110.0,-97.01,-0.5988271604938271,2022-05-23,False,False,13.99912037037037,True
275850,018d937f-15f9-7056-8edf-2e8fa4b8f357,BR,2022-06-23 17:58:53,64.99,129.99,50.0,BRL,61,2016-08-12,162.0,BRL,BR,True,False,False,False,False,False,False,2141.0,-97.01,-0.5988271604938271,2022-06-23,False,False,13.968564814814815,True
275850,018d937f-15f9-7056-8edf-2e8fa4b8f357,BR,2022-07-18 17:30:28,64.99,129.99,50.0,BRL,61,2016-08-12,162.0,BRL,BR,True,False,False,False,False,False,False,2166.0,-97.01,-0.5988271604938271,2022-07-18,False,False,13.984351851851851,True
275850,018d937f-15f9-7056-8edf-2e8fa4b8f357,BR,2022-08-29 17:19:09,64.99,129.99,50.0,BRL,61,2016-08-12,162.0,BRL,BR,True,False,False,False,False,False,False,2208.0,-97.01,-0.5988271604938271,2022-08-29,False,False,6.999375,True
275850,018d937f-15f9-7056-8edf-2e8fa4b8f357,BR,2022-10-06 17:15:32,64.99,129.99,50.0,BRL,61,2016-08-12,162.0,BRL,BR,True,False,False,False,False,False,False,2246.0,-97.01,-0.5988271604938271,2022-10-06,False,False,14.001990740740741,True
275850,018d937f-15f9-7056-8edf-2e8fa4b8f357,BR,2022-11-22 19:25:55,64.99,129.99,50.0,BRL,61,2016-08-12,162.0,BRL,BR,True,False,False,False,False,False,False,2293.0,-97.01,-0.5988271604938271,2022-11-22,False,False,20.999282407407406,True
275850,018d937f-15f9-7056-8edf-2e8fa4b8f357,BR,2022-12-22 18:43:39,64.99,129.99,50.0,BRL,61,2016-08-12,162.0,BRL,BR,True,False,False,False,False,False,False,2323.0,-97.01,-0.5988271604938271,2022-12-22,False,False,14.108657407407408,True
275850,018d937f-15f9-7056-8edf-2e8fa4b8f357,BR,2023-01-06 11:48:00,162.0,162.0,0.0,BRL,61,2016-08-12,162.0,BRL,BR,False,False,False,True,False,False,False,2338.0,0.0,0.0,2023-01-06,False,False,,False
275850,018d937f-15f9-7056-8edf-2e8fa4b8f357,BR,2023-02-20 18:30:22,81.0,162.0,50.0,BRL,61,2016-08-12,162.0,BRL,BR,True,False,False,False,False,False,False,2383.0,-81.0,-0.5,2023-02-20,False,False,13.995775462962962,True
275850,018d937f-15f9-7056-8edf-2e8fa4b8f357,BR,2023-03-16 20:27:16,81.0,162.0,50.0,BRL,61,2016-08-12,162.0,BRL,BR,True,False,False,False,False,False,False,2407.0,-81.0,-0.5,2023-03-16,False,False,6.9194560185185185,True
275850,018d937f-15f9-7056-8edf-2e8fa4b8f357,BR,2023-04-05 17:03:11,81.0,162.0,50.0,BRL,61,2016-08-12,162.0,BRL,BR,True,False,False,False,False,False,False,2427.0,-81.0,-0.5,2023-04-05,False,False,14.004120370370371,True
275850,018d937f-15f9-7056-8edf-2e8fa4b8f357,BR,2023-06-05 17:48:17,81.0,162.0,50.0,BRL,61,2016-08-12,162.0,BRL,BR,True,False,False,False,False,False,False,2488.0,-81.0,-0.5,2023-06-05,False,False,13.986203703703703,True
275850,018d937f-15f9-7056-8edf-2e8fa4b8f357,BR,2023-06-29 17:51:05,81.0,162.0,50.0,BRL,61,2016-08-12,162.0,BRL,BR,True,False,False,False,False,False,False,2512.0,-81.0,-0.5,2023-06-29,False,False,13.996793981481481,True
275850,018d937f-15f9-7056-8edf-2e8fa4b8f357,BR,2023-10-04 17:20:13,81.0,162.0,50.0,BRL,61,2016-08-12,162.0,BRL,BR,True,False,False,False,False,False,False,2609.0,-81.0,-0.5,2023-10-04,False,False,13.998622685185186,True
275850,018d937f-15f9-7056-8edf-2e8fa4b8f357,BR,2023-11-21 18:44:22,81.0,162.0,50.0,BRL,61,2016-08-12,162.0,BRL,BR,True,False,False,False,False,False,False,2657.0,-81.0,-0.5,2023-11-21,False,False,6.978425925925926,True
275850,018d937f-15f9-7056-8edf-2e8fa4b8f357,BR,2023-12-04 18:31:05,81.0,162.0,50.0,BRL,61,2016-08-12,162.0,BRL,BR,True,False,False,False,False,False,False,2670.0,-81.0,-0.5,2023-12-04,False,False,13.997372685185185,True
275850,018d937f-15f9-7056-8edf-2e8fa4b8f357,BR,2023-12-21 18:30:58,81.0,162.0,50.0,BRL,61,2016-08-12,162.0,BRL,BR,True,False,False,False,False,False,False,2687.0,-81.0,-0.5,2023-12-21,False,False,13.999606481481482,True
275850,018d937f-15f9-7056-8edf-2e8fa4b8f357,BR,2024-02-12 18:16:26,81.0,162.0,50.0,BRL,61,2016-08-12,162.0,BRL,BR,True,False,False,False,False,False,False,2740.0,-81.0,-0.5,2024-02-12,False,False,14.004525462962963,True
275850,018d937f-15f9-7056-8edf-2e8fa4b8f357,BR,2024-03-14 17:27:41,81.0,162.0,50.0,BRL,61,2016-08-12,162.0,BRL,BR,True,False,False,False,False,False,False,2771.0,-81.0,-0.5,2024-03-14,False,False,6.994398148148148,True
275850,018d937f-15f9-7056-8edf-2e8fa4b8f357,BR,2024-03-27 17:15:30,81.0,162.0,50.0,BRL,61,2016-08-12,162.0,BRL,BR,True,False,False,False,False,False,False,2784.0,-81.0,-0.5,2024-03-27,False,False,12.000775462962963,True
275850,018d937f-15f9-7056-8edf-2e8fa4b8f357,BR,2024-05-27 17:15:46,81.0,162.0,50.0,BRL,61,2016-08-12,162.0,BRL,BR,True,False,False,False,False,False,False,2845.0,-81.0,-0.5,2024-05-27,False,False,14.0,True
275850,018d937f-15f9-7056-8edf-2e8fa4b8f357,BR,2024-06-27 18:21:38,81.0,162.0,50.0,BRL,61,2016-08-12,162.0,BRL,BR,True,False,False,False,False,False,False,2876.0,-81.0,-0.5,2024-06-27,False,False,13.956817129629629,True
275850,018d937f-15f9-7056-8edf-2e8fa4b8f357,BR,2024-07-15 17:20:28,64.8,162.0,60.0,BRL,61,2016-08-12,162.0,BRL,BR,True,False,False,False,False,False,False,2894.0,-97.2,-0.6000000000000001,2024-07-15,False,False,13.997280092592593,True
275850,018d937f-15f9-7056-8edf-2e8fa4b8f357,BR,2024-09-02 17:16:36,64.8,162.0,60.0,BRL,61,2016-08-12,162.0,BRL,BR,True,False,False,False,False,False,False,2943.0,-97.2,-0.6000000000000001,2024-09-02,False,False,14.000416666666666,True
275850,018d937f-15f9-7056-8edf-2e8fa4b8f357,BR,2024-10-21 17:16:28,64.8,162.0,60.0,BRL,61,2016-08-12,162.0,BRL,BR,True,False,False,False,False,False,False,2992.0,-97.2,-0.6000000000000001,2024-10-21,False,False,14.001840277777777,True
275850,018d937f-15f9-7056-8edf-2e8fa4b8f357,BR,2024-11-27 20:43:31,64.8,162.0,60.0,BRL,61,2016-08-12,162.0,BRL,BR,True,False,False,False,False,False,False,3029.0,-97.2,-0.6000000000000001,2024-11-27,False,False,20.90008101851852,True
275850,018d937f-15f9-7056-8edf-2e8fa4b8f357,BR,2024-12-19 20:30:55,64.8,162.0,60.0,BRL,61,2016-08-12,162.0,BRL,BR,True,False,False,False,False,False,False,3051.0,-97.2,-0.6000000000000001,2024-12-19,False,False,13.907685185185185,True
275850,018d937f-15f9-7056-8edf-2e8fa4b8f357,BR,2025-01-27 18:30:26,64.8,162.0,60.0,BRL,61,2016-08-12,162.0,BRL,BR,True,False,False,False,False,False,False,3090.0,-97.2,-0.6000000000000001,2025-01-27,False,False,14.008148148148148,True
275850,018d937f-15f9-7056-8edf-2e8fa4b8f357,BR,2025-03-13 19:20:23,64.8,162.0,60.0,BRL,61,2016-08-12,162.0,BRL,BR,True,False,False,False,False,False,False,3135.0,-97.2,-0.6000000000000001,2025-03-13,False,False,6.915694444444444,True
275850,018d937f-15f9-7056-8edf-2e8fa4b8f357,BR,2025-03-24 17:16:07,64.8,162.0,60.0,BRL,61,2016-08-12,162.0,BRL,BR,True,False,False,False,False,False,False,3146.0,-97.2,-0.6000000000000001,2025-03-24,False,False,14.00173611111111,True
275850,018d937f-15f9-7056-8edf-2e8fa4b8f357,BR,2025-05-26 19:50:17,64.8,162.0,60.0,BRL,61,2016-08-12,162.0,BRL,BR,True,False,False,False,False,False,False,3209.0,-97.2,-0.6000000000000001,2025-05-26,False,False,14.025023148148149,True
275850,018d937f-15f9-7056-8edf-2e8fa4b8f357,BR,2025-06-26 22:31:35,64.8,162.0,60.0,BRL,61,2016-08-12,162.0,BRL,BR,True,False,False,False,False,False,False,3240.0,-97.2,-0.6000000000000001,2025-06-26,False,False,13.782083333333333,True
275850,018d937f-15f9-7056-8edf-2e8fa4b8f357,BR,2025-07-14 17:17:12,64.8,162.0,60.0,BRL,61,2016-08-12,162.0,BRL,BR,True,False,False,False,False,False,False,3258.0,-97.2,-0.6000000000000001,2025-07-14,False,False,11.99931712962963,True
275850,018d937f-15f9-7056-8edf-2e8fa4b8f357,BR,2025-08-25 17:19:47,64.8,162.0,60.0,BRL,61,2016-08-12,162.0,BRL,BR,True,False,False,False,False,False,False,3300.0,-97.2,-0.6000000000000001,2025-08-25,False,False,13.999444444444444,True
275850,018d937f-15f9-7056-8edf-2e8fa4b8f357,BR,2025-09-29 21:05:00,64.8,162.0,60.0,BRL,61,2016-08-12,162.0,BRL,BR,True,False,False,False,False,False,False,3335.0,-97.2,-0.6000000000000001,2025-09-29,False,False,6.843136574074074,True
275850,018d937f-15f9-7056-8edf-2e8fa4b8f357,BR,2025-10-20 17:17:50,64.8,162.0,60.0,BRL,61,2016-08-12,162.0,BRL,BR,True,False,False,False,False,False,False,3356.0,-97.2,-0.6000000000000001,2025-10-20,False,False,13.998773148148148,True
275850,018d937f-15f9-7056-8edf-2e8fa4b8f357,CA,2016-11-23 18:17:01,39.89,66.49,40.0,CAD,61,2016-08-12,77.99,CAD,CA,True,False,False,False,False,False,False,103.0,-38.099999999999994,-0.4885241697653545,2016-11-23,False,False,7.999479166666666,True
275850,018d937f-15f9-7056-8edf-2e8fa4b8f357,CA,2016-12-22 18:45:52,39.89,66.49,40.0,CAD,61,2016-08-12,77.99,CAD,CA,True,False,False,False,False,False,False,132.0,-38.099999999999994,-0.4885241697653545,2016-12-22,False,False,11.000555555555556,True
275850,018d937f-15f9-7056-8edf-2e8fa4b8f357,CA,2017-03-09 18:15:43,39.89,66.49,40.0,CAD,61,2016-08-12,77.99,CAD,CA,True,False,False,False,False,False,False,209.0,-38.099999999999994,-0.4885241697653545,2017-03-09,False,False,3.958622685185185,True
275850,018d937f-15f9-7056-8edf-2e8fa4b8f357,CA,2017-06-22 19:15:44,26.59,66.49,60.0,CAD,61,2016-08-12,77.99,CAD,CA,True,False,False,False,False,False,False,314.0,-51.39999999999999,-0.6590588536991921,2017-06-22,False,False,12.938090277777778,True
275850,018d937f-15f9-7056-8edf-2e8fa4b8f357,CA,2017-08-11 17:45:38,26.59,66.49,60.0,CAD,61,2016-08-12,77.99,CAD,CA,True,False,False,False,False,False,False,364.0,-51.39999999999999,-0.6590588536991921,2017-08-11,False,False,4.9999768518518515,True
275850,018d937f-15f9-7056-8edf-2e8fa4b8f357,CA,2017-10-30 12:15:55,26.59,66.49,60.0,CAD,61,2016-08-12,77.99,CAD,CA,True,False,False,False,False,False,False,444.0,-51.39999999999999,-0.6590588536991921,2017-10-30,False,False,2.229560185185185,True
275850,018d937f-15f9-7056-8edf-2e8fa4b8f357,CA,2017-11-22 19:16:01,26.59,66.49,60.0,CAD,61,2016-08-12,77.99,CAD,CA,True,False,False,False,False,False,False,467.0,-51.39999999999999,-0.6590588536991921,2017-11-22,False,False,5.979571759259259,True
275850,018d937f-15f9-7056-8edf-2e8fa4b8f357,CA,2017-12-21 18:46:44,26.59,66.49,60.0,CAD,61,2016-08-12,77.99,CAD,CA,True,False,False,False,False,False,False,496.0,-51.39999999999999,-0.6590588536991921,2017-12-21,False,False,14.000023148148149,True
275850,018d937f-15f9-7056-8edf-2e8fa4b8f357,CA,2018-02-16 10:21:53,26.59,66.49,60.0,CAD,61,2016-08-12,77.99,CAD,CA,True,False,False,False,False,False,False,553.0,-51.39999999999999,-0.6590588536991921,2018-02-16,False,False,3.3747800925925926,True
275850,018d937f-15f9-7056-8edf-2e8fa4b8f357,CA,2018-05-31 13:48:10,59.99,59.99,0.0,CAD,61,2016-08-12,77.99,CAD,CA,False,False,False,True,False,False,False,657.0,-17.999999999999993,-0.23079882036158472,2018-05-31,False,False,,False
275850,018d937f-15f9-7056-8edf-2e8fa4b8f357,CA,2018-05-31 18:04:09,66.49,66.49,0.0,CAD,61,2016-08-12,77.99,CAD,CA,False,False,False,True,False,False,False,657.0,-11.5,-0.14745480189767923,2018-05-31,False,False,,False
275850,018d937f-15f9-7056-8edf-2e8fa4b8f357,CA,2018-06-21 21:07:23,33.24,66.49,50.0,CAD,61,2016-08-12,77.99,CAD,CA,True,False,False,False,False,False,False,678.0,-44.74999999999999,-0.5737915117322734,2018-06-21,False,False,13.886539351851852,True
275850,018d937f-15f9-7056-8edf-2e8fa4b8f357,CA,2018-07-24 17:28:51,33.24,66.49,50.0,CAD,61,2016-08-12,77.99,CAD,CA,True,False,False,False,False,False,False,711.0,-44.74999999999999,-0.5737915117322734,2018-07-24,False,False,13.02792824074074,True
275850,018d937f-15f9-7056-8edf-2e8fa4b8f357,CA,2018-10-30 01:08:11,33.24,66.49,50.0,CAD,61,2016-08-12,77.99,CAD,CA,True,False,False,False,False,False,False,809.0,-44.74999999999999,-0.5737915117322734,2018-10-30,False,False,2.784386574074074,True
275850,018d937f-15f9-7056-8edf-2e8fa4b8f357,CA,2018-11-21 19:26:17,33.24,66.49,50.0,CAD,61,2016-08-12,77.99,CAD,CA,True,False,False,False,False,False,False,831.0,-44.74999999999999,-0.5737915117322734,2018-11-21,False,False,6.05880787037037,True
275850,018d937f-15f9-7056-8edf-2e8fa4b8f357,CA,2018-12-06 18:26:24,33.24,66.49,50.0,CAD,61,2016-08-12,77.99,CAD,CA,True,False,False,False,False,False,False,846.0,-44.74999999999999,-0.5737915117322734,2018-12-06,False,False,2.0341319444444443,True
275850,018d937f-15f9-7056-8edf-2e8fa4b8f357,CA,2018-12-13 22:56:17,33.24,66.49,50.0,CAD,61,2016-08-12,77.99,CAD,CA,True,False,False,False,False,False,False,853.0,-44.74999999999999,-0.5737915117322734,2018-12-13,False,False,3.8462152777777776,True
275850,018d937f-15f9-7056-8edf-2e8fa4b8f357,CA,2018-12-20 19:31:42,33.24,66.49,50.0,CAD,61,2016-08-12,77.99,CAD,CA,True,False,False,False,False,False,False,860.0,-44.74999999999999,-0.5737915117322734,2018-12-20,False,False,14.094606481481481,True
275850,018d937f-15f9-7056-8edf-2e8fa4b8f357,CA,2019-02-04 21:54:12,33.24,66.49,50.0,CAD,61,2016-08-12,77.99,CAD,CA,True,False,False,False,False,False,False,906.0,-44.74999999999999,-0.5737915117322734,2019-02-04,False,False,6.842986111111111,True
275850,018d937f-15f9-7056-8edf-2e8fa4b8f357,CA,2019-03-25 17:52:52,33.24,66.49,50.0,CAD,61,2016-08-12,77.99,CAD,CA,True,False,False,False,False,False,False,955.0,-44.74999999999999,-0.5737915117322734,2019-03-25,False,False,7.040729166666667,True
275850,018d937f-15f9-7056-8edf-2e8fa4b8f357,CA,2019-05-16 18:31:30,33.24,66.49,50.0,CAD,61,2016-08-12,77.99,CAD,CA,True,False,False,False,False,False,False,1007.0,-44.74999999999999,-0.5737915117322734,2019-05-16,False,False,4.003252314814815,True
275850,018d937f-15f9-7056-8edf-2e8fa4b8f357,CA,2019-06-25 23:34:52,33.24,66.49,50.0,CAD,61,2016-08-12,77.99,CAD,CA,True,False,False,False,False,False,False,1047.0,-44.74999999999999,-0.5737915117322734,2019-06-25,False,False,13.981354166666666,True
275850,018d937f-15f9-7056-8edf-2e8fa4b8f357,CA,2019-07-18 17:19:26,39.89,66.49,40.0,CAD,61,2016-08-12,77.99,CAD,CA,True,False,False,False,False,False,False,1070.0,-38.099999999999994,-0.4885241697653545,2019-07-18,False,False,4.049791666666667,True
275850,018d937f-15f9-7056-8edf-2e8fa4b8f357,CA,2019-08-07 17:20:55,33.24,66.49,50.0,CAD,61,2016-08-12,77.99,CAD,CA,True,False,False,False,False,False,False,1090.0,-44.74999999999999,-0.5737915117322734,2019-08-07,False,False,19.032858796296296,True
275850,018d937f-15f9-7056-8edf-2e8fa4b8f357,CA,2019-10-07 17:21:14,33.24,66.49,50.0,CAD,61,2016-08-12,77.99,CAD,CA,True,False,False,False,False,False,False,1151.0,-44.74999999999999,-0.5737915117322734,2019-10-07,False,False,7.000081018518519,True
275850,018d937f-15f9-7056-8edf-2e8fa4b8f357,CA,2019-10-28 17:35:04,33.24,66.49,50.0,CAD,61,2016-08-12,77.99,CAD,CA,True,False,False,False,False,False,False,1172.0,-44.74999999999999,-0.5737915117322734,2019-10-28,False,False,3.9912847222222223,True
275850,018d937f-15f9-7056-8edf-2e8fa4b8f357,CA,2019-11-26 18:09:52,33.24,66.49,50.0,CAD,61,2016-08-12,77.99,CAD,CA,True,False,False,False,False,False,False,1201.0,-44.74999999999999,-0.5737915117322734,2019-11-26,False,False,7.011724537037037,True
275850,018d937f-15f9-7056-8edf-2e8fa4b8f357,CA,2019-12-12 18:21:14,33.24,66.49,50.0,CAD,61,2016-08-12,77.99,CAD,CA,True,False,False,False,False,False,False,1217.0,-44.74999999999999,-0.5737915117322734,2019-12-12,False,False,2.0001273148148146,True
275850,018d937f-15f9-7056-8edf-2e8fa4b8f357,CA,2019-12-19 18:26:39,33.24,66.49,50.0,CAD,61,2016-08-12,77.99,CAD,CA,True,False,False,False,False,False,False,1224.0,-44.74999999999999,-0.5737915117322734,2019-12-19,False,False,14.00636574074074,True
275850,018d937f-15f9-7056-8edf-2e8fa4b8f357,CA,2020-01-23 18:23:47,33.24,66.49,50.0,CAD,61,2016-08-12,77.99,CAD,CA,True,False,False,False,False,False,False,1259.0,-44.74999999999999,-0.5737915117322734,2020-01-23,False,False,4.002349537037037,True
275850,018d937f-15f9-7056-8edf-2e8fa4b8f357,CA,2020-02-17 18:21:15,33.24,66.49,50.0,CAD,61,2016-08-12,77.99,CAD,CA,True,False,False,False,False,False,False,1284.0,-44.74999999999999,-0.5737915117322734,2020-02-17,False,False,7.000439814814815,True
275850,018d937f-15f9-7056-8edf-2e8fa4b8f357,CA,2020-04-01 17:21:15,33.24,66.49,50.0,CAD,61,2016-08-12,77.99,CAD,CA,True,False,False,False,False,False,False,1328.0,-44.74999999999999,-0.5737915117322734,2020-04-01,False,False,12.000763888888889,True
275850,018d937f-15f9-7056-8edf-2e8fa4b8f357,CA,2020-05-25 17:22:57,33.24,66.49,50.0,CAD,61,2016-08-12,77.99,CAD,CA,True,False,False,False,False,False,False,1382.0,-44.74999999999999,-0.5737915117322734,2020-05-25,False,False,6.999016203703704,True
275850,018d937f-15f9-7056-8edf-2e8fa4b8f357,CA,2020-06-25 18:23:30,33.24,66.49,50.0,CAD,61,2016-08-12,77.99,CAD,CA,True,False,False,False,False,False,False,1413.0,-44.74999999999999,-0.5737915117322734,2020-06-25,False,False,13.960347222222222,True
275850,018d937f-15f9-7056-8edf-2e8fa4b8f357,CA,2020-07-13 17:21:45,33.24,66.49,50.0,CAD,61,2016-08-12,77.99,CAD,CA,True,False,False,False,False,False,False,1431.0,-44.74999999999999,-0.5737915117322734,2020-07-13,False,False,7.0001388888888885,True
275850,018d937f-15f9-7056-8edf-2e8fa4b8f357,CA,2020-09-21 17:22:34,33.24,66.49,50.0,CAD,61,2016-08-12,77.99,CAD,CA,True,False,False,False,False,False,False,1501.0,-44.74999999999999,-0.5737915117322734,2020-09-21,False,False,13.999398148148147,True
275850,018d937f-15f9-7056-8edf-2e8fa4b8f357,CA,2020-10-29 17:08:07,33.24,66.49,50.0,CAD,61,2016-08-12,77.99,CAD,CA,True,False,False,False,False,False,False,1539.0,-44.74999999999999,-0.5737915117322734,2020-10-29,False,False,4.052407407407407,True
275850,018d937f-15f9-7056-8edf-2e8fa4b8f357,CA,2020-11-12 18:21:17,33.24,66.49,50.0,CAD,61,2016-08-12,77.99,CAD,CA,True,False,False,False,False,False,False,1553.0,-44.74999999999999,-0.5737915117322734,2020-11-12,False,False,4.000520833333334,True
275850,018d937f-15f9-7056-8edf-2e8fa4b8f357,CA,2020-11-25 18:32:41,33.24,66.49,50.0,CAD,61,2016-08-12,77.99,CAD,CA,True,False,False,False,False,False,False,1566.0,-44.74999999999999,-0.5737915117322734,2020-11-25,False,False,5.993877314814815,True
275850,018d937f-15f9-7056-8edf-2e8fa4b8f357,CA,2020-12-09 18:07:11,33.24,66.49,50.0,CAD,61,2016-08-12,77.99,CAD,CA,True,False,False,False,False,False,False,1580.0,-44.74999999999999,-0.5737915117322734,2020-12-09,False,False,5.019548611111111,True
275850,018d937f-15f9-7056-8edf-2e8fa4b8f357,CA,2020-12-22 18:58:02,33.24,66.49,50.0,CAD,61,2016-08-12,77.99,CAD,CA,True,False,False,False,False,False,False,1593.0,-44.74999999999999,-0.5737915117322734,2020-12-22,False,False,13.995891203703703,True
275850,018d937f-15f9-7056-8edf-2e8fa4b8f357,CA,2021-02-11 18:58:27,33.24,66.49,50.0,CAD,61,2016-08-12,77.99,CAD,CA,True,False,False,False,False,False,False,1644.0,-44.74999999999999,-0.5737915117322734,2021-02-11,False,False,10.974131944444444,True
275850,018d937f-15f9-7056-8edf-2e8fa4b8f357,CA,2021-03-25 17:19:14,33.24,66.49,50.0,CAD,61,2016-08-12,77.99,CAD,CA,True,False,False,False,False,False,False,1686.0,-44.74999999999999,-0.5737915117322734,2021-03-25,False,False,11.999641203703703,True
275850,018d937f-15f9-7056-8edf-2e8fa4b8f357,CA,2021-05-27 17:22:25,33.24,66.49,50.0,CAD,61,2016-08-12,77.99,CAD,CA,True,False,False,False,False,False,False,1749.0,-44.74999999999999,-0.5737915117322734,2021-05-27,False,False,11.000543981481481,True
275850,018d937f-15f9-7056-8edf-2e8fa4b8f357,CA,2021-06-28 14:27:23,33.24,66.49,50.0,CAD,61,2016-08-12,77.99,CAD,CA,True,False,False,False,False,False,False,1781.0,-44.74999999999999,-0.5737915117322734,2021-06-28,False,False,10.13023148148148,True
275850,018d937f-15f9-7056-8edf-2e8fa4b8f357,CA,2021-07-12 17:19:40,33.24,66.49,50.0,CAD,61,2016-08-12,77.99,CAD,CA,True,False,False,False,False,False,False,1795.0,-44.74999999999999,-0.5737915117322734,2021-07-12,False,False,7.000625,True
275850,018d937f-15f9-7056-8edf-2e8fa4b8f357,CA,2021-08-30 17:22:09,33.24,66.49,50.0,CAD,61,2016-08-12,77.99,CAD,CA,True,False,False,False,False,False,False,1844.0,-44.74999999999999,-0.5737915117322734,2021-08-30,False,False,14.060509259259259,True
275850,018d937f-15f9-7056-8edf-2e8fa4b8f357,CA,2021-09-30 17:19:58,33.24,66.49,50.0,CAD,61,2016-08-12,77.99,CAD,CA,True,False,False,False,False,False,False,1875.0,-44.74999999999999,-0.5737915117322734,2021-09-30,False,False,4.009710648148148,True
275850,018d937f-15f9-7056-8edf-2e8fa4b8f357,CA,2021-10-18 17:20:56,33.24,66.49,50.0,CAD,61,2016-08-12,77.99,CAD,CA,True,False,False,False,False,False,False,1893.0,-44.74999999999999,-0.5737915117322734,2021-10-18,False,False,14.035949074074074,True
275850,018d937f-15f9-7056-8edf-2e8fa4b8f357,CA,2021-11-24 18:49:06,33.24,66.49,50.0,CAD,61,2016-08-12,77.99,CAD,CA,True,False,False,False,False,False,False,1930.0,-44.74999999999999,-0.5737915117322734,2021-11-24,False,False,7.008668981481481,True
275850,018d937f-15f9-7056-8edf-2e8fa4b8f357,CA,2021-12-02 18:39:01,33.24,66.49,50.0,CAD,61,2016-08-12,77.99,CAD,CA,True,False,False,False,False,False,False,1938.0,-44.74999999999999,-0.5737915117322734,2021-12-02,False,False,3.991678240740741,True
275850,018d937f-15f9-7056-8edf-2e8fa4b8f357,CA,2021-12-08 18:20:17,33.24,66.49,50.0,CAD,61,2016-08-12,77.99,CAD,CA,True,False,False,False,False,False,False,1944.0,-44.74999999999999,-0.5737915117322734,2021-12-08,False,False,5.007083333333333,True
275850,018d937f-15f9-7056-8edf-2e8fa4b8f357,CA,2021-12-22 18:26:19,33.24,66.49,50.0,CAD,61,2016-08-12,77.99,CAD,CA,True,False,False,False,False,False,False,1958.0,-44.74999999999999,-0.5737915117322734,2021-12-22,False,False,13.997858796296295,True
275850,018d937f-15f9-7056-8edf-2e8fa4b8f357,CA,2022-01-27 18:35:42,33.24,66.49,50.0,CAD,61,2016-08-12,77.99,CAD,CA,True,False,False,False,False,False,False,1994.0,-44.74999999999999,-0.5737915117322734,2022-01-27,False,False,7.021793981481482,True
275850,018d937f-15f9-7056-8edf-2e8fa4b8f357,CA,2022-02-14 18:27:17,33.24,66.49,50.0,CAD,61,2016-08-12,77.99,CAD,CA,True,False,False,False,False,False,False,2012.0,-44.74999999999999,-0.5737915117322734,2022-02-14,False,False,14.001956018518518,True
275850,018d937f-15f9-7056-8edf-2e8fa4b8f357,CA,2022-04-07 17:21:37,33.24,66.49,50.0,CAD,61,2016-08-12,77.99,CAD,CA,True,False,False,False,False,False,False,2064.0,-44.74999999999999,-0.5737915117322734,2022-04-07,False,False,13.997754629629629,True
275850,018d937f-15f9-7056-8edf-2e8fa4b8f357,CA,2022-05-23 17:37:17,33.24,66.49,50.0,CAD,61,2016-08-12,77.99,CAD,CA,True,False,False,False,False,False,False,2110.0,-44.74999999999999,-0.5737915117322734,2022-05-23,False,False,14.002465277777778,True
275850,018d937f-15f9-7056-8edf-2e8fa4b8f357,CA,2022-06-23 17:54:56,33.24,66.49,50.0,CAD,61,2016-08-12,77.99,CAD,CA,True,False,False,False,False,False,False,2141.0,-44.74999999999999,-0.5737915117322734,2022-06-23,False,False,13.99625,True
275850,018d937f-15f9-7056-8edf-2e8fa4b8f357,CA,2022-07-18 17:42:21,33.24,66.49,50.0,CAD,61,2016-08-12,77.99,CAD,CA,True,False,False,False,False,False,False,2166.0,-44.74999999999999,-0.5737915117322734,2022-07-18,False,False,13.994212962962964,True
275850,018d937f-15f9-7056-8edf-2e8fa4b8f357,CA,2022-08-29 17:40:19,33.24,66.49,50.0,CAD,61,2016-08-12,77.99,CAD,CA,True,False,False,False,False,False,False,2208.0,-44.74999999999999,-0.5737915117322734,2022-08-29,False,False,6.9957060185185185,True
275850,018d937f-15f9-7056-8edf-2e8fa4b8f357,CA,2022-10-06 17:09:24,33.24,66.49,50.0,CAD,61,2016-08-12,77.99,CAD,CA,True,False,False,False,False,False,False,2246.0,-44.74999999999999,-0.5737915117322734,2022-10-06,False,False,13.999953703703703,True
275850,018d937f-15f9-7056-8edf-2e8fa4b8f357,CA,2022-11-22 18:30:39,33.24,66.49,50.0,CAD,61,2016-08-12,77.99,CAD,CA,True,False,False,False,False,False,False,2293.0,-44.74999999999999,-0.5737915117322734,2022-11-22,False,False,21.021145833333332,True
275850,018d937f-15f9-7056-8edf-2e8fa4b8f357,CA,2022-12-22 19:23:04,33.24,66.49,50.0,CAD,61,2016-08-12,77.99,CAD,CA,True,False,False,False,False,False,False,2323.0,-44.74999999999999,-0.5737915117322734,2022-12-22,False,False,13.961446759259259,True
275850,018d937f-15f9-7056-8edf-2e8fa4b8f357,CA,2023-01-06 11:47:58,77.99,77.99,0.0,CAD,61,2016-08-12,77.99,CAD,CA,False,False,False,True,False,False,False,2338.0,0.0,0.0,2023-01-06,False,False,,False
275850,018d937f-15f9-7056-8edf-2e8fa4b8f357,CA,2023-02-20 18:39:20,38.99,77.99,50.0,CAD,61,2016-08-12,77.99,CAD,CA,True,False,False,False,False,False,False,2383.0,-38.99999999999999,-0.5000641107834337,2023-02-20,False,False,13.98130787037037,True
275850,018d937f-15f9-7056-8edf-2e8fa4b8f357,CA,2023-03-16 20:33:17,38.99,77.99,50.0,CAD,61,2016-08-12,77.99,CAD,CA,True,False,False,False,False,False,False,2407.0,-38.99999999999999,-0.5000641107834337,2023-03-16,False,False,6.894259259259259,True
275850,018d937f-15f9-7056-8edf-2e8fa4b8f357,CA,2023-04-05 17:06:13,38.99,77.99,50.0,CAD,61,2016-08-12,77.99,CAD,CA,True,False,False,False,False,False,False,2427.0,-38.99999999999999,-0.5000641107834337,2023-04-05,False,False,14.004189814814815,True
275850,018d937f-15f9-7056-8edf-2e8fa4b8f357,CA,2023-06-05 17:30:31,38.99,77.99,50.0,CAD,61,2016-08-12,77.99,CAD,CA,True,False,False,False,False,False,False,2488.0,-38.99999999999999,-0.5000641107834337,2023-06-05,False,False,13.997731481481482,True
275850,018d937f-15f9-7056-8edf-2e8fa4b8f357,CA,2023-06-29 23:24:45,38.99,77.99,50.0,CAD,61,2016-08-12,77.99,CAD,CA,True,False,False,False,False,False,False,2512.0,-38.99999999999999,-0.5000641107834337,2023-06-29,False,False,13.760960648148147,True
275850,018d937f-15f9-7056-8edf-2e8fa4b8f357,CA,2023-08-21 18:10:01,38.99,77.99,50.0,CAD,61,2016-08-12,77.99,CAD,CA,True,False,False,False,False,False,False,2565.0,-38.99999999999999,-0.5000641107834337,2023-08-21,False,False,14.043229166666666,True
275850,018d937f-15f9-7056-8edf-2e8fa4b8f357,CA,2023-10-04 17:35:33,38.99,77.99,50.0,CAD,61,2016-08-12,77.99,CAD,CA,True,False,False,False,False,False,False,2609.0,-38.99999999999999,-0.5000641107834337,2023-10-04,False,False,13.989224537037037,True
275850,018d937f-15f9-7056-8edf-2e8fa4b8f357,CA,2023-11-21 18:20:17,38.99,77.99,50.0,CAD,61,2016-08-12,77.99,CAD,CA,True,False,False,False,False,False,False,2657.0,-38.99999999999999,-0.5000641107834337,2023-11-21,False,False,7.171215277777778,True
275850,018d937f-15f9-7056-8edf-2e8fa4b8f357,CA,2023-12-04 18:46:04,38.99,77.99,50.0,CAD,61,2016-08-12,77.99,CAD,CA,True,False,False,False,False,False,False,2670.0,-38.99999999999999,-0.5000641107834337,2023-12-04,False,False,13.993229166666667,True
275850,018d937f-15f9-7056-8edf-2e8fa4b8f357,CA,2023-12-21 18:54:15,38.99,77.99,50.0,CAD,61,2016-08-12,77.99,CAD,CA,True,False,False,False,False,False,False,2687.0,-38.99999999999999,-0.5000641107834337,2023-12-21,False,False,13.98136574074074,True
275850,018d937f-15f9-7056-8edf-2e8fa4b8f357,CA,2024-02-12 18:18:51,38.99,77.99,50.0,CAD,61,2016-08-12,77.99,CAD,CA,True,False,False,False,False,False,False,2740.0,-38.99999999999999,-0.5000641107834337,2024-02-12,False,False,14.002685185185186,True
275850,018d937f-15f9-7056-8edf-2e8fa4b8f357,CA,2024-03-14 17:24:54,38.99,77.99,50.0,CAD,61,2016-08-12,77.99,CAD,CA,True,False,False,False,False,False,False,2771.0,-38.99999999999999,-0.5000641107834337,2024-03-14,False,False,6.996331018518519,True
275850,018d937f-15f9-7056-8edf-2e8fa4b8f357,CA,2024-03-27 17:15:13,38.99,77.99,50.0,CAD,61,2016-08-12,77.99,CAD,CA,True,False,False,False,False,False,False,2784.0,-38.99999999999999,-0.5000641107834337,2024-03-27,False,False,12.001689814814815,True
275850,018d937f-15f9-7056-8edf-2e8fa4b8f357,CA,2024-05-27 17:15:56,38.99,77.99,50.0,CAD,61,2016-08-12,77.99,CAD,CA,True,False,False,False,False,False,False,2845.0,-38.99999999999999,-0.5000641107834337,2024-05-27,False,False,14.000034722222223,True
275850,018d937f-15f9-7056-8edf-2e8fa4b8f357,CA,2024-06-27 18:21:32,38.99,77.99,50.0,CAD,61,2016-08-12,77.99,CAD,CA,True,False,False,False,False,False,False,2876.0,-38.99999999999999,-0.5000641107834337,2024-06-27,False,False,13.956886574074074,True
275850,018d937f-15f9-7056-8edf-2e8fa4b8f357,CA,2024-07-15 17:17:19,31.19,77.99,60.0,CAD,61,2016-08-12,77.99,CAD,CA,True,False,False,False,False,False,False,2894.0,-46.8,-0.6000769329401205,2024-07-15,False,False,13.999456018518519,True
275850,018d937f-15f9-7056-8edf-2e8fa4b8f357,CA,2024-09-02 17:17:56,31.19,77.99,60.0,CAD,61,2016-08-12,77.99,CAD,CA,True,False,False,False,False,False,False,2943.0,-46.8,-0.6000769329401205,2024-09-02,False,False,14.005439814814816,True
275850,018d937f-15f9-7056-8edf-2e8fa4b8f357,CA,2024-10-21 17:18:49,31.19,77.99,60.0,CAD,61,2016-08-12,77.99,CAD,CA,True,False,False,False,False,False,False,2992.0,-46.8,-0.6000769329401205,2024-10-21,False,False,13.998055555555556,True
275850,018d937f-15f9-7056-8edf-2e8fa4b8f357,CA,2024-11-27 20:40:58,31.19,77.99,60.0,CAD,61,2016-08-12,77.99,CAD,CA,True,False,False,False,False,False,False,3029.0,-46.8,-0.6000769329401205,2024-11-27,False,False,20.8996875,True
275850,018d937f-15f9-7056-8edf-2e8fa4b8f357,CA,2024-12-19 21:57:59,31.19,77.99,60.0,CAD,61,2016-08-12,77.99,CAD,CA,True,False,False,False,False,False,False,3051.0,-46.8,-0.6000769329401205,2024-12-19,False,False,13.847268518518518,True
275850,018d937f-15f9-7056-8edf-2e8fa4b8f357,CA,2025-01-27 18:29:59,31.19,77.99,60.0,CAD,61,2016-08-12,77.99,CAD,CA,True,False,False,False,False,False,False,3090.0,-46.8,-0.6000769329401205,2025-01-27,False,False,13.999849537037036,True
275850,018d937f-15f9-7056-8edf-2e8fa4b8f357,CA,2025-03-13 19:20:19,31.19,77.99,60.0,CAD,61,2016-08-12,77.99,CAD,CA,True,False,False,False,False,False,False,3135.0,-46.8,-0.6000769329401205,2025-03-13,False,False,6.915856481481481,True
275850,018d937f-15f9-7056-8edf-2e8fa4b8f357,CA,2025-03-24 17:16:09,31.19,77.99,60.0,CAD,61,2016-08-12,77.99,CAD,CA,True,False,False,False,False,False,False,3146.0,-46.8,-0.6000769329401205,2025-03-24,False,False,14.001724537037036,True
275850,018d937f-15f9-7056-8edf-2e8fa4b8f357,CA,2025-05-26 19:21:19,31.19,77.99,60.0,CAD,61,2016-08-12,77.99,CAD,CA,True,False,False,False,False,False,False,3209.0,-46.8,-0.6000769329401205,2025-05-26,False,False,13.997824074074074,True
275850,018d937f-15f9-7056-8edf-2e8fa4b8f357,CA,2025-06-26 22:28:06,31.19,77.99,60.0,CAD,61,2016-08-12,77.99,CAD,CA,True,False,False,False,False,False,False,3240.0,-46.8,-0.6000769329401205,2025-06-26,False,False,13.786030092592593,True
275850,018d937f-15f9-7056-8edf-2e8fa4b8f357,CA,2025-07-14 17:15:54,31.19,77.99,60.0,CAD,61,2016-08-12,77.99,CAD,CA,True,False,False,False,False,False,False,3258.0,-46.8,-0.6000769329401205,2025-07-14,False,False,11.999606481481482,True
275850,018d937f-15f9-7056-8edf-2e8fa4b8f357,CA,2025-08-25 17:27:09,31.19,77.99,60.0,CAD,61,2016-08-12,77.99,CAD,CA,True,False,False,False,False,False,False,3300.0,-46.8,-0.6000769329401205,2025-08-25,False,False,13.994340277777777,True
275850,018d937f-15f9-7056-8edf-2e8fa4b8f357,CA,2025-09-29 21:07:51,31.19,77.99,60.0,CAD,61,2016-08-12,77.99,CAD,CA,True,False,False,False,False,False,False,3335.0,-46.8,-0.6000769329401205,2025-09-29,False,False,6.841168981481482,True
275850,018d937f-15f9-7056-8edf-2e8fa4b8f357,CA,2025-10-20 17:17:48,31.19,77.99,60.0,CAD,61,2016-08-12,77.99,CAD,CA,True,False,False,False,False,False,False,3356.0,-46.8,-0.6000769329401205,2025-10-20,False,False,13.998981481481481,True
275850,018d937f-15f9-7056-8edf-2e8fa4b8f357,CN,2016-11-23 18:21:08,94.0,158.0,41.0,CNY,61,2016-08-12,175.0,CNY,CN,True,False,False,False,False,False,False,103.0,-81.0,-0.46285714285714286,2016-11-23,False,False,8.038900462962962,True
275850,018d937f-15f9-7056-8edf-2e8fa4b8f357,CN,2016-12-22 19:48:03,94.0,158.0,41.0,CNY,61,2016-08-12,175.0,CNY,CN,True,False,False,False,False,False,False,132.0,-81.0,-0.46285714285714286,2016-12-22,False,False,10.93894675925926,True
275850,018d937f-15f9-7056-8edf-2e8fa4b8f357,CN,2017-03-09 18:46:36,95.0,158.0,40.0,CNY,61,2016-08-12,175.0,CNY,CN,True,False,False,False,False,False,False,209.0,-80.0,-0.4571428571428572,2017-03-09,False,False,3.979548611111111,True
275850,018d937f-15f9-7056-8edf-2e8fa4b8f357,CN,2017-06-22 21:16:29,63.0,158.0,60.0,CNY,61,2016-08-12,175.0,CNY,CN,True,False,False,False,False,False,False,314.0,-112.0,-0.64,2017-06-22,False,False,12.875810185185186,True
275850,018d937f-15f9-7056-8edf-2e8fa4b8f357,CN,2017-08-11 18:17:05,63.0,158.0,60.0,CNY,61,2016-08-12,175.0,CNY,CN,True,False,False,False,False,False,False,364.0,-112.0,-0.64,2017-08-11,False,False,4.958240740740741,True
275850,018d937f-15f9-7056-8edf-2e8fa4b8f357,CN,2017-10-30 12:46:18,63.0,158.0,60.0,CNY,61,2016-08-12,175.0,CNY,CN,True,False,False,False,False,False,False,444.0,-112.0,-0.64,2017-10-30,False,False,2.188530092592593,True
275850,018d937f-15f9-7056-8edf-2e8fa4b8f357,CN,2017-11-22 19:17:16,63.0,158.0,60.0,CNY,61,2016-08-12,175.0,CNY,CN,True,False,False,False,False,False,False,467.0,-112.0,-0.64,2017-11-22,False,False,6.020868055555556,True
275850,018d937f-15f9-7056-8edf-2e8fa4b8f357,CN,2017-12-21 18:17:14,63.0,158.0,60.0,CNY,61,2016-08-12,175.0,CNY,CN,True,False,False,False,False,False,False,496.0,-112.0,-0.64,2017-12-21,False,False,14.00113425925926,True
275850,018d937f-15f9-7056-8edf-2e8fa4b8f357,CN,2018-02-16 10:31:00,63.0,158.0,60.0,CNY,61,2016-08-12,175.0,CNY,CN,True,False,False,False,False,False,False,553.0,-112.0,-0.64,2018-02-16,False,False,3.3747106481481484,True
275850,018d937f-15f9-7056-8edf-2e8fa4b8f357,CN,2018-05-31 13:21:06,59.99,59.99,0.0,CNY,61,2016-08-12,175.0,CNY,CN,False,False,False,True,False,False,False,657.0,-115.00999999999999,-0.6572,2018-05-31,False,False,,False
275850,018d937f-15f9-7056-8edf-2e8fa4b8f357,CN,2018-05-31 19:36:39,158.0,158.0,0.0,CNY,61,2016-08-12,175.0,CNY,CN,False,False,False,True,False,False,False,657.0,-17.0,-0.0971428571428572,2018-05-31,False,False,,False
275850,018d937f-15f9-7056-8edf-2e8fa4b8f357,CN,2018-06-21 18:17:43,79.0,158.0,50.0,CNY,61,2016-08-12,175.0,CNY,CN,True,False,False,False,False,False,False,678.0,-96.0,-0.5485714285714286,2018-06-21,False,False,14.080092592592592,True
275850,018d937f-15f9-7056-8edf-2e8fa4b8f357,CN,2018-07-24 17:16:31,79.0,158.0,50.0,CNY,61,2016-08-12,175.0,CNY,CN,True,False,False,False,False,False,False,711.0,-96.0,-0.5485714285714286,2018-07-24,False,False,13.009803240740741,True
275850,018d937f-15f9-7056-8edf-2e8fa4b8f357,CN,2018-10-29 17:30:05,79.0,158.0,50.0,CNY,61,2016-08-12,175.0,CNY,CN,True,False,False,False,False,False,False,808.0,-96.0,-0.5485714285714286,2018-10-29,False,False,3.009398148148148,True
275850,018d937f-15f9-7056-8edf-2e8fa4b8f357,CN,2018-11-21 20:23:10,79.0,158.0,50.0,CNY,61,2016-08-12,175.0,CNY,CN,True,False,False,False,False,False,False,831.0,-96.0,-0.5485714285714286,2018-11-21,False,False,5.981238425925926,True
275850,018d937f-15f9-7056-8edf-2e8fa4b8f357,CN,2018-12-06 18:29:36,79.0,158.0,50.0,CNY,61,2016-08-12,175.0,CNY,CN,True,False,False,False,False,False,False,846.0,-96.0,-0.5485714285714286,2018-12-06,False,False,2.015833333333333,True
275850,018d937f-15f9-7056-8edf-2e8fa4b8f357,CN,2018-12-13 22:42:53,79.0,158.0,50.0,CNY,61,2016-08-12,175.0,CNY,CN,True,False,False,False,False,False,False,853.0,-96.0,-0.5485714285714286,2018-12-13,False,False,3.8560069444444443,True
275850,018d937f-15f9-7056-8edf-2e8fa4b8f357,CN,2018-12-20 19:52:12,79.0,158.0,50.0,CNY,61,2016-08-12,175.0,CNY,CN,True,False,False,False,False,False,False,860.0,-96.0,-0.5485714285714286,2018-12-20,False,False,14.146180555555556,True
275850,018d937f-15f9-7056-8edf-2e8fa4b8f357,CN,2019-02-04 20:44:20,79.0,158.0,50.0,CNY,61,2016-08-12,175.0,CNY,CN,True,False,False,False,False,False,False,906.0,-96.0,-0.5485714285714286,2019-02-04,False,False,6.903171296296296,True
275850,018d937f-15f9-7056-8edf-2e8fa4b8f357,CN,2019-03-25 17:15:55,79.0,158.0,50.0,CNY,61,2016-08-12,175.0,CNY,CN,True,False,False,False,False,False,False,955.0,-96.0,-0.5485714285714286,2019-03-25,False,False,7.024768518518519,True
275850,018d937f-15f9-7056-8edf-2e8fa4b8f357,CN,2019-05-16 18:00:04,79.0,158.0,50.0,CNY,61,2016-08-12,175.0,CNY,CN,True,False,False,False,False,False,False,1007.0,-96.0,-0.5485714285714286,2019-05-16,False,False,3.988888888888889,True
275850,018d937f-15f9-7056-8edf-2e8fa4b8f357,CN,2019-06-26 00:03:52,79.0,158.0,50.0,CNY,61,2016-08-12,175.0,CNY,CN,True,False,False,False,False,False,False,1048.0,-96.0,-0.5485714285714286,2019-06-26,False,False,13.995173611111111,True
275850,018d937f-15f9-7056-8edf-2e8fa4b8f357,CN,2019-07-18 18:11:41,94.0,158.0,41.0,CNY,61,2016-08-12,175.0,CNY,CN,True,False,False,False,False,False,False,1070.0,-81.0,-0.46285714285714286,2019-07-18,False,False,4.054560185185185,True
275850,018d937f-15f9-7056-8edf-2e8fa4b8f357,CN,2019-08-07 17:18:31,79.0,158.0,50.0,CNY,61,2016-08-12,175.0,CNY,CN,True,False,False,False,False,False,False,1090.0,-96.0,-0.5485714285714286,2019-08-07,False,False,19.028217592592593,True
275850,018d937f-15f9-7056-8edf-2e8fa4b8f357,CN,2019-10-07 17:21:27,79.0,158.0,50.0,CNY,61,2016-08-12,175.0,CNY,CN,True,False,False,False,False,False,False,1151.0,-96.0,-0.5485714285714286,2019-10-07,False,False,6.999780092592593,True
275850,018d937f-15f9-7056-8edf-2e8fa4b8f357,CN,2019-10-28 17:33:41,79.0,158.0,50.0,CNY,61,2016-08-12,175.0,CNY,CN,True,False,False,False,False,False,False,1172.0,-96.0,-0.5485714285714286,2019-10-28,False,False,3.9966550925925928,True
275850,018d937f-15f9-7056-8edf-2e8fa4b8f357,CN,2019-11-26 18:07:43,79.0,158.0,50.0,CNY,61,2016-08-12,175.0,CNY,CN,True,False,False,False,False,False,False,1201.0,-96.0,-0.5485714285714286,2019-11-26,False,False,7.0167476851851855,True
275850,018d937f-15f9-7056-8edf-2e8fa4b8f357,CN,2019-12-12 18:21:38,79.0,158.0,50.0,CNY,61,2016-08-12,175.0,CNY,CN,True,False,False,False,False,False,False,1217.0,-96.0,-0.5485714285714286,2019-12-12,False,False,1.9997685185185186,True
275850,018d937f-15f9-7056-8edf-2e8fa4b8f357,CN,2019-12-19 18:21:23,79.0,158.0,50.0,CNY,61,2016-08-12,175.0,CNY,CN,True,False,False,False,False,False,False,1224.0,-96.0,-0.5485714285714286,2019-12-19,False,False,14.014548611111111,True
275850,018d937f-15f9-7056-8edf-2e8fa4b8f357,CN,2020-01-23 18:27:46,79.0,158.0,50.0,CNY,61,2016-08-12,175.0,CNY,CN,True,False,False,False,False,False,False,1259.0,-96.0,-0.5485714285714286,2020-01-23,False,False,4.001597222222222,True
275850,018d937f-15f9-7056-8edf-2e8fa4b8f357,CN,2020-02-17 18:21:37,79.0,158.0,50.0,CNY,61,2016-08-12,175.0,CNY,CN,True,False,False,False,False,False,False,1284.0,-96.0,-0.5485714285714286,2020-02-17,False,False,7.0001388888888885,True
275850,018d937f-15f9-7056-8edf-2e8fa4b8f357,CN,2020-04-01 17:21:12,79.0,158.0,50.0,CNY,61,2016-08-12,175.0,CNY,CN,True,False,False,False,False,False,False,1328.0,-96.0,-0.5485714285714286,2020-04-01,False,False,12.000798611111112,True
275850,018d937f-15f9-7056-8edf-2e8fa4b8f357,CN,2020-05-25 17:22:03,79.0,158.0,50.0,CNY,61,2016-08-12,175.0,CNY,CN,True,False,False,False,False,False,False,1382.0,-96.0,-0.5485714285714286,2020-05-25,False,False,6.9995717592592595,True
275850,018d937f-15f9-7056-8edf-2e8fa4b8f357,CN,2020-06-25 18:24:08,79.0,158.0,50.0,CNY,61,2016-08-12,175.0,CNY,CN,True,False,False,False,False,False,False,1413.0,-96.0,-0.5485714285714286,2020-06-25,False,False,13.966215277777778,True
275850,018d937f-15f9-7056-8edf-2e8fa4b8f357,CN,2020-07-02 15:35:11,69.0,139.0,50.0,CNY,61,2016-08-12,175.0,CNY,CN,True,False,False,False,False,False,False,1420.0,-106.0,-0.6057142857142856,2020-07-02,False,False,,False
275850,018d937f-15f9-7056-8edf-2e8fa4b8f357,CN,2020-07-13 17:21:27,69.0,139.0,50.0,CNY,61,2016-08-12,175.0,CNY,CN,True,False,False,False,False,False,False,1431.0,-106.0,-0.6057142857142856,2020-07-13,False,False,7.000069444444445,True
275850,018d937f-15f9-7056-8edf-2e8fa4b8f357,CN,2020-09-21 17:22:41,69.0,139.0,50.0,CNY,61,2016-08-12,175.0,CNY,CN,True,False,False,False,False,False,False,1501.0,-106.0,-0.6057142857142856,2020-09-21,False,False,13.999131944444445,True
275850,018d937f-15f9-7056-8edf-2e8fa4b8f357,CN,2020-10-29 17:00:34,69.0,139.0,50.0,CNY,61,2016-08-12,175.0,CNY,CN,True,False,False,False,False,False,False,1539.0,-106.0,-0.6057142857142856,2020-10-29,False,False,4.060509259259259,True
275850,018d937f-15f9-7056-8edf-2e8fa4b8f357,CN,2020-11-12 18:21:09,69.0,139.0,50.0,CNY,61,2016-08-12,175.0,CNY,CN,True,False,False,False,False,False,False,1553.0,-106.0,-0.6057142857142856,2020-11-12,False,False,4.000462962962963,True
275850,018d937f-15f9-7056-8edf-2e8fa4b8f357,CN,2020-11-25 18:27:13,69.0,139.0,50.0,CNY,61,2016-08-12,175.0,CNY,CN,True,False,False,False,False,False,False,1566.0,-106.0,-0.6057142857142856,2020-11-25,False,False,5.998645833333334,True
275850,018d937f-15f9-7056-8edf-2e8fa4b8f357,CN,2020-12-09 18:00:15,69.0,139.0,50.0,CNY,61,2016-08-12,175.0,CNY,CN,True,False,False,False,False,False,False,1580.0,-106.0,-0.6057142857142856,2020-12-09,False,False,5.024340277777778,True
275850,018d937f-15f9-7056-8edf-2e8fa4b8f357,CN,2020-12-22 18:59:18,69.0,139.0,50.0,CNY,61,2016-08-12,175.0,CNY,CN,True,False,False,False,False,False,False,1593.0,-106.0,-0.6057142857142856,2020-12-22,False,False,13.99363425925926,True
275850,018d937f-15f9-7056-8edf-2e8fa4b8f357,CN,2021-02-11 18:58:08,69.0,139.0,50.0,CNY,61,2016-08-12,175.0,CNY,CN,True,False,False,False,False,False,False,1644.0,-106.0,-0.6057142857142856,2021-02-11,False,False,10.974340277777777,True
275850,018d937f-15f9-7056-8edf-2e8fa4b8f357,CN,2021-03-25 17:19:10,69.0,139.0,50.0,CNY,61,2016-08-12,175.0,CNY,CN,True,False,False,False,False,False,False,1686.0,-106.0,-0.6057142857142856,2021-03-25,False,False,11.999664351851852,True
275850,018d937f-15f9-7056-8edf-2e8fa4b8f357,CN,2021-05-27 17:22:26,69.0,139.0,50.0,CNY,61,2016-08-12,175.0,CNY,CN,True,False,False,False,False,False,False,1749.0,-106.0,-0.6057142857142856,2021-05-27,False,False,11.000590277777778,True
275850,018d937f-15f9-7056-8edf-2e8fa4b8f357,CN,2021-06-28 14:27:29,69.0,139.0,50.0,CNY,61,2016-08-12,175.0,CNY,CN,True,False,False,False,False,False,False,1781.0,-106.0,-0.6057142857142856,2021-06-28,False,False,10.129780092592593,True
275850,018d937f-15f9-7056-8edf-2e8fa4b8f357,CN,2021-07-12 17:19:20,69.0,139.0,50.0,CNY,61,2016-08-12,175.0,CNY,CN,True,False,False,False,False,False,False,1795.0,-106.0,-0.6057142857142856,2021-07-12,False,False,7.002465277777778,True
275850,018d937f-15f9-7056-8edf-2e8fa4b8f357,CN,2021-07-20 16:48:17,156.0,156.0,0.0,CNY,61,2016-08-12,175.0,CNY,CN,False,False,False,True,False,False,False,1803.0,-19.0,-0.10857142857142854,2021-07-20,False,False,,False
275850,018d937f-15f9-7056-8edf-2e8fa4b8f357,CN,2021-08-30 17:06:14,78.0,156.0,50.0,CNY,61,2016-08-12,175.0,CNY,CN,True,False,False,False,False,False,False,1844.0,-97.0,-0.5542857142857143,2021-08-30,False,False,14.021886574074074,True
275850,018d937f-15f9-7056-8edf-2e8fa4b8f357,CN,2021-09-30 17:19:52,78.0,156.0,50.0,CNY,61,2016-08-12,175.0,CNY,CN,True,False,False,False,False,False,False,1875.0,-97.0,-0.5542857142857143,2021-09-30,False,False,4.0073032407407405,True
275850,018d937f-15f9-7056-8edf-2e8fa4b8f357,CN,2021-10-18 17:21:28,78.0,156.0,50.0,CNY,61,2016-08-12,175.0,CNY,CN,True,False,False,False,False,False,False,1893.0,-97.0,-0.5542857142857143,2021-10-18,False,False,14.012662037037037,True
275850,018d937f-15f9-7056-8edf-2e8fa4b8f357,CN,2021-11-24 19:30:34,78.0,156.0,50.0,CNY,61,2016-08-12,175.0,CNY,CN,True,False,False,False,False,False,False,1930.0,-97.0,-0.5542857142857143,2021-11-24,False,False,6.996365740740741,True
275850,018d937f-15f9-7056-8edf-2e8fa4b8f357,CN,2021-12-02 18:33:27,78.0,156.0,50.0,CNY,61,2016-08-12,175.0,CNY,CN,True,False,False,False,False,False,False,1938.0,-97.0,-0.5542857142857143,2021-12-02,False,False,3.995740740740741,True
275850,018d937f-15f9-7056-8edf-2e8fa4b8f357,CN,2021-12-08 18:18:12,78.0,156.0,50.0,CNY,61,2016-08-12,175.0,CNY,CN,True,False,False,False,False,False,False,1944.0,-97.0,-0.5542857142857143,2021-12-08,False,False,4.995983796296296,True
275850,018d937f-15f9-7056-8edf-2e8fa4b8f357,CN,2021-12-22 18:30:18,78.0,156.0,50.0,CNY,61,2016-08-12,175.0,CNY,CN,True,False,False,False,False,False,False,1958.0,-97.0,-0.5542857142857143,2021-12-22,False,False,13.998969907407407,True
275850,018d937f-15f9-7056-8edf-2e8fa4b8f357,CN,2022-01-27 18:58:33,78.0,156.0,50.0,CNY,61,2016-08-12,175.0,CNY,CN,True,False,False,False,False,False,False,1994.0,-97.0,-0.5542857142857143,2022-01-27,False,False,6.979027777777778,True
275850,018d937f-15f9-7056-8edf-2e8fa4b8f357,CN,2022-02-14 18:27:20,78.0,156.0,50.0,CNY,61,2016-08-12,175.0,CNY,CN,True,False,False,False,False,False,False,2012.0,-97.0,-0.5542857142857143,2022-02-14,False,False,14.019733796296297,True
275850,018d937f-15f9-7056-8edf-2e8fa4b8f357,CN,2022-04-07 17:20:40,78.0,156.0,50.0,CNY,61,2016-08-12,175.0,CNY,CN,True,False,False,False,False,False,False,2064.0,-97.0,-0.5542857142857143,2022-04-07,False,False,13.992083333333333,True
275850,018d937f-15f9-7056-8edf-2e8fa4b8f357,CN,2022-05-23 17:09:34,78.0,156.0,50.0,CNY,61,2016-08-12,175.0,CNY,CN,True,False,False,False,False,False,False,2110.0,-97.0,-0.5542857142857143,2022-05-23,False,False,14.017835648148148,True
275850,018d937f-15f9-7056-8edf-2e8fa4b8f357,CN,2022-06-23 23:18:47,78.0,156.0,50.0,CNY,61,2016-08-12,175.0,CNY,CN,True,False,False,False,False,False,False,2141.0,-97.0,-0.5542857142857143,2022-06-23,False,False,13.75675925925926,True
275850,018d937f-15f9-7056-8edf-2e8fa4b8f357,CN,2022-07-18 19:00:40,78.0,156.0,50.0,CNY,61,2016-08-12,175.0,CNY,CN,True,False,False,False,False,False,False,2166.0,-97.0,-0.5542857142857143,2022-07-18,False,False,13.9190625,True
275850,018d937f-15f9-7056-8edf-2e8fa4b8f357,CN,2022-08-29 17:30:25,78.0,156.0,50.0,CNY,61,2016-08-12,175.0,CNY,CN,True,False,False,False,False,False,False,2208.0,-97.0,-0.5542857142857143,2022-08-29,False,False,6.985381944444445,True
275850,018d937f-15f9-7056-8edf-2e8fa4b8f357,CN,2022-10-06 17:05:01,78.0,156.0,50.0,CNY,61,2016-08-12,175.0,CNY,CN,True,False,False,False,False,False,False,2246.0,-97.0,-0.5542857142857143,2022-10-06,False,False,14.005127314814814,True
275850,018d937f-15f9-7056-8edf-2e8fa4b8f357,CN,2022-11-22 18:46:25,78.0,156.0,50.0,CNY,61,2016-08-12,175.0,CNY,CN,True,False,False,False,False,False,False,2293.0,-97.0,-0.5542857142857143,2022-11-22,False,False,21.010219907407407,True
275850,018d937f-15f9-7056-8edf-2e8fa4b8f357,CN,2022-12-22 23:14:12,78.0,156.0,50.0,CNY,61,2016-08-12,175.0,CNY,CN,True,False,False,False,False,False,False,2323.0,-97.0,-0.5542857142857143,2022-12-22,False,False,13.815694444444444,True
275850,018d937f-15f9-7056-8edf-2e8fa4b8f357,CN,2023-01-06 11:55:18,198.0,198.0,0.0,CNY,61,2016-08-12,175.0,CNY,CN,False,False,False,True,False,False,False,2338.0,23.0,0.13142857142857145,2023-01-06,False,False,,False
275850,018d937f-15f9-7056-8edf-2e8fa4b8f357,CN,2023-02-20 18:18:22,99.0,198.0,50.0,CNY,61,2016-08-12,175.0,CNY,CN,True,False,False,False,False,False,False,2383.0,-76.0,-0.4342857142857143,2023-02-20,False,False,13.995856481481482,True
275850,018d937f-15f9-7056-8edf-2e8fa4b8f357,CN,2023-03-16 20:27:52,99.0,198.0,50.0,CNY,61,2016-08-12,175.0,CNY,CN,True,False,False,False,False,False,False,2407.0,-76.0,-0.4342857142857143,2023-03-16,False,False,6.93568287037037,True
275850,018d937f-15f9-7056-8edf-2e8fa4b8f357,CN,2023-04-05 17:18:08,99.0,198.0,50.0,CNY,61,2016-08-12,175.0,CNY,CN,True,False,False,False,False,False,False,2427.0,-76.0,-0.4342857142857143,2023-04-05,False,False,13.98962962962963,True
275850,018d937f-15f9-7056-8edf-2e8fa4b8f357,CN,2023-06-05 17:18:20,99.0,198.0,50.0,CNY,61,2016-08-12,175.0,CNY,CN,True,False,False,False,False,False,False,2488.0,-76.0,-0.4342857142857143,2023-06-05,False,False,14.000081018518518,True
275850,018d937f-15f9-7056-8edf-2e8fa4b8f357,CN,2023-06-21 15:33:17,175.0,175.0,0.0,CNY,61,2016-08-12,175.0,CNY,CN,False,False,False,True,False,False,False,2504.0,0.0,0.0,2023-06-21,False,False,,False
275850,018d937f-15f9-7056-8edf-2e8fa4b8f357,CN,2023-06-29 22:39:46,87.5,175.0,50.0,CNY,61,2016-08-12,175.0,CNY,CN,True,False,False,False,False,False,False,2512.0,-87.5,-0.5,2023-06-29,False,False,13.800694444444444,True
275850,018d937f-15f9-7056-8edf-2e8fa4b8f357,CN,2023-08-21 17:49:17,87.5,175.0,50.0,CNY,61,2016-08-12,175.0,CNY,CN,True,False,False,False,False,False,False,2565.0,-87.5,-0.5,2023-08-21,False,False,13.968032407407408,True
275850,018d937f-15f9-7056-8edf-2e8fa4b8f357,CN,2023-10-04 17:49:26,87.5,175.0,50.0,CNY,61,2016-08-12,175.0,CNY,CN,True,False,False,False,False,False,False,2609.0,-87.5,-0.5,2023-10-04,False,False,13.979351851851852,True
275850,018d937f-15f9-7056-8edf-2e8fa4b8f357,CN,2023-11-21 18:26:35,87.5,175.0,50.0,CNY,61,2016-08-12,175.0,CNY,CN,True,False,False,False,False,False,False,2657.0,-87.5,-0.5,2023-11-21,False,False,7.164513888888889,True
275850,018d937f-15f9-7056-8edf-2e8fa4b8f357,CN,2023-12-04 18:03:27,87.5,175.0,50.0,CNY,61,2016-08-12,175.0,CNY,CN,True,False,False,False,False,False,False,2670.0,-87.5,-0.5,2023-12-04,False,False,14.002037037037036,True
275850,018d937f-15f9-7056-8edf-2e8fa4b8f357,CN,2023-12-21 18:11:07,87.5,175.0,50.0,CNY,61,2016-08-12,175.0,CNY,CN,True,False,False,False,False,False,False,2687.0,-87.5,-0.5,2023-12-21,False,False,14.013449074074074,True
275850,018d937f-15f9-7056-8edf-2e8fa4b8f357,CN,2024-02-12 18:16:28,87.5,175.0,50.0,CNY,61,2016-08-12,175.0,CNY,CN,True,False,False,False,False,False,False,2740.0,-87.5,-0.5,2024-02-12,False,False,14.00431712962963,True
275850,018d937f-15f9-7056-8edf-2e8fa4b8f357,CN,2024-03-14 17:27:52,87.5,175.0,50.0,CNY,61,2016-08-12,175.0,CNY,CN,True,False,False,False,False,False,False,2771.0,-87.5,-0.5,2024-03-14,False,False,6.992291666666667,True
275850,018d937f-15f9-7056-8edf-2e8fa4b8f357,CN,2024-03-27 17:15:19,87.5,175.0,50.0,CNY,61,2016-08-12,175.0,CNY,CN,True,False,False,False,False,False,False,2784.0,-87.5,-0.5,2024-03-27,False,False,12.000891203703704,True
275850,018d937f-15f9-7056-8edf-2e8fa4b8f357,CN,2024-05-27 17:15:55,87.5,175.0,50.0,CNY,61,2016-08-12,175.0,CNY,CN,True,False,False,False,False,False,False,2845.0,-87.5,-0.5,2024-05-27,False,False,14.002106481481482,True
275850,018d937f-15f9-7056-8edf-2e8fa4b8f357,CN,2024-06-27 18:21:45,87.5,175.0,50.0,CNY,61,2016-08-12,175.0,CNY,CN,True,False,False,False,False,False,False,2876.0,-87.5,-0.5,2024-06-27,False,False,13.956747685185185,True
275850,018d937f-15f9-7056-8edf-2e8fa4b8f357,CN,2024-07-15 17:16:55,70.0,175.0,60.0,CNY,61,2016-08-12,175.0,CNY,CN,True,False,False,False,False,False,False,2894.0,-105.0,-0.6,2024-07-15,False,False,14.003055555555555,True
275850,018d937f-15f9-7056-8edf-2e8fa4b8f357,CN,2024-09-02 17:16:37,70.0,175.0,60.0,CNY,61,2016-08-12,175.0,CNY,CN,True,False,False,False,False,False,False,2943.0,-105.0,-0.6,2024-09-02,False,False,14.001087962962963,True
275850,018d937f-15f9-7056-8edf-2e8fa4b8f357,CN,2024-10-21 17:18:43,70.0,175.0,60.0,CNY,61,2016-08-12,175.0,CNY,CN,True,False,False,False,False,False,False,2992.0,-105.0,-0.6,2024-10-21,False,False,14.000219907407407,True
275850,018d937f-15f9-7056-8edf-2e8fa4b8f357,CN,2024-11-27 20:40:43,70.0,175.0,60.0,CNY,61,2016-08-12,175.0,CNY,CN,True,False,False,False,False,False,False,3029.0,-105.0,-0.6,2024-11-27,False,False,20.899247685185184,True
275850,018d937f-15f9-7056-8edf-2e8fa4b8f357,CN,2024-12-19 21:54:02,70.0,175.0,60.0,CNY,61,2016-08-12,175.0,CNY,CN,True,False,False,False,False,False,False,3051.0,-105.0,-0.6,2024-12-19,False,False,13.849965277777779,True
275850,018d937f-15f9-7056-8edf-2e8fa4b8f357,CN,2025-01-27 18:29:54,70.0,175.0,60.0,CNY,61,2016-08-12,175.0,CNY,CN,True,False,False,False,False,False,False,3090.0,-105.0,-0.6,2025-01-27,False,False,14.00869212962963,True
275850,018d937f-15f9-7056-8edf-2e8fa4b8f357,CN,2025-03-13 19:32:40,70.0,175.0,60.0,CNY,61,2016-08-12,175.0,CNY,CN,True,False,False,False,False,False,False,3135.0,-105.0,-0.6,2025-03-13,False,False,6.907141203703704,True
275850,018d937f-15f9-7056-8edf-2e8fa4b8f357,CN,2025-03-24 17:16:41,70.0,175.0,60.0,CNY,61,2016-08-12,175.0,CNY,CN,True,False,False,False,False,False,False,3146.0,-105.0,-0.6,2025-03-24,False,False,13.999768518518518,True
275850,018d937f-15f9-7056-8edf-2e8fa4b8f357,CN,2025-05-26 19:50:29,70.0,175.0,60.0,CNY,61,2016-08-12,175.0,CNY,CN,True,False,False,False,False,False,False,3209.0,-105.0,-0.6,2025-05-26,False,False,14.02300925925926,True
275850,018d937f-15f9-7056-8edf-2e8fa4b8f357,CN,2025-06-26 22:30:25,70.0,175.0,60.0,CNY,61,2016-08-12,175.0,CNY,CN,True,False,False,False,False,False,False,3240.0,-105.0,-0.6,2025-06-26,False,False,13.784247685185186,True
275850,018d937f-15f9-7056-8edf-2e8fa4b8f357,CN,2025-07-14 17:17:22,70.0,175.0,60.0,CNY,61,2016-08-12,175.0,CNY,CN,True,False,False,False,False,False,False,3258.0,-105.0,-0.6,2025-07-14,False,False,11.998761574074074,True
275850,018d937f-15f9-7056-8edf-2e8fa4b8f357,CN,2025-08-25 17:27:34,70.0,175.0,60.0,CNY,61,2016-08-12,175.0,CNY,CN,True,False,False,False,False,False,False,3300.0,-105.0,-0.6,2025-08-25,False,False,13.993125,True
275850,018d937f-15f9-7056-8edf-2e8fa4b8f357,CN,2025-09-29 20:56:27,70.0,175.0,60.0,CNY,61,2016-08-12,175.0,CNY,CN,True,False,False,False,False,False,False,3335.0,-105.0,-0.6,2025-09-29,False,False,6.850451388888889,True
275850,018d937f-15f9-7056-8edf-2e8fa4b8f357,CN,2025-10-20 17:17:55,70.0,175.0,60.0,CNY,61,2016-08-12,175.0,CNY,CN,True,False,False,False,False,False,False,3356.0,-105.0,-0.6,2025-10-20,False,False,13.998622685185186,True
275850,018d937f-15f9-7056-8edf-2e8fa4b8f357,DE,2016-11-23 18:45:05,35.99,59.99,40.0,EUR,61,2016-08-12,58.99,EUR,DE,True,False,False,False,False,False,False,103.0,-23.0,-0.38989659264282084,2016-11-23,False,False,8.000011574074074,True
275850,018d937f-15f9-7056-8edf-2e8fa4b8f357,DE,2016-12-22 19:15:05,35.99,59.99,40.0,EUR,61,2016-08-12,58.99,EUR,DE,True,False,False,False,False,False,False,132.0,-23.0,-0.38989659264282084,2016-12-22,False,False,10.97917824074074,True
275850,018d937f-15f9-7056-8edf-2e8fa4b8f357,DE,2017-03-09 18:15:13,35.99,59.99,40.0,EUR,61,2016-08-12,58.99,EUR,DE,True,False,False,False,False,False,False,209.0,-23.0,-0.38989659264282084,2017-03-09,False,False,3.9584027777777777,True
275850,018d937f-15f9-7056-8edf-2e8fa4b8f357,DE,2017-06-22 20:45:03,23.99,59.99,60.0,EUR,61,2016-08-12,58.99,EUR,DE,True,False,False,False,False,False,False,314.0,-35.0,-0.5933209018477709,2017-06-22,False,False,12.895891203703703,True
275850,018d937f-15f9-7056-8edf-2e8fa4b8f357,DE,2017-08-11 17:45:04,23.99,59.99,60.0,EUR,61,2016-08-12,58.99,EUR,DE,True,False,False,False,False,False,False,364.0,-35.0,-0.5933209018477709,2017-08-11,False,False,5.000011574074074,True
275850,018d937f-15f9-7056-8edf-2e8fa4b8f357,DE,2017-10-30 12:15:14,23.99,59.99,60.0,EUR,61,2016-08-12,58.99,EUR,DE,True,False,False,False,False,False,False,444.0,-35.0,-0.5933209018477709,2017-10-30,False,False,2.2707291666666665,True
275850,018d937f-15f9-7056-8edf-2e8fa4b8f357,DE,2017-11-15 18:15:13,54.99,54.99,0.0,EUR,61,2016-08-12,58.99,EUR,DE,False,False,False,True,False,False,False,460.0,-4.0,-0.06780810306831664,2017-11-15,False,False,,False
275850,018d937f-15f9-7056-8edf-2e8fa4b8f357,DE,2017-11-22 18:15:05,21.99,54.99,60.0,EUR,61,2016-08-12,58.99,EUR,DE,True,False,False,False,False,False,False,467.0,-37.0,-0.6272249533819292,2017-11-22,False,False,6.041793981481481,True
275850,018d937f-15f9-7056-8edf-2e8fa4b8f357,DE,2017-12-21 18:45:04,21.99,54.99,60.0,EUR,61,2016-08-12,58.99,EUR,DE,True,False,False,False,False,False,False,496.0,-37.0,-0.6272249533819292,2017-12-21,False,False,14.000023148148149,True
275850,018d937f-15f9-7056-8edf-2e8fa4b8f357,DE,2018-02-16 10:45:07,21.99,54.99,60.0,EUR,61,2016-08-12,58.99,EUR,DE,True,False,False,False,False,False,False,553.0,-37.0,-0.6272249533819292,2018-02-16,False,False,3.312546296296296,True
275850,018d937f-15f9-7056-8edf-2e8fa4b8f357,DE,2018-06-21 17:51:18,27.49,54.99,50.0,EUR,61,2016-08-12,58.99,EUR,DE,True,False,False,False,False,False,False,678.0,-31.500000000000004,-0.5339888116629938,2018-06-21,False,False,13.99855324074074,True
275850,018d937f-15f9-7056-8edf-2e8fa4b8f357,DE,2018-07-24 17:14:25,27.49,54.99,50.0,EUR,61,2016-08-12,58.99,EUR,DE,True,False,False,False,False,False,False,711.0,-31.500000000000004,-0.5339888116629938,2018-07-24,False,False,13.002430555555556,True
275850,018d937f-15f9-7056-8edf-2e8fa4b8f357,DE,2018-10-29 17:18:26,27.49,54.99,50.0,EUR,61,2016-08-12,58.99,EUR,DE,True,False,False,False,False,False,False,808.0,-31.500000000000004,-0.5339888116629938,2018-10-29,False,False,3.0098842592592594,True
275850,018d937f-15f9-7056-8edf-2e8fa4b8f357,DE,2018-11-21 19:01:29,27.49,54.99,50.0,EUR,61,2016-08-12,58.99,EUR,DE,True,False,False,False,False,False,False,831.0,-31.500000000000004,-0.5339888116629938,2018-11-21,False,False,6.012280092592593,True
275850,018d937f-15f9-7056-8edf-2e8fa4b8f357,DE,2018-12-06 18:39:54,27.49,54.99,50.0,EUR,61,2016-08-12,58.99,EUR,DE,True,False,False,False,False,False,False,846.0,-31.500000000000004,-0.5339888116629938,2018-12-06,False,False,1.9810185185185185,True
275850,018d937f-15f9-7056-8edf-2e8fa4b8f357,DE,2018-12-13 18:13:28,27.49,54.99,50.0,EUR,61,2016-08-12,58.99,EUR,DE,True,False,False,False,False,False,False,853.0,-31.500000000000004,-0.5339888116629938,2018-12-13,False,False,4.02082175925926,True
275850,018d937f-15f9-7056-8edf-2e8fa4b8f357,DE,2018-12-20 20:49:14,27.49,54.99,50.0,EUR,61,2016-08-12,58.99,EUR,DE,True,False,False,False,False,False,False,860.0,-31.500000000000004,-0.5339888116629938,2018-12-20,False,False,14.1371875,True
275850,018d937f-15f9-7056-8edf-2e8fa4b8f357,DE,2019-02-04 20:40:59,27.49,54.99,50.0,EUR,61,2016-08-12,58.99,EUR,DE,True,False,False,False,False,False,False,906.0,-31.500000000000004,-0.5339888116629938,2019-02-04,False,False,6.898668981481482,True
275850,018d937f-15f9-7056-8edf-2e8fa4b8f357,DE,2019-03-25 18:18:39,27.49,54.99,50.0,EUR,61,2016-08-12,58.99,EUR,DE,True,False,False,False,False,False,False,955.0,-31.500000000000004,-0.5339888116629938,2019-03-25,False,False,7.072210648148148,True
275850,018d937f-15f9-7056-8edf-2e8fa4b8f357,DE,2019-05-16 19:57:20,27.49,54.99,50.0,EUR,61,2016-08-12,58.99,EUR,DE,True,False,False,False,False,False,False,1007.0,-31.500000000000004,-0.5339888116629938,2019-05-16,False,False,4.015671296296296,True
275850,018d937f-15f9-7056-8edf-2e8fa4b8f357,DE,2019-06-25 22:20:29,27.49,54.99,50.0,EUR,61,2016-08-12,58.99,EUR,DE,True,False,False,False,False,False,False,1047.0,-31.500000000000004,-0.5339888116629938,2019-06-25,False,False,13.838055555555556,True
275850,018d937f-15f9-7056-8edf-2e8fa4b8f357,DE,2019-07-18 18:13:46,32.99,54.99,40.0,EUR,61,2016-08-12,58.99,EUR,DE,True,False,False,False,False,False,False,1070.0,-26.0,-0.44075266994405826,2019-07-18,False,False,3.9815625,True
275850,018d937f-15f9-7056-8edf-2e8fa4b8f357,DE,2019-08-07 18:10:35,27.49,54.99,50.0,EUR,61,2016-08-12,58.99,EUR,DE,True,False,False,False,False,False,False,1090.0,-31.500000000000004,-0.5339888116629938,2019-08-07,False,False,18.969386574074075,True
275850,018d937f-15f9-7056-8edf-2e8fa4b8f357,DE,2019-10-07 17:21:55,27.49,54.99,50.0,EUR,61,2016-08-12,58.99,EUR,DE,True,False,False,False,False,False,False,1151.0,-31.500000000000004,-0.5339888116629938,2019-10-07,False,False,6.999768518518518,True
275850,018d937f-15f9-7056-8edf-2e8fa4b8f357,DE,2019-10-28 17:31:58,27.49,54.99,50.0,EUR,61,2016-08-12,58.99,EUR,DE,True,False,False,False,False,False,False,1172.0,-31.500000000000004,-0.5339888116629938,2019-10-28,False,False,3.9956597222222223,True
275850,018d937f-15f9-7056-8edf-2e8fa4b8f357,DE,2019-11-26 18:07:59,27.49,54.99,50.0,EUR,61,2016-08-12,58.99,EUR,DE,True,False,False,False,False,False,False,1201.0,-31.500000000000004,-0.5339888116629938,2019-11-26,False,False,7.009328703703703,True
275850,018d937f-15f9-7056-8edf-2e8fa4b8f357,DE,2019-12-12 18:21:36,27.49,54.99,50.0,EUR,61,2016-08-12,58.99,EUR,DE,True,False,False,False,False,False,False,1217.0,-31.500000000000004,-0.5339888116629938,2019-12-12,False,False,2.000046296296296,True
275850,018d937f-15f9-7056-8edf-2e8fa4b8f357,DE,2019-12-19 20:21:10,27.49,54.99,50.0,EUR,61,2016-08-12,58.99,EUR,DE,True,False,False,False,False,False,False,1224.0,-31.500000000000004,-0.5339888116629938,2019-12-19,False,False,13.930601851851852,True
275850,018d937f-15f9-7056-8edf-2e8fa4b8f357,DE,2020-01-23 18:25:02,27.49,54.99,50.0,EUR,61,2016-08-12,58.99,EUR,DE,True,False,False,False,False,False,False,1259.0,-31.500000000000004,-0.5339888116629938,2020-01-23,False,False,4.000740740740741,True
275850,018d937f-15f9-7056-8edf-2e8fa4b8f357,DE,2020-02-17 18:22:01,27.49,54.99,50.0,EUR,61,2016-08-12,58.99,EUR,DE,True,False,False,False,False,False,False,1284.0,-31.500000000000004,-0.5339888116629938,2020-02-17,False,False,6.999756944444444,True
275850,018d937f-15f9-7056-8edf-2e8fa4b8f357,DE,2020-04-01 17:21:23,27.49,54.99,50.0,EUR,61,2016-08-12,58.99,EUR,DE,True,False,False,False,False,False,False,1328.0,-31.500000000000004,-0.5339888116629938,2020-04-01,False,False,12.000046296296297,True
275850,018d937f-15f9-7056-8edf-2e8fa4b8f357,DE,2020-05-25 17:22:53,27.49,54.99,50.0,EUR,61,2016-08-12,58.99,EUR,DE,True,False,False,False,False,False,False,1382.0,-31.500000000000004,-0.5339888116629938,2020-05-25,False,False,6.9994097222222225,True
275850,018d937f-15f9-7056-8edf-2e8fa4b8f357,DE,2020-06-25 18:03:31,27.49,54.99,50.0,EUR,61,2016-08-12,58.99,EUR,DE,True,False,False,False,False,False,False,1413.0,-31.500000000000004,-0.5339888116629938,2020-06-25,False,False,13.9734375,True
275850,018d937f-15f9-7056-8edf-2e8fa4b8f357,DE,2020-07-13 17:21:47,27.49,54.99,50.0,EUR,61,2016-08-12,58.99,EUR,DE,True,False,False,False,False,False,False,1431.0,-31.500000000000004,-0.5339888116629938,2020-07-13,False,False,7.000277777777778,True
275850,018d937f-15f9-7056-8edf-2e8fa4b8f357,DE,2020-09-21 17:21:50,27.49,54.99,50.0,EUR,61,2016-08-12,58.99,EUR,DE,True,False,False,False,False,False,False,1501.0,-31.500000000000004,-0.5339888116629938,2020-09-21,False,False,13.999699074074075,True
275850,018d937f-15f9-7056-8edf-2e8fa4b8f357,DE,2020-10-29 17:08:17,27.49,54.99,50.0,EUR,61,2016-08-12,58.99,EUR,DE,True,False,False,False,False,False,False,1539.0,-31.500000000000004,-0.5339888116629938,2020-10-29,False,False,4.052858796296296,True
275850,018d937f-15f9-7056-8edf-2e8fa4b8f357,DE,2020-11-12 18:21:13,27.49,54.99,50.0,EUR,61,2016-08-12,58.99,EUR,DE,True,False,False,False,False,False,False,1553.0,-31.500000000000004,-0.5339888116629938,2020-11-12,False,False,4.000358796296296,True
275850,018d937f-15f9-7056-8edf-2e8fa4b8f357,DE,2020-11-25 18:25:15,27.49,54.99,50.0,EUR,61,2016-08-12,58.99,EUR,DE,True,False,False,False,False,False,False,1566.0,-31.500000000000004,-0.5339888116629938,2020-11-25,False,False,5.999375,True
275850,018d937f-15f9-7056-8edf-2e8fa4b8f357,DE,2020-12-09 18:07:15,27.49,54.99,50.0,EUR,61,2016-08-12,58.99,EUR,DE,True,False,False,False,False,False,False,1580.0,-31.500000000000004,-0.5339888116629938,2020-12-09,False,False,5.019537037037037,True
275850,018d937f-15f9-7056-8edf-2e8fa4b8f357,DE,2020-12-22 19:01:30,27.49,54.99,50.0,EUR,61,2016-08-12,58.99,EUR,DE,True,False,False,False,False,False,False,1593.0,-31.500000000000004,-0.5339888116629938,2020-12-22,False,False,13.992905092592592,True
275850,018d937f-15f9-7056-8edf-2e8fa4b8f357,DE,2021-02-11 18:34:45,27.49,54.99,50.0,EUR,61,2016-08-12,58.99,EUR,DE,True,False,False,False,False,False,False,1644.0,-31.500000000000004,-0.5339888116629938,2021-02-11,False,False,10.990706018518518,True
275850,018d937f-15f9-7056-8edf-2e8fa4b8f357,DE,2021-03-25 17:19:16,27.49,54.99,50.0,EUR,61,2016-08-12,58.99,EUR,DE,True,False,False,False,False,False,False,1686.0,-31.500000000000004,-0.5339888116629938,2021-03-25,False,False,11.999618055555555,True
275850,018d937f-15f9-7056-8edf-2e8fa4b8f357,DE,2021-05-27 17:22:32,27.49,54.99,50.0,EUR,61,2016-08-12,58.99,EUR,DE,True,False,False,False,False,False,False,1749.0,-31.500000000000004,-0.5339888116629938,2021-05-27,False,False,11.00074074074074,True
275850,018d937f-15f9-7056-8edf-2e8fa4b8f357,DE,2021-06-28 14:30:31,27.49,54.99,50.0,EUR,61,2016-08-12,58.99,EUR,DE,True,False,False,False,False,False,False,1781.0,-31.500000000000004,-0.5339888116629938,2021-06-28,False,False,10.121712962962963,True
275850,018d937f-15f9-7056-8edf-2e8fa4b8f357,DE,2021-07-12 17:19:39,27.49,54.99,50.0,EUR,61,2016-08-12,58.99,EUR,DE,True,False,False,False,False,False,False,1795.0,-31.500000000000004,-0.5339888116629938,2021-07-12,False,False,7.002557870370371,True
275850,018d937f-15f9-7056-8edf-2e8fa4b8f357,DE,2021-08-30 17:21:35,27.49,54.99,50.0,EUR,61,2016-08-12,58.99,EUR,DE,True,False,False,False,False,False,False,1844.0,-31.500000000000004,-0.5339888116629938,2021-08-30,False,False,14.004189814814815,True
275850,018d937f-15f9-7056-8edf-2e8fa4b8f357,DE,2021-09-30 17:06:13,27.49,54.99,50.0,EUR,61,2016-08-12,58.99,EUR,DE,True,False,False,False,False,False,False,1875.0,-31.500000000000004,-0.5339888116629938,2021-09-30,False,False,4.012662037037037,True
275850,018d937f-15f9-7056-8edf-2e8fa4b8f357,DE,2021-10-18 17:15:24,27.49,54.99,50.0,EUR,61,2016-08-12,58.99,EUR,DE,True,False,False,False,False,False,False,1893.0,-31.500000000000004,-0.5339888116629938,2021-10-18,False,False,14.01480324074074,True
275850,018d937f-15f9-7056-8edf-2e8fa4b8f357,DE,2021-11-24 21:31:19,27.49,54.99,50.0,EUR,61,2016-08-12,58.99,EUR,DE,True,False,False,False,False,False,False,1930.0,-31.500000000000004,-0.5339888116629938,2021-11-24,False,False,6.883055555555556,True
275850,018d937f-15f9-7056-8edf-2e8fa4b8f357,DE,2021-12-02 18:39:42,27.49,54.99,50.0,EUR,61,2016-08-12,58.99,EUR,DE,True,False,False,False,False,False,False,1938.0,-31.500000000000004,-0.5339888116629938,2021-12-02,False,False,3.9746180555555557,True
275850,018d937f-15f9-7056-8edf-2e8fa4b8f357,DE,2021-12-22 19:13:27,27.49,54.99,50.0,EUR,61,2016-08-12,58.99,EUR,DE,True,False,False,False,False,False,False,1958.0,-31.500000000000004,-0.5339888116629938,2021-12-22,False,False,14.12511574074074,True
275850,018d937f-15f9-7056-8edf-2e8fa4b8f357,DE,2022-01-27 18:25:44,27.49,54.99,50.0,EUR,61,2016-08-12,58.99,EUR,DE,True,False,False,False,False,False,False,1994.0,-31.500000000000004,-0.5339888116629938,2022-01-27,False,False,7.119178240740741,True
275850,018d937f-15f9-7056-8edf-2e8fa4b8f357,DE,2022-02-14 18:29:41,27.49,54.99,50.0,EUR,61,2016-08-12,58.99,EUR,DE,True,False,False,False,False,False,False,2012.0,-31.500000000000004,-0.5339888116629938,2022-02-14,False,False,13.983587962962963,True
275850,018d937f-15f9-7056-8edf-2e8fa4b8f357,DE,2022-05-23 17:09:34,27.49,54.99,50.0,EUR,61,2016-08-12,58.99,EUR,DE,True,False,False,False,False,False,False,2110.0,-31.500000000000004,-0.5339888116629938,2022-05-23,False,False,14.016805555555555,True
275850,018d937f-15f9-7056-8edf-2e8fa4b8f357,DE,2022-06-23 17:57:52,27.49,54.99,50.0,EUR,61,2016-08-12,58.99,EUR,DE,True,False,False,False,False,False,False,2141.0,-31.500000000000004,-0.5339888116629938,2022-06-23,False,False,13.98181712962963,True
275850,018d937f-15f9-7056-8edf-2e8fa4b8f357,DE,2022-07-18 17:18:20,27.49,54.99,50.0,EUR,61,2016-08-12,58.99,EUR,DE,True,False,False,False,False,False,False,2166.0,-31.500000000000004,-0.5339888116629938,2022-07-18,False,False,14.000034722222223,True
275850,018d937f-15f9-7056-8edf-2e8fa4b8f357,DE,2022-08-29 17:12:31,27.49,54.99,50.0,EUR,61,2016-08-12,58.99,EUR,DE,True,False,False,False,False,False,False,2208.0,-31.500000000000004,-0.5339888116629938,2022-08-29,False,False,7.0123495370370375,True
275850,018d937f-15f9-7056-8edf-2e8fa4b8f357,DE,2022-10-06 17:19:19,27.49,54.99,50.0,EUR,61,2016-08-12,58.99,EUR,DE,True,False,False,False,False,False,False,2246.0,-31.500000000000004,-0.5339888116629938,2022-10-06,False,False,68.06873842592593,True
275850,018d937f-15f9-7056-8edf-2e8fa4b8f357,DE,2022-12-22 18:55:32,27.49,54.99,50.0,EUR,61,2016-08-12,58.99,EUR,DE,True,False,False,False,False,False,False,2323.0,-31.500000000000004,-0.5339888116629938,2022-12-22,False,False,13.99554398148148,True
275850,018d937f-15f9-7056-8edf-2e8fa4b8f357,DE,2023-01-06 11:55:23,58.99,58.99,0.0,EUR,61,2016-08-12,58.99,EUR,DE,False,False,False,True,False,False,False,2338.0,0.0,0.0,2023-01-06,False,False,,False
275850,018d937f-15f9-7056-8edf-2e8fa4b8f357,DE,2023-02-20 18:57:19,29.49,58.99,50.0,EUR,61,2016-08-12,58.99,EUR,DE,True,False,False,False,False,False,False,2383.0,-29.500000000000004,-0.5000847601288354,2023-02-20,False,False,13.977106481481481,True
275850,018d937f-15f9-7056-8edf-2e8fa4b8f357,DE,2023-03-16 20:29:50,29.49,58.99,50.0,EUR,61,2016-08-12,58.99,EUR,DE,True,False,False,False,False,False,False,2407.0,-29.500000000000004,-0.5000847601288354,2023-03-16,False,False,6.8987847222222225,True
275850,018d937f-15f9-7056-8edf-2e8fa4b8f357,DE,2023-04-05 17:03:10,29.49,58.99,50.0,EUR,61,2016-08-12,58.99,EUR,DE,True,False,False,False,False,False,False,2427.0,-29.500000000000004,-0.5000847601288354,2023-04-05,False,False,14.010543981481481,True
275850,018d937f-15f9-7056-8edf-2e8fa4b8f357,DE,2023-06-05 17:03:18,29.49,58.99,50.0,EUR,61,2016-08-12,58.99,EUR,DE,True,False,False,False,False,False,False,2488.0,-29.500000000000004,-0.5000847601288354,2023-06-05,False,False,14.016631944444445,True
275850,018d937f-15f9-7056-8edf-2e8fa4b8f357,DE,2023-06-29 17:59:15,29.49,29.49,0.0,EUR,61,2016-08-12,58.99,EUR,DE,False,False,False,True,False,False,False,2512.0,-29.500000000000004,-0.5000847601288354,2023-06-29,False,False,,False
275850,018d937f-15f9-7056-8edf-2e8fa4b8f357,DE,2023-07-13 17:43:03,58.99,58.99,0.0,EUR,61,2016-08-12,58.99,EUR,DE,False,False,False,True,False,False,False,2526.0,0.0,0.0,2023-07-13,False,False,,False
275850,018d937f-15f9-7056-8edf-2e8fa4b8f357,DE,2023-08-21 17:33:26,29.49,58.99,50.0,EUR,61,2016-08-12,58.99,EUR,DE,True,False,False,False,False,False,False,2565.0,-29.500000000000004,-0.5000847601288354,2023-08-21,False,False,13.979074074074074,True
275850,018d937f-15f9-7056-8edf-2e8fa4b8f357,DE,2023-10-04 17:20:16,29.49,58.99,50.0,EUR,61,2016-08-12,58.99,EUR,DE,True,False,False,False,False,False,False,2609.0,-29.500000000000004,-0.5000847601288354,2023-10-04,False,False,14.00011574074074,True
275850,018d937f-15f9-7056-8edf-2e8fa4b8f357,DE,2023-11-21 19:06:52,29.49,58.99,50.0,EUR,61,2016-08-12,58.99,EUR,DE,True,False,False,False,False,False,False,2657.0,-29.500000000000004,-0.5000847601288354,2023-11-21,False,False,6.990462962962963,True
275850,018d937f-15f9-7056-8edf-2e8fa4b8f357,DE,2023-12-04 18:30:55,29.49,58.99,50.0,EUR,61,2016-08-12,58.99,EUR,DE,True,False,False,False,False,False,False,2670.0,-29.500000000000004,-0.5000847601288354,2023-12-04,False,False,13.9975,True
275850,018d937f-15f9-7056-8edf-2e8fa4b8f357,DE,2023-12-21 18:36:08,29.49,58.99,50.0,EUR,61,2016-08-12,58.99,EUR,DE,True,False,False,False,False,False,False,2687.0,-29.500000000000004,-0.5000847601288354,2023-12-21,False,False,13.997118055555555,True
275850,018d937f-15f9-7056-8edf-2e8fa4b8f357,DE,2024-02-12 18:16:42,29.49,58.99,50.0,EUR,61,2016-08-12,58.99,EUR,DE,True,False,False,False,False,False,False,2740.0,-29.500000000000004,-0.5000847601288354,2024-02-12,False,False,14.004259259259259,True
275850,018d937f-15f9-7056-8edf-2e8fa4b8f357,DE,2024-03-14 17:17:21,29.49,58.99,50.0,EUR,61,2016-08-12,58.99,EUR,DE,True,False,False,False,False,False,False,2771.0,-29.500000000000004,-0.5000847601288354,2024-03-14,False,False,7.0014467592592595,True
275850,018d937f-15f9-7056-8edf-2e8fa4b8f357,DE,2024-03-27 17:15:29,29.49,58.99,50.0,EUR,61,2016-08-12,58.99,EUR,DE,True,False,False,False,False,False,False,2784.0,-29.500000000000004,-0.5000847601288354,2024-03-27,False,False,12.001504629629629,True
275850,018d937f-15f9-7056-8edf-2e8fa4b8f357,DE,2024-05-27 17:15:35,29.49,58.99,50.0,EUR,61,2016-08-12,58.99,EUR,DE,True,False,False,False,False,False,False,2845.0,-29.500000000000004,-0.5000847601288354,2024-05-27,False,False,14.000289351851851,True
275850,018d937f-15f9-7056-8edf-2e8fa4b8f357,DE,2024-06-27 18:21:51,29.49,58.99,50.0,EUR,61,2016-08-12,58.99,EUR,DE,True,False,False,False,False,False,False,2876.0,-29.500000000000004,-0.5000847601288354,2024-06-27,False,False,13.956689814814816,True
275850,018d937f-15f9-7056-8edf-2e8fa4b8f357,DE,2024-07-15 17:16:05,23.59,58.99,60.0,EUR,61,2016-08-12,58.99,EUR,DE,True,False,False,False,False,False,False,2894.0,-35.400000000000006,-0.6001017121546025,2024-07-15,False,False,14.000972222222222,True
275850,018d937f-15f9-7056-8edf-2e8fa4b8f357,DE,2024-09-02 17:18:07,23.59,58.99,60.0,EUR,61,2016-08-12,58.99,EUR,DE,True,False,False,False,False,False,False,2943.0,-35.400000000000006,-0.6001017121546025,2024-09-02,False,False,14.000069444444444,True
275850,018d937f-15f9-7056-8edf-2e8fa4b8f357,DE,2024-10-21 17:17:21,23.59,58.99,60.0,EUR,61,2016-08-12,58.99,EUR,DE,True,False,False,False,False,False,False,2992.0,-35.400000000000006,-0.6001017121546025,2024-10-21,False,False,13.999097222222222,True
275850,018d937f-15f9-7056-8edf-2e8fa4b8f357,DE,2024-11-27 20:40:58,23.59,58.99,60.0,EUR,61,2016-08-12,58.99,EUR,DE,True,False,False,False,False,False,False,3029.0,-35.400000000000006,-0.6001017121546025,2024-11-27,False,False,20.901793981481482,True
275850,018d937f-15f9-7056-8edf-2e8fa4b8f357,DE,2024-12-19 21:58:00,23.59,58.99,60.0,EUR,61,2016-08-12,58.99,EUR,DE,True,False,False,False,False,False,False,3051.0,-35.400000000000006,-0.6001017121546025,2024-12-19,False,False,13.848738425925927,True
275850,018d937f-15f9-7056-8edf-2e8fa4b8f357,DE,2025-01-27 18:30:22,23.59,58.99,60.0,EUR,61,2016-08-12,58.99,EUR,DE,True,False,False,False,False,False,False,3090.0,-35.400000000000006,-0.6001017121546025,2025-01-27,False,False,14.005115740740742,True
275850,018d937f-15f9-7056-8edf-2e8fa4b8f357,DE,2025-03-13 19:06:08,23.59,58.99,60.0,EUR,61,2016-08-12,58.99,EUR,DE,True,False,False,False,False,False,False,3135.0,-35.400000000000006,-0.6001017121546025,2025-03-13,False,False,6.925601851851852,True
275850,018d937f-15f9-7056-8edf-2e8fa4b8f357,DE,2025-03-24 17:16:42,23.59,58.99,60.0,EUR,61,2016-08-12,58.99,EUR,DE,True,False,False,False,False,False,False,3146.0,-35.400000000000006,-0.6001017121546025,2025-03-24,False,False,14.000601851851853,True
275850,018d937f-15f9-7056-8edf-2e8fa4b8f357,DE,2025-05-26 19:52:50,23.59,58.99,60.0,EUR,61,2016-08-12,58.99,EUR,DE,True,False,False,False,False,False,False,3209.0,-35.400000000000006,-0.6001017121546025,2025-05-26,False,False,14.027118055555556,True
275850,018d937f-15f9-7056-8edf-2e8fa4b8f357,DE,2025-06-26 22:31:41,23.59,58.99,60.0,EUR,61,2016-08-12,58.99,EUR,DE,True,False,False,False,False,False,False,3240.0,-35.400000000000006,-0.6001017121546025,2025-06-26,False,False,13.782025462962963,True
275850,018d937f-15f9-7056-8edf-2e8fa4b8f357,DE,2025-07-14 17:20:32,23.59,58.99,60.0,EUR,61,2016-08-12,58.99,EUR,DE,True,False,False,False,False,False,False,3258.0,-35.400000000000006,-0.6001017121546025,2025-07-14,False,False,11.997094907407407,True
275850,018d937f-15f9-7056-8edf-2e8fa4b8f357,DE,2025-08-25 17:27:40,23.59,58.99,60.0,EUR,61,2016-08-12,58.99,EUR,DE,True,False,False,False,False,False,False,3300.0,-35.400000000000006,-0.6001017121546025,2025-08-25,False,False,13.992268518518518,True
275850,018d937f-15f9-7056-8edf-2e8fa4b8f357,DE,2025-09-29 20:51:22,23.59,58.99,60.0,EUR,61,2016-08-12,58.99,EUR,DE,True,False,False,False,False,False,False,3335.0,-35.400000000000006,-0.6001017121546025,2025-09-29,False,False,6.852604166666667,True
275850,018d937f-15f9-7056-8edf-2e8fa4b8f357,DE,2025-10-20 17:21:21,23.59,58.99,60.0,EUR,61,2016-08-12,58.99,EUR,DE,True,False,False,False,False,False,False,3356.0,-35.400000000000006,-0.6001017121546025,2025-10-20,False,False,13.998391203703704,True
275850,018d937f-15f9-7056-8edf-2e8fa4b8f357,FR,2016-11-23 18:45:05,35.99,59.99,40.0,EUR,61,2016-08-12,58.99,EUR,FR,True,False,False,False,False,False,False,103.0,-23.0,-0.38989659264282084,2016-11-23,False,False,8.000011574074074,True
275850,018d937f-15f9-7056-8edf-2e8fa4b8f357,FR,2016-12-22 19:15:05,35.99,59.99,40.0,EUR,61,2016-08-12,58.99,EUR,FR,True,False,False,False,False,False,False,132.0,-23.0,-0.38989659264282084,2016-12-22,False,False,10.97917824074074,True
275850,018d937f-15f9-7056-8edf-2e8fa4b8f357,FR,2017-03-09 18:15:13,35.99,59.99,40.0,EUR,61,2016-08-12,58.99,EUR,FR,True,False,False,False,False,False,False,209.0,-23.0,-0.38989659264282084,2017-03-09,False,False,3.9584027777777777,True
275850,018d937f-15f9-7056-8edf-2e8fa4b8f357,FR,2017-06-22 20:45:03,23.99,59.99,60.0,EUR,61,2016-08-12,58.99,EUR,FR,True,False,False,False,False,False,False,314.0,-35.0,-0.5933209018477709,2017-06-22,False,False,12.895891203703703,True
275850,018d937f-15f9-7056-8edf-2e8fa4b8f357,FR,2017-08-11 17:45:04,23.99,59.99,60.0,EUR,61,2016-08-12,58.99,EUR,FR,True,False,False,False,False,False,False,364.0,-35.0,-0.5933209018477709,2017-08-11,False,False,5.000011574074074,True
275850,018d937f-15f9-7056-8edf-2e8fa4b8f357,FR,2017-10-30 12:15:14,23.99,59.99,60.0,EUR,61,2016-08-12,58.99,EUR,FR,True,False,False,False,False,False,False,444.0,-35.0,-0.5933209018477709,2017-10-30,False,False,2.2707291666666665,True
275850,018d937f-15f9-7056-8edf-2e8fa4b8f357,FR,2017-11-15 18:15:13,54.99,54.99,0.0,EUR,61,2016-08-12,58.99,EUR,FR,False,False,False,True,False,False,False,460.0,-4.0,-0.06780810306831664,2017-11-15,False,False,,False
275850,018d937f-15f9-7056-8edf-2e8fa4b8f357,FR,2017-11-22 18:15:05,21.99,54.99,60.0,EUR,61,2016-08-12,58.99,EUR,FR,True,False,False,False,False,False,False,467.0,-37.0,-0.6272249533819292,2017-11-22,False,False,6.041793981481481,True
275850,018d937f-15f9-7056-8edf-2e8fa4b8f357,FR,2017-12-21 18:45:04,21.99,54.99,60.0,EUR,61,2016-08-12,58.99,EUR,FR,True,False,False,False,False,False,False,496.0,-37.0,-0.6272249533819292,2017-12-21,False,False,14.000023148148149,True
275850,018d937f-15f9-7056-8edf-2e8fa4b8f357,FR,2018-02-16 10:45:07,21.99,54.99,60.0,EUR,61,2016-08-12,58.99,EUR,FR,True,False,False,False,False,False,False,553.0,-37.0,-0.6272249533819292,2018-02-16,False,False,3.312546296296296,True
275850,018d937f-15f9-7056-8edf-2e8fa4b8f357,FR,2018-06-21 17:51:18,27.49,54.99,50.0,EUR,61,2016-08-12,58.99,EUR,FR,True,False,False,False,False,False,False,678.0,-31.500000000000004,-0.5339888116629938,2018-06-21,False,False,13.99855324074074,True
275850,018d937f-15f9-7056-8edf-2e8fa4b8f357,FR,2018-07-24 17:14:25,27.49,54.99,50.0,EUR,61,2016-08-12,58.99,EUR,FR,True,False,False,False,False,False,False,711.0,-31.500000000000004,-0.5339888116629938,2018-07-24,False,False,13.002430555555556,True
275850,018d937f-15f9-7056-8edf-2e8fa4b8f357,FR,2018-10-29 17:18:26,27.49,54.99,50.0,EUR,61,2016-08-12,58.99,EUR,FR,True,False,False,False,False,False,False,808.0,-31.500000000000004,-0.5339888116629938,2018-10-29,False,False,3.0098842592592594,True
275850,018d937f-15f9-7056-8edf-2e8fa4b8f357,FR,2018-11-21 19:01:29,27.49,54.99,50.0,EUR,61,2016-08-12,58.99,EUR,FR,True,False,False,False,False,False,False,831.0,-31.500000000000004,-0.5339888116629938,2018-11-21,False,False,6.012280092592593,True
275850,018d937f-15f9-7056-8edf-2e8fa4b8f357,FR,2018-12-06 18:39:54,27.49,54.99,50.0,EUR,61,2016-08-12,58.99,EUR,FR,True,False,False,False,False,False,False,846.0,-31.500000000000004,-0.5339888116629938,2018-12-06,False,False,1.9810185185185185,True
275850,018d937f-15f9-7056-8edf-2e8fa4b8f357,FR,2018-12-13 18:13:28,27.49,54.99,50.0,EUR,61,2016-08-12,58.99,EUR,FR,True,False,False,False,False,False,False,853.0,-31.500000000000004,-0.5339888116629938,2018-12-13,False,False,4.02082175925926,True
275850,018d937f-15f9-7056-8edf-2e8fa4b8f357,FR,2018-12-20 20:49:14,27.49,54.99,50.0,EUR,61,2016-08-12,58.99,EUR,FR,True,False,False,False,False,False,False,860.0,-31.500000000000004,-0.5339888116629938,2018-12-20,False,False,14.1371875,True
275850,018d937f-15f9-7056-8edf-2e8fa4b8f357,FR,2019-02-04 20:40:59,27.49,54.99,50.0,EUR,61,2016-08-12,58.99,EUR,FR,True,False,False,False,False,False,False,906.0,-31.500000000000004,-0.5339888116629938,2019-02-04,False,False,6.898668981481482,True
275850,018d937f-15f9-7056-8edf-2e8fa4b8f357,FR,2019-03-25 18:18:39,27.49,54.99,50.0,EUR,61,2016-08-12,58.99,EUR,FR,True,False,False,False,False,False,False,955.0,-31.500000000000004,-0.5339888116629938,2019-03-25,False,False,7.072210648148148,True
275850,018d937f-15f9-7056-8edf-2e8fa4b8f357,FR,2019-05-16 19:57:20,27.49,54.99,50.0,EUR,61,2016-08-12,58.99,EUR,FR,True,False,False,False,False,False,False,1007.0,-31.500000000000004,-0.5339888116629938,2019-05-16,False,False,4.015671296296296,True
275850,018d937f-15f9-7056-8edf-2e8fa4b8f357,FR,2019-06-25 22:20:29,27.49,54.99,50.0,EUR,61,2016-08-12,58.99,EUR,FR,True,False,False,False,False,False,False,1047.0,-31.500000000000004,-0.5339888116629938,2019-06-25,False,False,13.838055555555556,True
275850,018d937f-15f9-7056-8edf-2e8fa4b8f357,FR,2019-07-18 18:13:46,32.99,54.99,40.0,EUR,61,2016-08-12,58.99,EUR,FR,True,False,False,False,False,False,False,1070.0,-26.0,-0.44075266994405826,2019-07-18,False,False,3.9815625,True
275850,018d937f-15f9-7056-8edf-2e8fa4b8f357,FR,2019-08-07 18:10:35,27.49,54.99,50.0,EUR,61,2016-08-12,58.99,EUR,FR,True,False,False,False,False,False,False,1090.0,-31.500000000000004,-0.5339888116629938,2019-08-07,False,False,18.969386574074075,True
275850,018d937f-15f9-7056-8edf-2e8fa4b8f357,FR,2019-10-07 17:21:55,27.49,54.99,50.0,EUR,61,2016-08-12,58.99,EUR,FR,True,False,False,False,False,False,False,1151.0,-31.500000000000004,-0.5339888116629938,2019-10-07,False,False,6.999768518518518,True
275850,018d937f-15f9-7056-8edf-2e8fa4b8f357,FR,2019-10-28 17:31:58,27.49,54.99,50.0,EUR,61,2016-08-12,58.99,EUR,FR,True,False,False,False,False,False,False,1172.0,-31.500000000000004,-0.5339888116629938,2019-10-28,False,False,3.9956597222222223,True
275850,018d937f-15f9-7056-8edf-2e8fa4b8f357,FR,2019-11-26 18:07:59,27.49,54.99,50.0,EUR,61,2016-08-12,58.99,EUR,FR,True,False,False,False,False,False,False,1201.0,-31.500000000000004,-0.5339888116629938,2019-11-26,False,False,7.009328703703703,True
275850,018d937f-15f9-7056-8edf-2e8fa4b8f357,FR,2019-12-12 18:21:36,27.49,54.99,50.0,EUR,61,2016-08-12,58.99,EUR,FR,True,False,False,False,False,False,False,1217.0,-31.500000000000004,-0.5339888116629938,2019-12-12,False,False,2.000046296296296,True
275850,018d937f-15f9-7056-8edf-2e8fa4b8f357,FR,2019-12-19 20:21:10,27.49,54.99,50.0,EUR,61,2016-08-12,58.99,EUR,FR,True,False,False,False,False,False,False,1224.0,-31.500000000000004,-0.5339888116629938,2019-12-19,False,False,13.930601851851852,True
275850,018d937f-15f9-7056-8edf-2e8fa4b8f357,FR,2020-01-23 18:25:02,27.49,54.99,50.0,EUR,61,2016-08-12,58.99,EUR,FR,True,False,False,False,False,False,False,1259.0,-31.500000000000004,-0.5339888116629938,2020-01-23,False,False,4.000740740740741,True
275850,018d937f-15f9-7056-8edf-2e8fa4b8f357,FR,2020-02-17 18:22:01,27.49,54.99,50.0,EUR,61,2016-08-12,58.99,EUR,FR,True,False,False,False,False,False,False,1284.0,-31.500000000000004,-0.5339888116629938,2020-02-17,False,False,6.999756944444444,True
275850,018d937f-15f9-7056-8edf-2e8fa4b8f357,FR,2020-04-01 17:21:23,27.49,54.99,50.0,EUR,61,2016-08-12,58.99,EUR,FR,True,False,False,False,False,False,False,1328.0,-31.500000000000004,-0.5339888116629938,2020-04-01,False,False,12.000046296296297,True
275850,018d937f-15f9-7056-8edf-2e8fa4b8f357,FR,2020-05-25 17:22:53,27.49,54.99,50.0,EUR,61,2016-08-12,58.99,EUR,FR,True,False,False,False,False,False,False,1382.0,-31.500000000000004,-0.5339888116629938,2020-05-25,False,False,6.9994097222222225,True
275850,018d937f-15f9-7056-8edf-2e8fa4b8f357,FR,2020-06-25 18:03:31,27.49,54.99,50.0,EUR,61,2016-08-12,58.99,EUR,FR,True,False,False,False,False,False,False,1413.0,-31.500000000000004,-0.5339888116629938,2020-06-25,False,False,13.9734375,True
275850,018d937f-15f9-7056-8edf-2e8fa4b8f357,FR,2020-07-13 17:21:47,27.49,54.99,50.0,EUR,61,2016-08-12,58.99,EUR,FR,True,False,False,False,False,False,False,1431.0,-31.500000000000004,-0.5339888116629938,2020-07-13,False,False,7.000277777777778,True
275850,018d937f-15f9-7056-8edf-2e8fa4b8f357,FR,2020-09-21 17:21:50,27.49,54.99,50.0,EUR,61,2016-08-12,58.99,EUR,FR,True,False,False,False,False,False,False,1501.0,-31.500000000000004,-0.5339888116629938,2020-09-21,False,False,13.999699074074075,True
275850,018d937f-15f9-7056-8edf-2e8fa4b8f357,FR,2020-10-29 17:08:17,27.49,54.99,50.0,EUR,61,2016-08-12,58.99,EUR,FR,True,False,False,False,False,False,False,1539.0,-31.500000000000004,-0.5339888116629938,2020-10-29,False,False,4.052858796296296,True
275850,018d937f-15f9-7056-8edf-2e8fa4b8f357,FR,2020-11-12 18:21:13,27.49,54.99,50.0,EUR,61,2016-08-12,58.99,EUR,FR,True,False,False,False,False,False,False,1553.0,-31.500000000000004,-0.5339888116629938,2020-11-12,False,False,4.000358796296296,True
275850,018d937f-15f9-7056-8edf-2e8fa4b8f357,FR,2020-11-25 18:25:15,27.49,54.99,50.0,EUR,61,2016-08-12,58.99,EUR,FR,True,False,False,False,False,False,False,1566.0,-31.500000000000004,-0.5339888116629938,2020-11-25,False,False,5.999375,True
275850,018d937f-15f9-7056-8edf-2e8fa4b8f357,FR,2020-12-09 18:07:15,27.49,54.99,50.0,EUR,61,2016-08-12,58.99,EUR,FR,True,False,False,False,False,False,False,1580.0,-31.500000000000004,-0.5339888116629938,2020-12-09,False,False,5.019537037037037,True
275850,018d937f-15f9-7056-8edf-2e8fa4b8f357,FR,2020-12-22 19:01:30,27.49,54.99,50.0,EUR,61,2016-08-12,58.99,EUR,FR,True,False,False,False,False,False,False,1593.0,-31.500000000000004,-0.5339888116629938,2020-12-22,False,False,13.992905092592592,True
275850,018d937f-15f9-7056-8edf-2e8fa4b8f357,FR,2021-02-11 18:34:45,27.49,54.99,50.0,EUR,61,2016-08-12,58.99,EUR,FR,True,False,False,False,False,False,False,1644.0,-31.500000000000004,-0.5339888116629938,2021-02-11,False,False,10.990706018518518,True
275850,018d937f-15f9-7056-8edf-2e8fa4b8f357,FR,2021-03-25 17:19:16,27.49,54.99,50.0,EUR,61,2016-08-12,58.99,EUR,FR,True,False,False,False,False,False,False,1686.0,-31.500000000000004,-0.5339888116629938,2021-03-25,False,False,11.999618055555555,True
275850,018d937f-15f9-7056-8edf-2e8fa4b8f357,FR,2021-05-27 17:22:32,27.49,54.99,50.0,EUR,61,2016-08-12,58.99,EUR,FR,True,False,False,False,False,False,False,1749.0,-31.500000000000004,-0.5339888116629938,2021-05-27,False,False,11.00074074074074,True
275850,018d937f-15f9-7056-8edf-2e8fa4b8f357,FR,2021-06-28 14:30:31,27.49,54.99,50.0,EUR,61,2016-08-12,58.99,EUR,FR,True,False,False,False,False,False,False,1781.0,-31.500000000000004,-0.5339888116629938,2021-06-28,False,False,10.121712962962963,True
275850,018d937f-15f9-7056-8edf-2e8fa4b8f357,FR,2021-07-12 17:19:39,27.49,54.99,50.0,EUR,61,2016-08-12,58.99,EUR,FR,True,False,False,False,False,False,False,1795.0,-31.500000000000004,-0.5339888116629938,2021-07-12,False,False,7.002557870370371,True
275850,018d937f-15f9-7056-8edf-2e8fa4b8f357,FR,2021-08-30 17:21:35,27.49,54.99,50.0,EUR,61,2016-08-12,58.99,EUR,FR,True,False,False,False,False,False,False,1844.0,-31.500000000000004,-0.5339888116629938,2021-08-30,False,False,14.004189814814815,True
275850,018d937f-15f9-7056-8edf-2e8fa4b8f357,FR,2021-09-30 17:06:13,27.49,54.99,50.0,EUR,61,2016-08-12,58.99,EUR,FR,True,False,False,False,False,False,False,1875.0,-31.500000000000004,-0.5339888116629938,2021-09-30,False,False,4.012662037037037,True
275850,018d937f-15f9-7056-8edf-2e8fa4b8f357,FR,2021-10-18 17:15:24,27.49,54.99,50.0,EUR,61,2016-08-12,58.99,EUR,FR,True,False,False,False,False,False,False,1893.0,-31.500000000000004,-0.5339888116629938,2021-10-18,False,False,14.01480324074074,True
275850,018d937f-15f9-7056-8edf-2e8fa4b8f357,FR,2021-11-24 21:31:19,27.49,54.99,50.0,EUR,61,2016-08-12,58.99,EUR,FR,True,False,False,False,False,False,False,1930.0,-31.500000000000004,-0.5339888116629938,2021-11-24,False,False,6.883055555555556,True
275850,018d937f-15f9-7056-8edf-2e8fa4b8f357,FR,2021-12-02 18:39:42,27.49,54.99,50.0,EUR,61,2016-08-12,58.99,EUR,FR,True,False,False,False,False,False,False,1938.0,-31.500000000000004,-0.5339888116629938,2021-12-02,False,False,3.9746180555555557,True
275850,018d937f-15f9-7056-8edf-2e8fa4b8f357,FR,2021-12-22 19:13:27,27.49,54.99,50.0,EUR,61,2016-08-12,58.99,EUR,FR,True,False,False,False,False,False,False,1958.0,-31.500000000000004,-0.5339888116629938,2021-12-22,False,False,14.12511574074074,True
275850,018d937f-15f9-7056-8edf-2e8fa4b8f357,FR,2022-01-27 18:25:44,27.49,54.99,50.0,EUR,61,2016-08-12,58.99,EUR,FR,True,False,False,False,False,False,False,1994.0,-31.500000000000004,-0.5339888116629938,2022-01-27,False,False,7.119178240740741,True
275850,018d937f-15f9-7056-8edf-2e8fa4b8f357,FR,2022-02-14 18:29:41,27.49,54.99,50.0,EUR,61,2016-08-12,58.99,EUR,FR,True,False,False,False,False,False,False,2012.0,-31.500000000000004,-0.5339888116629938,2022-02-14,False,False,13.983587962962963,True
275850,018d937f-15f9-7056-8edf-2e8fa4b8f357,FR,2022-05-23 17:09:34,27.49,54.99,50.0,EUR,61,2016-08-12,58.99,EUR,FR,True,False,False,False,False,False,False,2110.0,-31.500000000000004,-0.5339888116629938,2022-05-23,False,False,14.016805555555555,True
275850,018d937f-15f9-7056-8edf-2e8fa4b8f357,FR,2022-06-23 17:57:52,27.49,54.99,50.0,EUR,61,2016-08-12,58.99,EUR,FR,True,False,False,False,False,False,False,2141.0,-31.500000000000004,-0.5339888116629938,2022-06-23,False,False,13.98181712962963,True
275850,018d937f-15f9-7056-8edf-2e8fa4b8f357,FR,2022-07-18 17:18:20,27.49,54.99,50.0,EUR,61,2016-08-12,58.99,EUR,FR,True,False,False,False,False,False,False,2166.0,-31.500000000000004,-0.5339888116629938,2022-07-18,False,False,14.000034722222223,True
275850,018d937f-15f9-7056-8edf-2e8fa4b8f357,FR,2022-08-29 17:12:31,27.49,54.99,50.0,EUR,61,2016-08-12,58.99,EUR,FR,True,False,False,False,False,False,False,2208.0,-31.500000000000004,-0.5339888116629938,2022-08-29,False,False,7.0123495370370375,True
275850,018d937f-15f9-7056-8edf-2e8fa4b8f357,FR,2022-10-06 17:19:19,27.49,54.99,50.0,EUR,61,2016-08-12,58.99,EUR,FR,True,False,False,False,False,False,False,2246.0,-31.500000000000004,-0.5339888116629938,2022-10-06,False,False,68.06873842592593,True
275850,018d937f-15f9-7056-8edf-2e8fa4b8f357,FR,2022-12-22 18:55:32,27.49,54.99,50.0,EUR,61,2016-08-12,58.99,EUR,FR,True,False,False,False,False,False,False,2323.0,-31.500000000000004,-0.5339888116629938,2022-12-22,False,False,13.99554398148148,True
275850,018d937f-15f9-7056-8edf-2e8fa4b8f357,FR,2023-01-06 11:55:23,58.99,58.99,0.0,EUR,61,2016-08-12,58.99,EUR,FR,False,False,False,True,False,False,False,2338.0,0.0,0.0,2023-01-06,False,False,,False
275850,018d937f-15f9-7056-8edf-2e8fa4b8f357,FR,2023-02-20 18:57:19,29.49,58.99,50.0,EUR,61,2016-08-12,58.99,EUR,FR,True,False,False,False,False,False,False,2383.0,-29.500000000000004,-0.5000847601288354,2023-02-20,False,False,13.977106481481481,True
275850,018d937f-15f9-7056-8edf-2e8fa4b8f357,FR,2023-03-16 20:29:50,29.49,58.99,50.0,EUR,61,2016-08-12,58.99,EUR,FR,True,False,False,False,False,False,False,2407.0,-29.500000000000004,-0.5000847601288354,2023-03-16,False,False,6.8987847222222225,True
275850,018d937f-15f9-7056-8edf-2e8fa4b8f357,FR,2023-04-05 17:03:10,29.49,58.99,50.0,EUR,61,2016-08-12,58.99,EUR,FR,True,False,False,False,False,False,False,2427.0,-29.500000000000004,-0.5000847601288354,2023-04-05,False,False,14.010543981481481,True
275850,018d937f-15f9-7056-8edf-2e8fa4b8f357,FR,2023-06-05 17:03:18,29.49,58.99,50.0,EUR,61,2016-08-12,58.99,EUR,FR,True,False,False,False,False,False,False,2488.0,-29.500000000000004,-0.5000847601288354,2023-06-05,False,False,14.016631944444445,True
275850,018d937f-15f9-7056-8edf-2e8fa4b8f357,FR,2023-06-29 17:59:15,29.49,29.49,0.0,EUR,61,2016-08-12,58.99,EUR,FR,False,False,False,True,False,False,False,2512.0,-29.500000000000004,-0.5000847601288354,2023-06-29,False,False,,False
275850,018d937f-15f9-7056-8edf-2e8fa4b8f357,FR,2023-07-13 17:43:03,58.99,58.99,0.0,EUR,61,2016-08-12,58.99,EUR,FR,False,False,False,True,False,False,False,2526.0,0.0,0.0,2023-07-13,False,False,,False
275850,018d937f-15f9-7056-8edf-2e8fa4b8f357,FR,2023-08-21 17:33:26,29.49,58.99,50.0,EUR,61,2016-08-12,58.99,EUR,FR,True,False,False,False,False,False,False,2565.0,-29.500000000000004,-0.5000847601288354,2023-08-21,False,False,13.979074074074074,True
275850,018d937f-15f9-7056-8edf-2e8fa4b8f357,FR,2023-10-04 17:20:16,29.49,58.99,50.0,EUR,61,2016-08-12,58.99,EUR,FR,True,False,False,False,False,False,False,2609.0,-29.500000000000004,-0.5000847601288354,2023-10-04,False,False,14.00011574074074,True
275850,018d937f-15f9-7056-8edf-2e8fa4b8f357,FR,2023-11-21 19:06:52,29.49,58.99,50.0,EUR,61,2016-08-12,58.99,EUR,FR,True,False,False,False,False,False,False,2657.0,-29.500000000000004,-0.5000847601288354,2023-11-21,False,False,6.990462962962963,True
275850,018d937f-15f9-7056-8edf-2e8fa4b8f357,FR,2023-12-04 18:30:55,29.49,58.99,50.0,EUR,61,2016-08-12,58.99,EUR,FR,True,False,False,False,False,False,False,2670.0,-29.500000000000004,-0.5000847601288354,2023-12-04,False,False,13.9975,True
275850,018d937f-15f9-7056-8edf-2e8fa4b8f357,FR,2023-12-21 18:36:08,29.49,58.99,50.0,EUR,61,2016-08-12,58.99,EUR,FR,True,False,False,False,False,False,False,2687.0,-29.500000000000004,-0.5000847601288354,2023-12-21,False,False,13.997118055555555,True
275850,018d937f-15f9-7056-8edf-2e8fa4b8f357,FR,2024-02-12 18:16:42,29.49,58.99,50.0,EUR,61,2016-08-12,58.99,EUR,FR,True,False,False,False,False,False,False,2740.0,-29.500000000000004,-0.5000847601288354,2024-02-12,False,False,14.004259259259259,True
275850,018d937f-15f9-7056-8edf-2e8fa4b8f357,FR,2024-03-14 17:17:21,29.49,58.99,50.0,EUR,61,2016-08-12,58.99,EUR,FR,True,False,False,False,False,False,False,2771.0,-29.500000000000004,-0.5000847601288354,2024-03-14,False,False,7.0014467592592595,True
275850,018d937f-15f9-7056-8edf-2e8fa4b8f357,FR,2024-03-27 17:15:29,29.49,58.99,50.0,EUR,61,2016-08-12,58.99,EUR,FR,True,False,False,False,False,False,False,2784.0,-29.500000000000004,-0.5000847601288354,2024-03-27,False,False,12.001504629629629,True
275850,018d937f-15f9-7056-8edf-2e8fa4b8f357,FR,2024-05-27 17:15:35,29.49,58.99,50.0,EUR,61,2016-08-12,58.99,EUR,FR,True,False,False,False,False,False,False,2845.0,-29.500000000000004,-0.5000847601288354,2024-05-27,False,False,14.000289351851851,True
275850,018d937f-15f9-7056-8edf-2e8fa4b8f357,FR,2024-06-27 18:21:51,29.49,58.99,50.0,EUR,61,2016-08-12,58.99,EUR,FR,True,False,False,False,False,False,False,2876.0,-29.500000000000004,-0.5000847601288354,2024-06-27,False,False,13.956689814814816,True
275850,018d937f-15f9-7056-8edf-2e8fa4b8f357,FR,2024-07-15 17:16:05,23.59,58.99,60.0,EUR,61,2016-08-12,58.99,EUR,FR,True,False,False,False,False,False,False,2894.0,-35.400000000000006,-0.6001017121546025,2024-07-15,False,False,14.000972222222222,True
275850,018d937f-15f9-7056-8edf-2e8fa4b8f357,FR,2024-09-02 17:18:07,23.59,58.99,60.0,EUR,61,2016-08-12,58.99,EUR,FR,True,False,False,False,False,False,False,2943.0,-35.400000000000006,-0.6001017121546025,2024-09-02,False,False,14.000069444444444,True
275850,018d937f-15f9-7056-8edf-2e8fa4b8f357,FR,2024-10-21 17:17:21,23.59,58.99,60.0,EUR,61,2016-08-12,58.99,EUR,FR,True,False,False,False,False,False,False,2992.0,-35.400000000000006,-0.6001017121546025,2024-10-21,False,False,13.999097222222222,True
275850,018d937f-15f9-7056-8edf-2e8fa4b8f357,FR,2024-11-27 20:40:58,23.59,58.99,60.0,EUR,61,2016-08-12,58.99,EUR,FR,True,False,False,False,False,False,False,3029.0,-35.400000000000006,-0.6001017121546025,2024-11-27,False,False,20.901793981481482,True
275850,018d937f-15f9-7056-8edf-2e8fa4b8f357,FR,2024-12-19 21:58:00,23.59,58.99,60.0,EUR,61,2016-08-12,58.99,EUR,FR,True,False,False,False,False,False,False,3051.0,-35.400000000000006,-0.6001017121546025,2024-12-19,False,False,13.848738425925927,True
275850,018d937f-15f9-7056-8edf-2e8fa4b8f357,FR,2025-01-27 18:30:22,23.59,58.99,60.0,EUR,61,2016-08-12,58.99,EUR,FR,True,False,False,False,False,False,False,3090.0,-35.400000000000006,-0.6001017121546025,2025-01-27,False,False,14.005115740740742,True
275850,018d937f-15f9-7056-8edf-2e8fa4b8f357,FR,2025-03-13 19:06:08,23.59,58.99,60.0,EUR,61,2016-08-12,58.99,EUR,FR,True,False,False,False,False,False,False,3135.0,-35.400000000000006,-0.6001017121546025,2025-03-13,False,False,6.925601851851852,True
275850,018d937f-15f9-7056-8edf-2e8fa4b8f357,FR,2025-03-24 17:16:42,23.59,58.99,60.0,EUR,61,2016-08-12,58.99,EUR,FR,True,False,False,False,False,False,False,3146.0,-35.400000000000006,-0.6001017121546025,2025-03-24,False,False,14.000601851851853,True
275850,018d937f-15f9-7056-8edf-2e8fa4b8f357,FR,2025-05-26 19:52:50,23.59,58.99,60.0,EUR,61,2016-08-12,58.99,EUR,FR,True,False,False,False,False,False,False,3209.0,-35.400000000000006,-0.6001017121546025,2025-05-26,False,False,14.027118055555556,True
275850,018d937f-15f9-7056-8edf-2e8fa4b8f357,FR,2025-06-26 22:31:41,23.59,58.99,60.0,EUR,61,2016-08-12,58.99,EUR,FR,True,False,False,False,False,False,False,3240.0,-35.400000000000006,-0.6001017121546025,2025-06-26,False,False,13.782025462962963,True
275850,018d937f-15f9-7056-8edf-2e8fa4b8f357,FR,2025-07-14 17:20:32,23.59,58.99,60.0,EUR,61,2016-08-12,58.99,EUR,FR,True,False,False,False,False,False,False,3258.0,-35.400000000000006,-0.6001017121546025,2025-07-14,False,False,11.997094907407407,True
275850,018d937f-15f9-7056-8edf-2e8fa4b8f357,FR,2025-08-25 17:27:40,23.59,58.99,60.0,EUR,61,2016-08-12,58.99,EUR,FR,True,False,False,False,False,False,False,3300.0,-35.400000000000006,-0.6001017121546025,2025-08-25,False,False,13.992268518518518,True
275850,018d937f-15f9-7056-8edf-2e8fa4b8f357,FR,2025-09-29 20:51:22,23.59,58.99,60.0,EUR,61,2016-08-12,58.99,EUR,FR,True,False,False,False,False,False,False,3335.0,-35.400000000000006,-0.6001017121546025,2025-09-29,False,False,6.852604166666667,True
275850,018d937f-15f9-7056-8edf-2e8fa4b8f357,FR,2025-10-20 17:21:21,23.59,58.99,60.0,EUR,61,2016-08-12,58.99,EUR,FR,True,False,False,False,False,False,False,3356.0,-35.400000000000006,-0.6001017121546025,2025-10-20,False,False,13.998391203703704,True
275850,018d937f-15f9-7056-8edf-2e8fa4b8f357,GB,2016-11-23 18:45:38,23.99,39.99,40.0,GBP,61,2016-08-12,49.99,GBP,GB,True,False,False,False,False,False,False,103.0,-26.000000000000004,-0.520104020804161,2016-11-23,False,False,8.020810185185185,True
275850,018d937f-15f9-7056-8edf-2e8fa4b8f357,GB,2016-12-22 19:45:49,23.99,39.99,40.0,GBP,61,2016-08-12,49.99,GBP,GB,True,False,False,False,False,False,False,132.0,-26.000000000000004,-0.520104020804161,2016-12-22,False,False,10.958310185185185,True
275850,018d937f-15f9-7056-8edf-2e8fa4b8f357,GB,2017-03-09 18:15:29,23.99,39.99,40.0,GBP,61,2016-08-12,49.99,GBP,GB,True,False,False,False,False,False,False,209.0,-26.000000000000004,-0.520104020804161,2017-03-09,False,False,3.9585185185185185,True
275850,018d937f-15f9-7056-8edf-2e8fa4b8f357,GB,2017-06-22 21:15:23,15.99,39.99,60.0,GBP,61,2016-08-12,49.99,GBP,GB,True,False,False,False,False,False,False,314.0,-34.0,-0.6801360272054411,2017-06-22,False,False,12.854444444444445,True
275850,018d937f-15f9-7056-8edf-2e8fa4b8f357,GB,2017-08-11 17:45:20,15.99,39.99,60.0,GBP,61,2016-08-12,49.99,GBP,GB,True,False,False,False,False,False,False,364.0,-34.0,-0.6801360272054411,2017-08-11,False,False,5.0,True
275850,018d937f-15f9-7056-8edf-2e8fa4b8f357,GB,2017-10-30 12:15:35,15.99,39.99,60.0,GBP,61,2016-08-12,49.99,GBP,GB,True,False,False,False,False,False,False,444.0,-34.0,-0.6801360272054411,2017-10-30,False,False,2.2293055555555554,True
275850,018d937f-15f9-7056-8edf-2e8fa4b8f357,GB,2017-11-22 20:15:25,15.99,39.99,60.0,GBP,61,2016-08-12,49.99,GBP,GB,True,False,False,False,False,False,False,467.0,-34.0,-0.6801360272054411,2017-11-22,False,False,5.9587615740740745,True
275850,018d937f-15f9-7056-8edf-2e8fa4b8f357,GB,2017-12-21 18:45:55,15.99,39.99,60.0,GBP,61,2016-08-12,49.99,GBP,GB,True,False,False,False,False,False,False,496.0,-34.0,-0.6801360272054411,2017-12-21,False,False,14.000046296296297,True
275850,018d937f-15f9-7056-8edf-2e8fa4b8f357,GB,2018-02-16 09:47:55,15.99,39.99,60.0,GBP,61,2016-08-12,49.99,GBP,GB,True,False,False,False,False,False,False,553.0,-34.0,-0.6801360272054411,2018-02-16,False,False,3.3549074074074072,True
275850,018d937f-15f9-7056-8edf-2e8fa4b8f357,GB,2018-06-21 17:40:05,19.99,39.99,50.0,GBP,61,2016-08-12,49.99,GBP,GB,True,False,False,False,False,False,False,678.0,-30.000000000000004,-0.600120024004801,2018-06-21,False,False,14.008414351851853,True
275850,018d937f-15f9-7056-8edf-2e8fa4b8f357,GB,2018-07-24 17:16:22,19.99,39.99,50.0,GBP,61,2016-08-12,49.99,GBP,GB,True,False,False,False,False,False,False,711.0,-30.000000000000004,-0.600120024004801,2018-07-24,False,False,12.99664351851852,True
275850,018d937f-15f9-7056-8edf-2e8fa4b8f357,GB,2018-10-29 17:25:36,19.99,39.99,50.0,GBP,61,2016-08-12,49.99,GBP,GB,True,False,False,False,False,False,False,808.0,-30.000000000000004,-0.600120024004801,2018-10-29,False,False,3.2057523148148146,True
275850,018d937f-15f9-7056-8edf-2e8fa4b8f357,GB,2018-11-21 18:47:03,19.99,39.99,50.0,GBP,61,2016-08-12,49.99,GBP,GB,True,False,False,False,False,False,False,831.0,-30.000000000000004,-0.600120024004801,2018-11-21,False,False,6.02994212962963,True
275850,018d937f-15f9-7056-8edf-2e8fa4b8f357,GB,2018-12-06 18:29:01,19.99,39.99,50.0,GBP,61,2016-08-12,49.99,GBP,GB,True,False,False,False,False,False,False,846.0,-30.000000000000004,-0.600120024004801,2018-12-06,False,False,1.9803819444444444,True
275850,018d937f-15f9-7056-8edf-2e8fa4b8f357,GB,2018-12-13 18:11:18,19.99,39.99,50.0,GBP,61,2016-08-12,49.99,GBP,GB,True,False,False,False,False,False,False,853.0,-30.000000000000004,-0.600120024004801,2018-12-13,False,False,4.021956018518519,True
275850,018d937f-15f9-7056-8edf-2e8fa4b8f357,GB,2018-12-20 19:05:55,19.99,39.99,50.0,GBP,61,2016-08-12,49.99,GBP,GB,True,False,False,False,False,False,False,860.0,-30.000000000000004,-0.600120024004801,2018-12-20,False,False,14.290613425925926,True
275850,018d937f-15f9-7056-8edf-2e8fa4b8f357,GB,2019-02-04 20:50:13,19.99,39.99,50.0,GBP,61,2016-08-12,49.99,GBP,GB,True,False,False,False,False,False,False,906.0,-30.000000000000004,-0.600120024004801,2019-02-04,False,False,6.9286111111111115,True
275850,018d937f-15f9-7056-8edf-2e8fa4b8f357,GB,2019-03-25 18:30:44,19.99,39.99,50.0,GBP,61,2016-08-12,49.99,GBP,GB,True,False,False,False,False,False,False,955.0,-30.000000000000004,-0.600120024004801,2019-03-25,False,False,6.951932870370371,True
275850,018d937f-15f9-7056-8edf-2e8fa4b8f357,GB,2019-05-16 19:51:01,19.99,39.99,50.0,GBP,61,2016-08-12,49.99,GBP,GB,True,False,False,False,False,False,False,1007.0,-30.000000000000004,-0.600120024004801,2019-05-16,False,False,3.9212962962962963,True
275850,018d937f-15f9-7056-8edf-2e8fa4b8f357,GB,2019-06-25 17:32:37,19.99,39.99,50.0,GBP,61,2016-08-12,49.99,GBP,GB,True,False,False,False,False,False,False,1047.0,-30.000000000000004,-0.600120024004801,2019-06-25,False,False,14.041770833333333,True
275850,018d937f-15f9-7056-8edf-2e8fa4b8f357,GB,2019-07-18 18:13:18,23.99,39.99,40.0,GBP,61,2016-08-12,49.99,GBP,GB,True,False,False,False,False,False,False,1070.0,-26.000000000000004,-0.520104020804161,2019-07-18,False,False,3.9889930555555555,True
275850,018d937f-15f9-7056-8edf-2e8fa4b8f357,GB,2019-08-07 18:37:18,19.99,39.99,50.0,GBP,61,2016-08-12,49.99,GBP,GB,True,False,False,False,False,False,False,1090.0,-30.000000000000004,-0.600120024004801,2019-08-07,False,False,18.94511574074074,True
275850,018d937f-15f9-7056-8edf-2e8fa4b8f357,GB,2019-10-07 17:21:19,19.99,39.99,50.0,GBP,61,2016-08-12,49.99,GBP,GB,True,False,False,False,False,False,False,1151.0,-30.000000000000004,-0.600120024004801,2019-10-07,False,False,7.000115740740741,True
275850,018d937f-15f9-7056-8edf-2e8fa4b8f357,GB,2019-10-28 18:00:05,19.99,39.99,50.0,GBP,61,2016-08-12,49.99,GBP,GB,True,False,False,False,False,False,False,1172.0,-30.000000000000004,-0.600120024004801,2019-10-28,False,False,3.974814814814815,True
275850,018d937f-15f9-7056-8edf-2e8fa4b8f357,GB,2019-11-26 18:10:42,19.99,39.99,50.0,GBP,61,2016-08-12,49.99,GBP,GB,True,False,False,False,False,False,False,1201.0,-30.000000000000004,-0.600120024004801,2019-11-26,False,False,7.013587962962963,True
275850,018d937f-15f9-7056-8edf-2e8fa4b8f357,GB,2019-12-12 18:21:13,19.99,39.99,50.0,GBP,61,2016-08-12,49.99,GBP,GB,True,False,False,False,False,False,False,1217.0,-30.000000000000004,-0.600120024004801,2019-12-12,False,False,2.000115740740741,True
275850,018d937f-15f9-7056-8edf-2e8fa4b8f357,GB,2020-01-23 18:22:55,19.99,39.99,50.0,GBP,61,2016-08-12,49.99,GBP,GB,True,False,False,False,False,False,False,1259.0,-30.000000000000004,-0.600120024004801,2020-01-23,False,False,4.00037037037037,True
275850,018d937f-15f9-7056-8edf-2e8fa4b8f357,GB,2020-02-17 18:21:46,19.99,39.99,50.0,GBP,61,2016-08-12,49.99,GBP,GB,True,False,False,False,False,False,False,1284.0,-30.000000000000004,-0.600120024004801,2020-02-17,False,False,6.99994212962963,True
275850,018d937f-15f9-7056-8edf-2e8fa4b8f357,GB,2020-04-01 17:21:13,19.99,39.99,50.0,GBP,61,2016-08-12,49.99,GBP,GB,True,False,False,False,False,False,False,1328.0,-30.000000000000004,-0.600120024004801,2020-04-01,False,False,12.000775462962963,True
275850,018d937f-15f9-7056-8edf-2e8fa4b8f357,GB,2020-05-25 17:23:00,19.99,39.99,50.0,GBP,61,2016-08-12,49.99,GBP,GB,True,False,False,False,False,False,False,1382.0,-30.000000000000004,-0.600120024004801,2020-05-25,False,False,6.998854166666667,True
275850,018d937f-15f9-7056-8edf-2e8fa4b8f357,GB,2020-06-25 17:59:54,19.99,39.99,50.0,GBP,61,2016-08-12,49.99,GBP,GB,True,False,False,False,False,False,False,1413.0,-30.000000000000004,-0.600120024004801,2020-06-25,False,False,13.976956018518518,True
275850,018d937f-15f9-7056-8edf-2e8fa4b8f357,GB,2020-07-13 17:21:42,19.99,39.99,50.0,GBP,61,2016-08-12,49.99,GBP,GB,True,False,False,False,False,False,False,1431.0,-30.000000000000004,-0.600120024004801,2020-07-13,False,False,7.000219907407407,True
275850,018d937f-15f9-7056-8edf-2e8fa4b8f357,GB,2020-09-21 17:21:23,19.99,39.99,50.0,GBP,61,2016-08-12,49.99,GBP,GB,True,False,False,False,False,False,False,1501.0,-30.000000000000004,-0.600120024004801,2020-09-21,False,False,14.000277777777777,True
275850,018d937f-15f9-7056-8edf-2e8fa4b8f357,GB,2020-10-29 17:08:24,19.99,39.99,50.0,GBP,61,2016-08-12,49.99,GBP,GB,True,False,False,False,False,False,False,1539.0,-30.000000000000004,-0.600120024004801,2020-10-29,False,False,4.052523148148148,True
275850,018d937f-15f9-7056-8edf-2e8fa4b8f357,GB,2020-11-12 18:21:19,19.99,39.99,50.0,GBP,61,2016-08-12,49.99,GBP,GB,True,False,False,False,False,False,False,1553.0,-30.000000000000004,-0.600120024004801,2020-11-12,False,False,4.0000231481481485,True
275850,018d937f-15f9-7056-8edf-2e8fa4b8f357,GB,2020-11-25 18:26:01,19.99,39.99,50.0,GBP,61,2016-08-12,49.99,GBP,GB,True,False,False,False,False,False,False,1566.0,-30.000000000000004,-0.600120024004801,2020-11-25,False,False,5.997303240740741,True
275850,018d937f-15f9-7056-8edf-2e8fa4b8f357,GB,2020-12-09 18:07:12,19.99,39.99,50.0,GBP,61,2016-08-12,49.99,GBP,GB,True,False,False,False,False,False,False,1580.0,-30.000000000000004,-0.600120024004801,2020-12-09,False,False,5.019490740740741,True
275850,018d937f-15f9-7056-8edf-2e8fa4b8f357,GB,2020-12-22 19:00:52,19.99,39.99,50.0,GBP,61,2016-08-12,49.99,GBP,GB,True,False,False,False,False,False,False,1593.0,-30.000000000000004,-0.600120024004801,2020-12-22,False,False,13.99525462962963,True
275850,018d937f-15f9-7056-8edf-2e8fa4b8f357,GB,2021-02-11 18:35:01,19.99,39.99,50.0,GBP,61,2016-08-12,49.99,GBP,GB,True,False,False,False,False,False,False,1644.0,-30.000000000000004,-0.600120024004801,2021-02-11,False,False,10.990625,True
275850,018d937f-15f9-7056-8edf-2e8fa4b8f357,GB,2021-03-25 17:19:20,19.99,39.99,50.0,GBP,61,2016-08-12,49.99,GBP,GB,True,False,False,False,False,False,False,1686.0,-30.000000000000004,-0.600120024004801,2021-03-25,False,False,11.99957175925926,True
275850,018d937f-15f9-7056-8edf-2e8fa4b8f357,GB,2021-05-27 17:22:31,19.99,39.99,50.0,GBP,61,2016-08-12,49.99,GBP,GB,True,False,False,False,False,False,False,1749.0,-30.000000000000004,-0.600120024004801,2021-05-27,False,False,11.000393518518518,True
275850,018d937f-15f9-7056-8edf-2e8fa4b8f357,GB,2021-06-28 14:27:27,19.99,39.99,50.0,GBP,61,2016-08-12,49.99,GBP,GB,True,False,False,False,False,False,False,1781.0,-30.000000000000004,-0.600120024004801,2021-06-28,False,False,10.123877314814814,True
275850,018d937f-15f9-7056-8edf-2e8fa4b8f357,GB,2021-07-12 17:18:14,19.99,39.99,50.0,GBP,61,2016-08-12,49.99,GBP,GB,True,False,False,False,False,False,False,1795.0,-30.000000000000004,-0.600120024004801,2021-07-12,False,False,7.001689814814815,True
275850,018d937f-15f9-7056-8edf-2e8fa4b8f357,GB,2021-08-30 17:21:29,19.99,39.99,50.0,GBP,61,2016-08-12,49.99,GBP,GB,True,False,False,False,False,False,False,1844.0,-30.000000000000004,-0.600120024004801,2021-08-30,False,False,14.015439814814815,True
275850,018d937f-15f9-7056-8edf-2e8fa4b8f357,GB,2021-09-30 17:20:00,19.99,39.99,50.0,GBP,61,2016-08-12,49.99,GBP,GB,True,False,False,False,False,False,False,1875.0,-30.000000000000004,-0.600120024004801,2021-09-30,False,False,4.013263888888889,True
275850,018d937f-15f9-7056-8edf-2e8fa4b8f357,GB,2021-10-18 17:21:17,19.99,39.99,50.0,GBP,61,2016-08-12,49.99,GBP,GB,True,False,False,False,False,False,False,1893.0,-30.000000000000004,-0.600120024004801,2021-10-18,False,False,14.029652777777779,True
275850,018d937f-15f9-7056-8edf-2e8fa4b8f357,GB,2021-11-24 18:31:23,19.99,39.99,50.0,GBP,61,2016-08-12,49.99,GBP,GB,True,False,False,False,False,False,False,1930.0,-30.000000000000004,-0.600120024004801,2021-11-24,False,False,7.016446759259259,True
275850,018d937f-15f9-7056-8edf-2e8fa4b8f357,GB,2021-12-02 18:21:00,19.99,39.99,50.0,GBP,61,2016-08-12,49.99,GBP,GB,True,False,False,False,False,False,False,1938.0,-30.000000000000004,-0.600120024004801,2021-12-02,False,False,4.004178240740741,True
275850,018d937f-15f9-7056-8edf-2e8fa4b8f357,GB,2021-12-08 18:20:18,19.99,39.99,50.0,GBP,61,2016-08-12,49.99,GBP,GB,True,False,False,False,False,False,False,1944.0,-30.000000000000004,-0.600120024004801,2021-12-08,False,False,5.009537037037037,True
275850,018d937f-15f9-7056-8edf-2e8fa4b8f357,GB,2021-12-22 18:55:29,19.99,39.99,50.0,GBP,61,2016-08-12,49.99,GBP,GB,True,False,False,False,False,False,False,1958.0,-30.000000000000004,-0.600120024004801,2021-12-22,False,False,13.988541666666666,True
275850,018d937f-15f9-7056-8edf-2e8fa4b8f357,GB,2022-01-27 19:02:05,19.99,39.99,50.0,GBP,61,2016-08-12,49.99,GBP,GB,True,False,False,False,False,False,False,1994.0,-30.000000000000004,-0.600120024004801,2022-01-27,False,False,6.983113425925926,True
275850,018d937f-15f9-7056-8edf-2e8fa4b8f357,GB,2022-02-14 18:27:42,19.99,39.99,50.0,GBP,61,2016-08-12,49.99,GBP,GB,True,False,False,False,False,False,False,2012.0,-30.000000000000004,-0.600120024004801,2022-02-14,False,False,13.996828703703704,True
275850,018d937f-15f9-7056-8edf-2e8fa4b8f357,GB,2022-04-07 17:09:55,19.99,39.99,50.0,GBP,61,2016-08-12,49.99,GBP,GB,True,False,False,False,False,False,False,2064.0,-30.000000000000004,-0.600120024004801,2022-04-07,False,False,14.006921296296296,True
275850,018d937f-15f9-7056-8edf-2e8fa4b8f357,GB,2022-05-23 17:09:34,19.99,39.99,50.0,GBP,61,2016-08-12,49.99,GBP,GB,True,False,False,False,False,False,False,2110.0,-30.000000000000004,-0.600120024004801,2022-05-23,False,False,14.007349537037037,True
275850,018d937f-15f9-7056-8edf-2e8fa4b8f357,GB,2022-06-23 18:32:38,19.99,39.99,50.0,GBP,61,2016-08-12,49.99,GBP,GB,True,False,False,False,False,False,False,2141.0,-30.000000000000004,-0.600120024004801,2022-06-23,False,False,13.974328703703703,True
275850,018d937f-15f9-7056-8edf-2e8fa4b8f357,GB,2022-07-18 17:18:22,19.99,39.99,50.0,GBP,61,2016-08-12,49.99,GBP,GB,True,False,False,False,False,False,False,2166.0,-30.000000000000004,-0.600120024004801,2022-07-18,False,False,14.011064814814814,True
275850,018d937f-15f9-7056-8edf-2e8fa4b8f357,GB,2022-08-29 17:19:09,19.99,39.99,50.0,GBP,61,2016-08-12,49.99,GBP,GB,True,False,False,False,False,False,False,2208.0,-30.000000000000004,-0.600120024004801,2022-08-29,False,False,7.010185185185185,True
275850,018d937f-15f9-7056-8edf-2e8fa4b8f357,GB,2022-10-06 17:19:05,19.99,39.99,50.0,GBP,61,2016-08-12,49.99,GBP,GB,True,False,False,False,False,False,False,2246.0,-30.000000000000004,-0.600120024004801,2022-10-06,False,False,13.991226851851852,True
275850,018d937f-15f9-7056-8edf-2e8fa4b8f357,GB,2022-11-22 22:27:39,19.99,39.99,50.0,GBP,61,2016-08-12,49.99,GBP,GB,True,False,False,False,False,False,False,2293.0,-30.000000000000004,-0.600120024004801,2022-11-22,False,False,20.87127314814815,True
275850,018d937f-15f9-7056-8edf-2e8fa4b8f357,GB,2022-12-22 18:50:31,19.99,39.99,50.0,GBP,61,2016-08-12,49.99,GBP,GB,True,False,False,False,False,False,False,2323.0,-30.000000000000004,-0.600120024004801,2022-12-22,False,False,14.103715277777777,True
275850,018d937f-15f9-7056-8edf-2e8fa4b8f357,GB,2023-01-06 11:48:02,49.99,49.99,0.0,GBP,61,2016-08-12,49.99,GBP,GB,False,False,False,True,False,False,False,2338.0,0.0,0.0,2023-01-06,False,False,,False
275850,018d937f-15f9-7056-8edf-2e8fa4b8f357,GB,2023-02-20 18:03:18,24.99,49.99,50.0,GBP,61,2016-08-12,49.99,GBP,GB,True,False,False,False,False,False,False,2383.0,-25.000000000000004,-0.5001000200040009,2023-02-20,False,False,14.0275,True
275850,018d937f-15f9-7056-8edf-2e8fa4b8f357,GB,2023-03-16 20:29:50,24.99,49.99,50.0,GBP,61,2016-08-12,49.99,GBP,GB,True,False,False,False,False,False,False,2407.0,-25.000000000000004,-0.5001000200040009,2023-03-16,False,False,6.928252314814815,True
275850,018d937f-15f9-7056-8edf-2e8fa4b8f357,GB,2023-04-05 17:18:33,24.99,49.99,50.0,GBP,61,2016-08-12,49.99,GBP,GB,True,False,False,False,False,False,False,2427.0,-25.000000000000004,-0.5001000200040009,2023-04-05,False,False,13.997627314814816,True
275850,018d937f-15f9-7056-8edf-2e8fa4b8f357,GB,2023-06-05 17:42:23,24.99,49.99,50.0,GBP,61,2016-08-12,49.99,GBP,GB,True,False,False,False,False,False,False,2488.0,-25.000000000000004,-0.5001000200040009,2023-06-05,False,False,13.97712962962963,True
275850,018d937f-15f9-7056-8edf-2e8fa4b8f357,GB,2023-06-29 17:55:59,24.99,49.99,50.0,GBP,61,2016-08-12,49.99,GBP,GB,True,False,False,False,False,False,False,2512.0,-25.000000000000004,-0.5001000200040009,2023-06-29,False,False,13.984988425925925,True
275850,018d937f-15f9-7056-8edf-2e8fa4b8f357,GB,2023-08-21 18:07:38,24.99,49.99,50.0,GBP,61,2016-08-12,49.99,GBP,GB,True,False,False,False,False,False,False,2565.0,-25.000000000000004,-0.5001000200040009,2023-08-21,False,False,13.961724537037037,True
275850,018d937f-15f9-7056-8edf-2e8fa4b8f357,GB,2023-10-04 17:59:21,24.99,49.99,50.0,GBP,61,2016-08-12,49.99,GBP,GB,True,False,False,False,False,False,False,2609.0,-25.000000000000004,-0.5001000200040009,2023-10-04,False,False,13.963136574074074,True
275850,018d937f-15f9-7056-8edf-2e8fa4b8f357,GB,2023-11-21 19:05:06,24.99,49.99,50.0,GBP,61,2016-08-12,49.99,GBP,GB,True,False,False,False,False,False,False,2657.0,-25.000000000000004,-0.5001000200040009,2023-11-21,False,False,7.142210648148148,True
275850,018d937f-15f9-7056-8edf-2e8fa4b8f357,GB,2023-12-04 18:12:33,24.99,49.99,50.0,GBP,61,2016-08-12,49.99,GBP,GB,True,False,False,False,False,False,False,2670.0,-25.000000000000004,-0.5001000200040009,2023-12-04,False,False,13.99988425925926,True
275850,018d937f-15f9-7056-8edf-2e8fa4b8f357,GB,2023-12-21 18:14:40,24.99,49.99,50.0,GBP,61,2016-08-12,49.99,GBP,GB,True,False,False,False,False,False,False,2687.0,-25.000000000000004,-0.5001000200040009,2023-12-21,False,False,14.008877314814814,True
275850,018d937f-15f9-7056-8edf-2e8fa4b8f357,GB,2024-02-12 18:18:34,24.99,49.99,50.0,GBP,61,2016-08-12,49.99,GBP,GB,True,False,False,False,False,False,False,2740.0,-25.000000000000004,-0.5001000200040009,2024-02-12,False,False,14.002893518518519,True
275850,018d937f-15f9-7056-8edf-2e8fa4b8f357,GB,2024-03-14 17:27:47,24.99,49.99,50.0,GBP,61,2016-08-12,49.99,GBP,GB,True,False,False,False,False,False,False,2771.0,-25.000000000000004,-0.5001000200040009,2024-03-14,False,False,6.992291666666667,True
275850,018d937f-15f9-7056-8edf-2e8fa4b8f357,GB,2024-03-27 17:18:26,24.99,49.99,50.0,GBP,61,2016-08-12,49.99,GBP,GB,True,False,False,False,False,False,False,2784.0,-25.000000000000004,-0.5001000200040009,2024-03-27,False,False,12.001354166666667,True
275850,018d937f-15f9-7056-8edf-2e8fa4b8f357,GB,2024-05-27 17:19:51,24.99,49.99,50.0,GBP,61,2016-08-12,49.99,GBP,GB,True,False,False,False,False,False,False,2845.0,-25.000000000000004,-0.5001000200040009,2024-05-27,False,False,13.997349537037037,True
275850,018d937f-15f9-7056-8edf-2e8fa4b8f357,GB,2024-06-27 18:21:56,24.99,49.99,50.0,GBP,61,2016-08-12,49.99,GBP,GB,True,False,False,False,False,False,False,2876.0,-25.000000000000004,-0.5001000200040009,2024-06-27,False,False,13.956597222222221,True
275850,018d937f-15f9-7056-8edf-2e8fa4b8f357,GB,2024-07-15 17:16:58,19.99,49.99,60.0,GBP,61,2016-08-12,49.99,GBP,GB,True,False,False,False,False,False,False,2894.0,-30.000000000000004,-0.600120024004801,2024-07-15,False,False,14.00087962962963,True
275850,018d937f-15f9-7056-8edf-2e8fa4b8f357,GB,2024-09-02 17:16:37,19.99,49.99,60.0,GBP,61,2016-08-12,49.99,GBP,GB,True,False,False,False,False,False,False,2943.0,-30.000000000000004,-0.600120024004801,2024-09-02,False,False,14.00113425925926,True
275850,018d937f-15f9-7056-8edf-2e8fa4b8f357,GB,2024-10-21 17:18:44,19.99,49.99,60.0,GBP,61,2016-08-12,49.99,GBP,GB,True,False,False,False,False,False,False,2992.0,-30.000000000000004,-0.600120024004801,2024-10-21,False,False,13.998252314814815,True
275850,018d937f-15f9-7056-8edf-2e8fa4b8f357,GB,2024-11-27 20:40:48,19.99,49.99,60.0,GBP,61,2016-08-12,49.99,GBP,GB,True,False,False,False,False,False,False,3029.0,-30.000000000000004,-0.600120024004801,2024-11-27,False,False,20.899780092592593,True
275850,018d937f-15f9-7056-8edf-2e8fa4b8f357,GB,2024-12-19 21:52:34,19.99,49.99,60.0,GBP,61,2016-08-12,49.99,GBP,GB,True,False,False,False,False,False,False,3051.0,-30.000000000000004,-0.600120024004801,2024-12-19,False,False,13.852638888888889,True
275850,018d937f-15f9-7056-8edf-2e8fa4b8f357,GB,2025-01-27 18:20:22,19.99,49.99,60.0,GBP,61,2016-08-12,49.99,GBP,GB,True,False,False,False,False,False,False,3090.0,-30.000000000000004,-0.600120024004801,2025-01-27,False,False,14.012048611111112,True
275850,018d937f-15f9-7056-8edf-2e8fa4b8f357,GB,2025-03-13 19:06:10,19.99,49.99,60.0,GBP,61,2016-08-12,49.99,GBP,GB,True,False,False,False,False,False,False,3135.0,-30.000000000000004,-0.600120024004801,2025-03-13,False,False,6.9268171296296295,True
275850,018d937f-15f9-7056-8edf-2e8fa4b8f357,GB,2025-03-24 17:15:42,19.99,49.99,60.0,GBP,61,2016-08-12,49.99,GBP,GB,True,False,False,False,False,False,False,3146.0,-30.000000000000004,-0.600120024004801,2025-03-24,False,False,14.00125,True
275850,018d937f-15f9-7056-8edf-2e8fa4b8f357,GB,2025-05-26 19:52:54,19.99,49.99,60.0,GBP,61,2016-08-12,49.99,GBP,GB,True,False,False,False,False,False,False,3209.0,-30.000000000000004,-0.600120024004801,2025-05-26,False,False,14.02545138888889,True
275850,018d937f-15f9-7056-8edf-2e8fa4b8f357,GB,2025-06-26 22:32:43,19.99,49.99,60.0,GBP,61,2016-08-12,49.99,GBP,GB,True,False,False,False,False,False,False,3240.0,-30.000000000000004,-0.600120024004801,2025-06-26,False,False,13.78130787037037,True
275850,018d937f-15f9-7056-8edf-2e8fa4b8f357,GB,2025-07-14 17:17:07,19.99,49.99,60.0,GBP,61,2016-08-12,49.99,GBP,GB,True,False,False,False,False,False,False,3258.0,-30.000000000000004,-0.600120024004801,2025-07-14,False,False,11.999583333333334,True
275850,018d937f-15f9-7056-8edf-2e8fa4b8f357,GB,2025-08-25 17:21:36,19.99,49.99,60.0,GBP,61,2016-08-12,49.99,GBP,GB,True,False,False,False,False,False,False,3300.0,-30.000000000000004,-0.600120024004801,2025-08-25,False,False,14.001030092592593,True
275850,018d937f-15f9-7056-8edf-2e8fa4b8f357,GB,2025-09-29 21:01:54,19.99,49.99,60.0,GBP,61,2016-08-12,49.99,GBP,GB,True,False,False,False,False,False,False,3335.0,-30.000000000000004,-0.600120024004801,2025-09-29,False,False,6.845289351851852,True
275850,018d937f-15f9-7056-8edf-2e8fa4b8f357,GB,2025-10-20 17:21:48,19.99,49.99,60.0,GBP,61,2016-08-12,49.99,GBP,GB,True,False,False,False,False,False,False,3356.0,-30.000000000000004,-0.600120024004801,2025-10-20,False,False,13.995601851851852,True
275850,018d937f-15f9-7056-8edf-2e8fa4b8f357,JP,2024-12-07 14:42:50,2600.0,6500.0,60.0,JPY,61,2016-08-12,6500.0,JPY,JP,True,False,False,False,False,False,False,3039.0,-3900.0,-0.6,2024-12-07,False,False,11.148032407407408,True
275850,018d937f-15f9-7056-8edf-2e8fa4b8f357,JP,2024-12-19 20:41:20,2600.0,6500.0,60.0,JPY,61,2016-08-12,6500.0,JPY,JP,True,False,False,False,False,False,False,3051.0,-3900.0,-0.6,2024-12-19,False,False,13.90204861111111,True
275850,018d937f-15f9-7056-8edf-2e8fa4b8f357,JP,2025-01-27 18:21:26,2600.0,6500.0,60.0,JPY,61,2016-08-12,6500.0,JPY,JP,True,False,False,False,False,False,False,3090.0,-3900.0,-0.6,2025-01-27,False,False,14.020532407407407,True
275850,018d937f-15f9-7056-8edf-2e8fa4b8f357,JP,2025-03-13 19:58:42,2600.0,6500.0,60.0,JPY,61,2016-08-12,6500.0,JPY,JP,True,False,False,False,False,False,False,3135.0,-3900.0,-0.6,2025-03-13,False,False,6.891469907407408,True
275850,018d937f-15f9-7056-8edf-2e8fa4b8f357,JP,2025-03-24 17:18:04,2600.0,6500.0,60.0,JPY,61,2016-08-12,6500.0,JPY,JP,True,False,False,False,False,False,False,3146.0,-3900.0,-0.6,2025-03-24,False,False,14.0025,True
275850,018d937f-15f9-7056-8edf-2e8fa4b8f357,JP,2025-05-26 22:43:25,2600.0,6500.0,60.0,JPY,61,2016-08-12,6500.0,JPY,JP,True,False,False,False,False,False,False,3209.0,-3900.0,-0.6,2025-05-26,False,False,13.875300925925925,True
275850,018d937f-15f9-7056-8edf-2e8fa4b8f357,JP,2025-06-26 23:15:19,2600.0,6500.0,60.0,JPY,61,2016-08-12,6500.0,JPY,JP,True,False,False,False,False,False,False,3240.0,-3900.0,-0.6,2025-06-26,False,False,13.75255787037037,True
275850,018d937f-15f9-7056-8edf-2e8fa4b8f357,JP,2025-07-14 17:20:55,2600.0,6500.0,60.0,JPY,61,2016-08-12,6500.0,JPY,JP,True,False,False,False,False,False,False,3258.0,-3900.0,-0.6,2025-07-14,False,False,11.996597222222222,True
275850,018d937f-15f9-7056-8edf-2e8fa4b8f357,JP,2025-08-25 17:34:50,2600.0,6500.0,60.0,JPY,61,2016-08-12,6500.0,JPY,JP,True,False,False,False,False,False,False,3300.0,-3900.0,-0.6,2025-08-25,False,False,13.99162037037037,True
275850,018d937f-15f9-7056-8edf-2e8fa4b8f357,JP,2025-09-29 21:33:34,2600.0,6500.0,60.0,JPY,61,2016-08-12,6500.0,JPY,JP,True,False,False,False,False,False,False,3335.0,-3900.0,-0.6,2025-09-29,False,False,6.826585648148148,True
275850,018d937f-15f9-7056-8edf-2e8fa4b8f357,JP,2025-10-20 17:24:11,2600.0,6500.0,60.0,JPY,61,2016-08-12,6500.0,JPY,JP,True,False,False,False,False,False,False,3356.0,-3900.0,-0.6,2025-10-20,False,False,13.994108796296297,True
275850,018d937f-15f9-7056-8edf-2e8fa4b8f357,PL,2016-11-23 18:45:05,158.35600000000002,263.956,40.0,PLN,61,2016-08-12,274.99,PLN,PL,True,True,True,False,False,False,False,103.0,-116.63399999999999,-0.42413905960216725,2016-11-23,True,True,8.000011574074074,True
275850,018d937f-15f9-7056-8edf-2e8fa4b8f357,PL,2016-12-22 19:15:05,158.35600000000002,263.956,40.0,PLN,61,2016-08-12,274.99,PLN,PL,True,False,False,False,False,False,False,132.0,-116.63399999999999,-0.42413905960216725,2016-12-22,True,True,10.97917824074074,True
275850,018d937f-15f9-7056-8edf-2e8fa4b8f357,PL,2017-03-09 18:15:13,158.35600000000002,263.956,40.0,PLN,61,2016-08-12,274.99,PLN,PL,True,False,False,False,False,False,False,209.0,-116.63399999999999,-0.42413905960216725,2017-03-09,True,True,3.9584027777777777,True
275850,018d937f-15f9-7056-8edf-2e8fa4b8f357,PL,2017-06-22 20:45:03,105.556,263.956,60.0,PLN,61,2016-08-12,274.99,PLN,PL,True,False,False,False,False,False,False,314.0,-169.43400000000003,-0.6161460416742427,2017-06-22,True,True,12.895891203703703,True
275850,018d937f-15f9-7056-8edf-2e8fa4b8f357,PL,2017-08-11 17:45:04,105.556,263.956,60.0,PLN,61,2016-08-12,274.99,PLN,PL,True,False,False,False,False,False,False,364.0,-169.43400000000003,-0.6161460416742427,2017-08-11,True,True,5.000011574074074,True
275850,018d937f-15f9-7056-8edf-2e8fa4b8f357,PL,2017-10-30 12:15:14,105.556,263.956,60.0,PLN,61,2016-08-12,274.99,PLN,PL,True,False,False,False,False,False,False,444.0,-169.43400000000003,-0.6161460416742427,2017-10-30,True,True,2.2707291666666665,True
275850,018d937f-15f9-7056-8edf-2e8fa4b8f357,PL,2017-11-15 18:15:13,241.95600000000002,241.95600000000002,0.0,PLN,61,2016-08-12,274.99,PLN,PL,False,False,False,True,False,False,False,460.0,-33.03399999999999,-0.12012800465471474,2017-11-15,True,True,,False
275850,018d937f-15f9-7056-8edf-2e8fa4b8f357,PL,2017-11-22 18:15:05,96.756,241.95600000000002,60.0,PLN,61,2016-08-12,274.99,PLN,PL,True,False,False,False,False,False,False,467.0,-178.234,-0.6481472053529219,2017-11-22,True,True,6.041793981481481,True
275850,018d937f-15f9-7056-8edf-2e8fa4b8f357,PL,2017-12-21 18:45:04,96.756,241.95600000000002,60.0,PLN,61,2016-08-12,274.99,PLN,PL,True,False,False,False,False,False,False,496.0,-178.234,-0.6481472053529219,2017-12-21,True,True,14.000023148148149,True
275850,018d937f-15f9-7056-8edf-2e8fa4b8f357,PL,2018-02-16 10:45:07,96.756,241.95600000000002,60.0,PLN,61,2016-08-12,274.99,PLN,PL,True,False,False,False,False,False,False,553.0,-178.234,-0.6481472053529219,2018-02-16,True,True,3.312546296296296,True
275850,018d937f-15f9-7056-8edf-2e8fa4b8f357,PL,2018-06-21 17:51:18,120.956,241.95600000000002,50.0,PLN,61,2016-08-12,274.99,PLN,PL,True,False,False,False,False,False,False,678.0,-154.034,-0.560144005236554,2018-06-21,True,True,13.99855324074074,True
275850,018d937f-15f9-7056-8edf-2e8fa4b8f357,PL,2018-07-24 17:14:25,120.956,241.95600000000002,50.0,PLN,61,2016-08-12,274.99,PLN,PL,True,False,False,False,False,False,False,711.0,-154.034,-0.560144005236554,2018-07-24,True,True,13.002430555555556,True
275850,018d937f-15f9-7056-8edf-2e8fa4b8f357,PL,2018-10-29 17:18:26,120.956,241.95600000000002,50.0,PLN,61,2016-08-12,274.99,PLN,PL,True,False,False,False,False,False,False,808.0,-154.034,-0.560144005236554,2018-10-29,True,True,3.0098842592592594,True
275850,018d937f-15f9-7056-8edf-2e8fa4b8f357,PL,2018-11-21 19:01:29,120.956,241.95600000000002,50.0,PLN,61,2016-08-12,274.99,PLN,PL,True,False,False,False,False,False,False,831.0,-154.034,-0.560144005236554,2018-11-21,True,True,6.012280092592593,True
275850,018d937f-15f9-7056-8edf-2e8fa4b8f357,PL,2018-12-06 18:39:54,120.956,241.95600000000002,50.0,PLN,61,2016-08-12,274.99,PLN,PL,True,False,False,False,False,False,False,846.0,-154.034,-0.560144005236554,2018-12-06,True,True,1.9810185185185185,True
275850,018d937f-15f9-7056-8edf-2e8fa4b8f357,PL,2018-12-13 18:13:28,120.956,241.95600000000002,50.0,PLN,61,2016-08-12,274.99,PLN,PL,True,False,False,False,False,False,False,853.0,-154.034,-0.560144005236554,2018-12-13,True,True,4.02082175925926,True
275850,018d937f-15f9-7056-8edf-2e8fa4b8f357,PL,2018-12-20 20:49:14,120.956,241.95600000000002,50.0,PLN,61,2016-08-12,274.99,PLN,PL,True,False,False,False,False,False,False,860.0,-154.034,-0.560144005236554,2018-12-20,True,True,14.1371875,True
275850,018d937f-15f9-7056-8edf-2e8fa4b8f357,PL,2019-02-04 20:40:59,120.956,241.95600000000002,50.0,PLN,61,2016-08-12,274.99,PLN,PL,True,False,False,False,False,False,False,906.0,-154.034,-0.560144005236554,2019-02-04,True,True,6.898668981481482,True
275850,018d937f-15f9-7056-8edf-2e8fa4b8f357,PL,2019-03-25 18:18:39,120.956,241.95600000000002,50.0,PLN,61,2016-08-12,274.99,PLN,PL,True,False,False,False,False,False,False,955.0,-154.034,-0.560144005236554,2019-03-25,True,True,7.072210648148148,True
275850,018d937f-15f9-7056-8edf-2e8fa4b8f357,PL,2019-05-16 19:57:20,120.956,241.95600000000002,50.0,PLN,61,2016-08-12,274.99,PLN,PL,True,False,False,False,False,False,False,1007.0,-154.034,-0.560144005236554,2019-05-16,True,True,4.015671296296296,True
275850,018d937f-15f9-7056-8edf-2e8fa4b8f357,PL,2019-06-25 22:20:29,120.956,241.95600000000002,50.0,PLN,61,2016-08-12,274.99,PLN,PL,True,False,False,False,False,False,False,1047.0,-154.034,-0.560144005236554,2019-06-25,True,True,13.838055555555556,True
275850,018d937f-15f9-7056-8edf-2e8fa4b8f357,PL,2019-07-18 18:13:46,145.15600000000003,241.95600000000002,40.0,PLN,61,2016-08-12,274.99,PLN,PL,True,False,False,False,False,False,False,1070.0,-129.83399999999997,-0.4721408051201861,2019-07-18,True,True,3.9815625,True
275850,018d937f-15f9-7056-8edf-2e8fa4b8f357,PL,2019-08-07 18:10:35,120.956,241.95600000000002,50.0,PLN,61,2016-08-12,274.99,PLN,PL,True,False,False,False,False,False,False,1090.0,-154.034,-0.560144005236554,2019-08-07,True,True,18.969386574074075,True
275850,018d937f-15f9-7056-8edf-2e8fa4b8f357,PL,2019-10-07 17:21:55,120.956,241.95600000000002,50.0,PLN,61,2016-08-12,274.99,PLN,PL,True,False,False,False,False,False,False,1151.0,-154.034,-0.560144005236554,2019-10-07,True,True,6.999768518518518,True
275850,018d937f-15f9-7056-8edf-2e8fa4b8f357,PL,2019-10-28 17:31:58,120.956,241.95600000000002,50.0,PLN,61,2016-08-12,274.99,PLN,PL,True,False,False,False,False,False,False,1172.0,-154.034,-0.560144005236554,2019-10-28,True,True,3.9956597222222223,True
275850,018d937f-15f9-7056-8edf-2e8fa4b8f357,PL,2019-11-26 18:07:59,120.956,241.95600000000002,50.0,PLN,61,2016-08-12,274.99,PLN,PL,True,False,False,False,False,False,False,1201.0,-154.034,-0.560144005236554,2019-11-26,True,True,7.009328703703703,True
275850,018d937f-15f9-7056-8edf-2e8fa4b8f357,PL,2019-12-12 18:21:36,120.956,241.95600000000002,50.0,PLN,61,2016-08-12,274.99,PLN,PL,True,False,False,False,False,False,False,1217.0,-154.034,-0.560144005236554,2019-12-12,True,True,2.000046296296296,True
275850,018d937f-15f9-7056-8edf-2e8fa4b8f357,PL,2019-12-19 20:21:10,120.956,241.95600000000002,50.0,PLN,61,2016-08-12,274.99,PLN,PL,True,False,False,False,False,False,False,1224.0,-154.034,-0.560144005236554,2019-12-19,True,True,13.930601851851852,True
275850,018d937f-15f9-7056-8edf-2e8fa4b8f357,PL,2020-01-23 18:25:02,120.956,241.95600000000002,50.0,PLN,61,2016-08-12,274.99,PLN,PL,True,False,False,False,False,False,False,1259.0,-154.034,-0.560144005236554,2020-01-23,True,True,4.000740740740741,True
275850,018d937f-15f9-7056-8edf-2e8fa4b8f357,PL,2020-02-17 18:22:01,120.956,241.95600000000002,50.0,PLN,61,2016-08-12,274.99,PLN,PL,True,False,False,False,False,False,False,1284.0,-154.034,-0.560144005236554,2020-02-17,True,True,6.999756944444444,True
275850,018d937f-15f9-7056-8edf-2e8fa4b8f357,PL,2020-04-01 17:21:23,120.956,241.95600000000002,50.0,PLN,61,2016-08-12,274.99,PLN,PL,True,False,False,False,False,False,False,1328.0,-154.034,-0.560144005236554,2020-04-01,True,True,12.000046296296297,True
275850,018d937f-15f9-7056-8edf-2e8fa4b8f357,PL,2020-05-25 17:22:53,120.956,241.95600000000002,50.0,PLN,61,2016-08-12,274.99,PLN,PL,True,False,False,False,False,False,False,1382.0,-154.034,-0.560144005236554,2020-05-25,True,True,6.9994097222222225,True
275850,018d937f-15f9-7056-8edf-2e8fa4b8f357,PL,2020-06-25 18:03:31,120.956,241.95600000000002,50.0,PLN,61,2016-08-12,274.99,PLN,PL,True,False,False,False,False,False,False,1413.0,-154.034,-0.560144005236554,2020-06-25,True,True,13.9734375,True
275850,018d937f-15f9-7056-8edf-2e8fa4b8f357,PL,2020-07-13 17:21:47,120.956,241.95600000000002,50.0,PLN,61,2016-08-12,274.99,PLN,PL,True,False,False,False,False,False,False,1431.0,-154.034,-0.560144005236554,2020-07-13,True,True,7.000277777777778,True
275850,018d937f-15f9-7056-8edf-2e8fa4b8f357,PL,2020-09-21 17:21:50,120.956,241.95600000000002,50.0,PLN,61,2016-08-12,274.99,PLN,PL,True,False,False,False,False,False,False,1501.0,-154.034,-0.560144005236554,2020-09-21,True,True,13.999699074074075,True
275850,018d937f-15f9-7056-8edf-2e8fa4b8f357,PL,2020-10-29 17:08:17,120.956,241.95600000000002,50.0,PLN,61,2016-08-12,274.99,PLN,PL,True,False,False,False,False,False,False,1539.0,-154.034,-0.560144005236554,2020-10-29,True,True,4.052858796296296,True
275850,018d937f-15f9-7056-8edf-2e8fa4b8f357,PL,2020-11-12 18:21:13,120.956,241.95600000000002,50.0,PLN,61,2016-08-12,274.99,PLN,PL,True,False,False,False,False,False,False,1553.0,-154.034,-0.560144005236554,2020-11-12,True,True,4.000358796296296,True
275850,018d937f-15f9-7056-8edf-2e8fa4b8f357,PL,2020-11-25 18:25:15,120.956,241.95600000000002,50.0,PLN,61,2016-08-12,274.99,PLN,PL,True,False,False,False,False,False,False,1566.0,-154.034,-0.560144005236554,2020-11-25,True,True,5.999375,True
275850,018d937f-15f9-7056-8edf-2e8fa4b8f357,PL,2020-12-09 18:07:15,120.956,241.95600000000002,50.0,PLN,61,2016-08-12,274.99,PLN,PL,True,False,False,False,False,False,False,1580.0,-154.034,-0.560144005236554,2020-12-09,True,True,5.019537037037037,True
275850,018d937f-15f9-7056-8edf-2e8fa4b8f357,PL,2020-12-22 19:01:30,120.956,241.95600000000002,50.0,PLN,61,2016-08-12,274.99,PLN,PL,True,False,False,False,False,False,False,1593.0,-154.034,-0.560144005236554,2020-12-22,True,True,13.992905092592592,True
275850,018d937f-15f9-7056-8edf-2e8fa4b8f357,PL,2021-02-11 18:34:45,120.956,241.95600000000002,50.0,PLN,61,2016-08-12,274.99,PLN,PL,True,False,False,False,False,False,False,1644.0,-154.034,-0.560144005236554,2021-02-11,True,True,10.990706018518518,True
275850,018d937f-15f9-7056-8edf-2e8fa4b8f357,PL,2021-03-25 17:19:16,120.956,241.95600000000002,50.0,PLN,61,2016-08-12,274.99,PLN,PL,True,False,False,False,False,False,False,1686.0,-154.034,-0.560144005236554,2021-03-25,True,True,11.999618055555555,True
275850,018d937f-15f9-7056-8edf-2e8fa4b8f357,PL,2021-05-27 17:22:32,120.956,241.95600000000002,50.0,PLN,61,2016-08-12,274.99,PLN,PL,True,False,False,False,False,False,False,1749.0,-154.034,-0.560144005236554,2021-05-27,True,True,11.00074074074074,True
275850,018d937f-15f9-7056-8edf-2e8fa4b8f357,PL,2021-06-28 14:30:31,120.956,241.95600000000002,50.0,PLN,61,2016-08-12,274.99,PLN,PL,True,False,False,False,False,False,False,1781.0,-154.034,-0.560144005236554,2021-06-28,True,True,10.121712962962963,True
275850,018d937f-15f9-7056-8edf-2e8fa4b8f357,PL,2021-07-12 17:19:39,120.956,241.95600000000002,50.0,PLN,61,2016-08-12,274.99,PLN,PL,True,False,False,False,False,False,False,1795.0,-154.034,-0.560144005236554,2021-07-12,True,True,7.002557870370371,True
275850,018d937f-15f9-7056-8edf-2e8fa4b8f357,PL,2021-08-30 17:21:35,120.956,241.95600000000002,50.0,PLN,61,2016-08-12,274.99,PLN,PL,True,False,False,False,False,False,False,1844.0,-154.034,-0.560144005236554,2021-08-30,True,True,14.004189814814815,True
275850,018d937f-15f9-7056-8edf-2e8fa4b8f357,PL,2021-09-30 17:06:13,120.956,241.95600000000002,50.0,PLN,61,2016-08-12,274.99,PLN,PL,True,False,False,False,False,False,False,1875.0,-154.034,-0.560144005236554,2021-09-30,True,True,4.012662037037037,True
275850,018d937f-15f9-7056-8edf-2e8fa4b8f357,PL,2021-10-18 17:15:24,120.956,241.95600000000002,50.0,PLN,61,2016-08-12,274.99,PLN,PL,True,False,False,False,False,False,False,1893.0,-154.034,-0.560144005236554,2021-10-18,True,True,14.01480324074074,True
275850,018d937f-15f9-7056-8edf-2e8fa4b8f357,PL,2021-11-24 21:31:19,120.956,241.95600000000002,50.0,PLN,61,2016-08-12,274.99,PLN,PL,True,False,False,False,False,False,False,1930.0,-154.034,-0.560144005236554,2021-11-24,True,True,6.883055555555556,True
275850,018d937f-15f9-7056-8edf-2e8fa4b8f357,PL,2021-12-02 18:39:42,120.956,241.95600000000002,50.0,PLN,61,2016-08-12,274.99,PLN,PL,True,False,False,False,False,False,False,1938.0,-154.034,-0.560144005236554,2021-12-02,True,True,3.9746180555555557,True
275850,018d937f-15f9-7056-8edf-2e8fa4b8f357,PL,2021-12-22 19:13:27,120.956,241.95600000000002,50.0,PLN,61,2016-08-12,274.99,PLN,PL,True,False,False,False,False,False,False,1958.0,-154.034,-0.560144005236554,2021-12-22,True,True,14.12511574074074,True
275850,018d937f-15f9-7056-8edf-2e8fa4b8f357,PL,2022-01-27 18:25:44,120.956,241.95600000000002,50.0,PLN,61,2016-08-12,274.99,PLN,PL,True,False,False,False,False,False,False,1994.0,-154.034,-0.560144005236554,2022-01-27,True,True,7.119178240740741,True
275850,018d937f-15f9-7056-8edf-2e8fa4b8f357,PL,2022-02-14 18:29:41,120.956,241.95600000000002,50.0,PLN,61,2016-08-12,274.99,PLN,PL,True,False,False,False,False,False,False,2012.0,-154.034,-0.560144005236554,2022-02-14,True,True,13.983587962962963,True
275850,018d937f-15f9-7056-8edf-2e8fa4b8f357,PL,2022-05-23 17:09:34,120.956,241.95600000000002,50.0,PLN,61,2016-08-12,274.99,PLN,PL,True,False,False,False,False,False,False,2110.0,-154.034,-0.560144005236554,2022-05-23,True,True,14.016805555555555,True
275850,018d937f-15f9-7056-8edf-2e8fa4b8f357,PL,2022-06-23 17:57:52,120.956,241.95600000000002,50.0,PLN,61,2016-08-12,274.99,PLN,PL,True,False,False,False,False,False,False,2141.0,-154.034,-0.560144005236554,2022-06-23,True,True,13.98181712962963,True
275850,018d937f-15f9-7056-8edf-2e8fa4b8f357,PL,2022-07-18 17:18:20,120.956,241.95600000000002,50.0,PLN,61,2016-08-12,274.99,PLN,PL,True,False,False,False,False,False,False,2166.0,-154.034,-0.560144005236554,2022-07-18,True,True,14.000034722222223,True
275850,018d937f-15f9-7056-8edf-2e8fa4b8f357,PL,2022-08-29 17:12:31,120.956,241.95600000000002,50.0,PLN,61,2016-08-12,274.99,PLN,PL,True,False,False,False,False,False,False,2208.0,-154.034,-0.560144005236554,2022-08-29,True,True,7.0123495370370375,True
275850,018d937f-15f9-7056-8edf-2e8fa4b8f357,PL,2022-10-06 17:19:19,120.956,241.95600000000002,50.0,PLN,61,2016-08-12,274.99,PLN,PL,True,False,False,False,False,False,False,2246.0,-154.034,-0.560144005236554,2022-10-06,True,True,68.06873842592593,True
275850,018d937f-15f9-7056-8edf-2e8fa4b8f357,PL,2022-12-22 18:55:32,120.956,241.95600000000002,50.0,PLN,61,2016-08-12,274.99,PLN,PL,True,False,False,False,False,False,False,2323.0,-154.034,-0.560144005236554,2022-12-22,True,True,13.99554398148148,True
275850,018d937f-15f9-7056-8edf-2e8fa4b8f357,PL,2023-01-06 11:55:23,259.55600000000004,259.55600000000004,0.0,PLN,61,2016-08-12,274.99,PLN,PL,False,False,False,True,False,False,False,2338.0,-15.433999999999969,-0.05612567729735618,2023-01-06,True,True,,False
275850,018d937f-15f9-7056-8edf-2e8fa4b8f357,PL,2023-02-20 18:57:19,129.756,259.55600000000004,50.0,PLN,61,2016-08-12,274.99,PLN,PL,True,False,False,False,False,False,False,2383.0,-145.234,-0.5281428415578748,2023-02-20,True,True,13.977106481481481,True
275850,018d937f-15f9-7056-8edf-2e8fa4b8f357,PL,2023-03-16 20:29:50,129.756,259.55600000000004,50.0,PLN,61,2016-08-12,274.99,PLN,PL,True,False,False,False,False,False,False,2407.0,-145.234,-0.5281428415578748,2023-03-16,True,True,6.8987847222222225,True
275850,018d937f-15f9-7056-8edf-2e8fa4b8f357,PL,2023-04-05 17:03:10,129.756,259.55600000000004,50.0,PLN,61,2016-08-12,274.99,PLN,PL,True,False,False,False,False,False,False,2427.0,-145.234,-0.5281428415578748,2023-04-05,True,True,14.010543981481481,True
275850,018d937f-15f9-7056-8edf-2e8fa4b8f357,PL,2023-06-05 17:03:18,129.756,259.55600000000004,50.0,PLN,61,2016-08-12,274.99,PLN,PL,True,False,False,False,False,False,False,2488.0,-145.234,-0.5281428415578748,2023-06-05,True,True,14.016631944444445,True
275850,018d937f-15f9-7056-8edf-2e8fa4b8f357,PL,2023-06-29 17:59:15,129.756,129.756,0.0,PLN,61,2016-08-12,274.99,PLN,PL,False,False,False,True,False,False,False,2512.0,-145.234,-0.5281428415578748,2023-06-29,True,True,,False
275850,018d937f-15f9-7056-8edf-2e8fa4b8f357,PL,2023-07-13 17:43:03,259.55600000000004,259.55600000000004,0.0,PLN,61,2016-08-12,274.99,PLN,PL,False,False,False,True,False,False,False,2526.0,-15.433999999999969,-0.05612567729735618,2023-07-13,True,True,,False
275850,018d937f-15f9-7056-8edf-2e8fa4b8f357,PL,2023-08-21 17:33:26,129.756,259.55600000000004,50.0,PLN,61,2016-08-12,274.99,PLN,PL,True,False,False,False,False,False,False,2565.0,-145.234,-0.5281428415578748,2023-08-21,True,True,13.979074074074074,True
275850,018d937f-15f9-7056-8edf-2e8fa4b8f357,PL,2023-10-04 17:20:16,129.756,259.55600000000004,50.0,PLN,61,2016-08-12,274.99,PLN,PL,True,False,False,False,False,False,False,2609.0,-145.234,-0.5281428415578748,2023-10-04,True,True,14.00011574074074,True
275850,018d937f-15f9-7056-8edf-2e8fa4b8f357,PL,2023-11-21 19:06:52,129.756,259.55600000000004,50.0,PLN,61,2016-08-12,274.99,PLN,PL,True,False,False,False,False,False,False,2657.0,-145.234,-0.5281428415578748,2023-11-21,True,True,6.990462962962963,True
275850,018d937f-15f9-7056-8edf-2e8fa4b8f357,PL,2023-12-04 18:30:55,129.756,259.55600000000004,50.0,PLN,61,2016-08-12,274.99,PLN,PL,True,False,False,False,False,False,False,2670.0,-145.234,-0.5281428415578748,2023-12-04,True,True,13.9975,True
275850,018d937f-15f9-7056-8edf-2e8fa4b8f357,PL,2023-12-21 18:36:08,129.756,259.55600000000004,50.0,PLN,61,2016-08-12,274.99,PLN,PL,True,False,False,False,False,False,False,2687.0,-145.234,-0.5281428415578748,2023-12-21,True,True,13.997118055555555,True
275850,018d937f-15f9-7056-8edf-2e8fa4b8f357,PL,2024-02-12 18:16:42,129.756,259.55600000000004,50.0,PLN,61,2016-08-12,274.99,PLN,PL,True,False,False,False,False,False,False,2740.0,-145.234,-0.5281428415578748,2024-02-12,True,True,14.004259259259259,True
275850,018d937f-15f9-7056-8edf-2e8fa4b8f357,PL,2024-03-14 17:17:21,129.756,259.55600000000004,50.0,PLN,61,2016-08-12,274.99,PLN,PL,True,False,False,False,False,False,False,2771.0,-145.234,-0.5281428415578748,2024-03-14,True,True,7.0014467592592595,True
275850,018d937f-15f9-7056-8edf-2e8fa4b8f357,PL,2024-03-27 17:15:29,129.756,259.55600000000004,50.0,PLN,61,2016-08-12,274.99,PLN,PL,True,False,False,False,False,False,False,2784.0,-145.234,-0.5281428415578748,2024-03-27,True,True,12.001504629629629,True
275850,018d937f-15f9-7056-8edf-2e8fa4b8f357,PL,2024-05-27 17:15:35,129.756,259.55600000000004,50.0,PLN,61,2016-08-12,274.99,PLN,PL,True,False,False,False,False,False,False,2845.0,-145.234,-0.5281428415578748,2024-05-27,True,True,14.000289351851851,True
275850,018d937f-15f9-7056-8edf-2e8fa4b8f357,PL,2024-06-27 18:21:51,122.49692307692308,245.03538461538466,50.0,PLN,61,2016-08-12,274.99,PLN,PL,True,False,False,False,False,False,False,2876.0,-152.49307692307693,-0.5545404448273643,2024-06-27,True,True,13.956689814814816,True
275850,018d937f-15f9-7056-8edf-2e8fa4b8f357,PL,2024-07-15 17:16:05,97.98923076923077,245.03538461538466,60.0,PLN,61,2016-08-12,274.99,PLN,PL,True,False,False,False,False,False,False,2894.0,-177.00076923076924,-0.643662566750679,2024-07-15,True,True,14.000972222222222,True
275850,018d937f-15f9-7056-8edf-2e8fa4b8f357,PL,2024-09-02 17:18:07,97.98923076923077,245.03538461538466,60.0,PLN,61,2016-08-12,274.99,PLN,PL,True,False,False,False,False,False,False,2943.0,-177.00076923076924,-0.643662566750679,2024-09-02,True,True,14.000069444444444,True
275850,018d937f-15f9-7056-8edf-2e8fa4b8f357,PL,2024-10-21 17:17:21,97.98923076923077,245.03538461538466,60.0,PLN,61,2016-08-12,274.99,PLN,PL,True,False,False,False,False,False,False,2992.0,-177.00076923076924,-0.643662566750679,2024-10-21,True,True,13.999097222222222,True
275850,018d937f-15f9-7056-8edf-2e8fa4b8f357,PL,2024-11-27 20:40:58,97.98923076923077,245.03538461538466,60.0,PLN,61,2016-08-12,274.99,PLN,PL,True,False,False,False,False,False,False,3029.0,-177.00076923076924,-0.643662566750679,2024-11-27,True,True,20.901793981481482,True
275850,018d937f-15f9-7056-8edf-2e8fa4b8f357,PL,2024-12-19 21:58:00,97.98923076923077,245.03538461538466,60.0,PLN,61,2016-08-12,274.99,PLN,PL,True,False,False,False,False,False,False,3051.0,-177.00076923076924,-0.643662566750679,2024-12-19,True,True,13.848738425925927,True
275850,018d937f-15f9-7056-8edf-2e8fa4b8f357,PL,2025-01-27 18:30:22,97.98923076923077,245.03538461538466,60.0,PLN,61,2016-08-12,274.99,PLN,PL,True,False,False,False,False,False,False,3090.0,-177.00076923076924,-0.643662566750679,2025-01-27,True,True,14.005115740740742,True
275850,018d937f-15f9-7056-8edf-2e8fa4b8f357,PL,2025-03-13 19:06:08,97.98923076923077,245.03538461538466,60.0,PLN,61,2016-08-12,274.99,PLN,PL,True,False,False,False,False,False,False,3135.0,-177.00076923076924,-0.643662566750679,2025-03-13,True,True,6.925601851851852,True
275850,018d937f-15f9-7056-8edf-2e8fa4b8f357,PL,2025-03-24 17:16:42,97.98923076923077,245.03538461538466,60.0,PLN,61,2016-08-12,274.99,PLN,PL,True,False,False,False,False,False,False,3146.0,-177.00076923076924,-0.643662566750679,2025-03-24,True,True,14.000601851851853,True
275850,018d937f-15f9-7056-8edf-2e8fa4b8f357,PL,2025-05-26 19:52:50,97.98923076923077,245.03538461538466,60.0,PLN,61,2016-08-12,274.99,PLN,PL,True,False,False,False,False,False,False,3209.0,-177.00076923076924,-0.643662566750679,2025-05-26,True,True,14.027118055555556,True
275850,018d937f-15f9-7056-8edf-2e8fa4b8f357,PL,2025-06-26 22:31:41,98.98549019607843,247.5266666666667,60.0,PLN,61,2016-08-12,274.99,PLN,PL,True,False,False,False,False,False,False,3240.0,-176.00450980392156,-0.6400396734569314,2025-06-26,True,True,13.782025462962963,True
275850,018d937f-15f9-7056-8edf-2e8fa4b8f357,PL,2025-07-14 17:20:32,98.98549019607843,247.5266666666667,60.0,PLN,61,2016-08-12,274.99,PLN,PL,True,False,False,False,False,False,False,3258.0,-176.00450980392156,-0.6400396734569314,2025-07-14,True,True,11.997094907407407,True
275850,018d937f-15f9-7056-8edf-2e8fa4b8f357,PL,2025-08-25 17:27:40,98.98549019607843,247.5266666666667,60.0,PLN,61,2016-08-12,274.99,PLN,PL,True,False,False,False,False,False,False,3300.0,-176.00450980392156,-0.6400396734569314,2025-08-25,True,True,13.992268518518518,True
275850,018d937f-15f9-7056-8edf-2e8fa4b8f357,PL,2025-09-29 20:51:22,98.98549019607843,247.5266666666667,60.0,PLN,61,2016-08-12,274.99,PLN,PL,True,False,False,False,False,False,False,3335.0,-176.00450980392156,-0.6400396734569314,2025-09-29,True,True,6.852604166666667,True
275850,018d937f-15f9-7056-8edf-2e8fa4b8f357,PL,2025-10-20 17:21:21,98.98549019607843,247.5266666666667,60.0,PLN,61,2016-08-12,274.99,PLN,PL,True,False,False,False,False,False,False,3356.0,-176.00450980392156,-0.6400396734569314,2025-10-20,True,True,13.998391203703704,True
275850,018d937f-15f9-7056-8edf-2e8fa4b8f357,TR,2016-11-23 18:47:21,3.1500000000000004,5.250000000000001,40.0,USD,61,2016-08-12,26.99,USD,TR,True,True,True,False,False,False,False,103.0,-23.839999999999996,-0.8832901074472026,2016-11-23,True,True,8.020578703703704,True
275850,018d937f-15f9-7056-8edf-2e8fa4b8f357,TR,2016-12-22 18:16:36,3.1500000000000004,5.250000000000001,40.0,USD,61,2016-08-12,26.99,USD,TR,True,False,False,False,False,False,False,132.0,-23.839999999999996,-0.8832901074472026,2016-12-22,True,True,11.021863425925925,True
275850,018d937f-15f9-7056-8edf-2e8fa4b8f357,TR,2017-03-09 18:46:29,3.1500000000000004,5.250000000000001,40.0,USD,61,2016-08-12,26.99,USD,TR,True,False,False,False,False,False,False,209.0,-23.839999999999996,-0.8832901074472026,2017-03-09,True,True,3.9580208333333333,True
275850,018d937f-15f9-7056-8edf-2e8fa4b8f357,TR,2017-06-22 18:46:56,2.1,5.250000000000001,60.0,USD,61,2016-08-12,26.99,USD,TR,True,False,False,False,False,False,False,314.0,-24.889999999999997,-0.9221934049648017,2017-06-22,True,True,12.959247685185185,True
275850,018d937f-15f9-7056-8edf-2e8fa4b8f357,TR,2017-08-11 17:17:01,2.1,5.250000000000001,60.0,USD,61,2016-08-12,26.99,USD,TR,True,False,False,False,False,False,False,364.0,-24.889999999999997,-0.9221934049648017,2017-08-11,True,True,5.041724537037037,True
275850,018d937f-15f9-7056-8edf-2e8fa4b8f357,TR,2017-10-30 12:46:09,2.1,5.250000000000001,60.0,USD,61,2016-08-12,26.99,USD,TR,True,False,False,False,False,False,False,444.0,-24.889999999999997,-0.9221934049648017,2017-10-30,True,True,2.2095833333333332,True
275850,018d937f-15f9-7056-8edf-2e8fa4b8f357,TR,2017-11-22 19:17:04,2.1,5.250000000000001,60.0,USD,61,2016-08-12,26.99,USD,TR,True,False,False,False,False,False,False,467.0,-24.889999999999997,-0.9221934049648017,2017-11-22,True,True,6.020740740740741,True
275850,018d937f-15f9-7056-8edf-2e8fa4b8f357,TR,2017-12-21 18:48:26,2.1,5.250000000000001,60.0,USD,61,2016-08-12,26.99,USD,TR,True,False,False,False,False,False,False,496.0,-24.889999999999997,-0.9221934049648017,2017-12-21,True,True,14.00013888888889,True
275850,018d937f-15f9-7056-8edf-2e8fa4b8f357,TR,2018-02-16 10:58:56,2.1,5.250000000000001,60.0,USD,61,2016-08-12,26.99,USD,TR,True,False,False,False,False,False,False,553.0,-24.889999999999997,-0.9221934049648017,2018-02-16,True,True,3.3540625,True
275850,018d937f-15f9-7056-8edf-2e8fa4b8f357,TR,2018-06-21 19:07:51,2.6250000000000004,5.250000000000001,50.0,USD,61,2016-08-12,26.99,USD,TR,True,False,False,False,False,False,False,678.0,-24.365,-0.9027417562060022,2018-06-21,True,True,13.940671296296296,True
275850,018d937f-15f9-7056-8edf-2e8fa4b8f357,TR,2018-07-24 17:16:17,2.6250000000000004,5.250000000000001,50.0,USD,61,2016-08-12,26.99,USD,TR,True,False,False,False,False,False,False,711.0,-24.365,-0.9027417562060022,2018-07-24,True,True,13.000983796296296,True
275850,018d937f-15f9-7056-8edf-2e8fa4b8f357,TR,2018-10-29 17:26:24,2.6250000000000004,5.250000000000001,50.0,USD,61,2016-08-12,26.99,USD,TR,True,False,False,False,False,False,False,808.0,-24.365,-0.9027417562060022,2018-10-29,True,True,2.9987037037037036,True
275850,018d937f-15f9-7056-8edf-2e8fa4b8f357,TR,2018-11-21 19:00:09,2.6250000000000004,5.250000000000001,50.0,USD,61,2016-08-12,26.99,USD,TR,True,False,False,False,False,False,False,831.0,-24.365,-0.9027417562060022,2018-11-21,True,True,6.008819444444445,True
275850,018d937f-15f9-7056-8edf-2e8fa4b8f357,TR,2018-12-06 18:25:44,2.6250000000000004,5.250000000000001,50.0,USD,61,2016-08-12,26.99,USD,TR,True,False,False,False,False,False,False,846.0,-24.365,-0.9027417562060022,2018-12-06,True,True,1.993599537037037,True
275850,018d937f-15f9-7056-8edf-2e8fa4b8f357,TR,2018-12-13 18:15:28,2.6250000000000004,5.250000000000001,50.0,USD,61,2016-08-12,26.99,USD,TR,True,False,False,False,False,False,False,853.0,-24.365,-0.9027417562060022,2018-12-13,True,True,4.012199074074074,True
275850,018d937f-15f9-7056-8edf-2e8fa4b8f357,TR,2018-12-20 18:43:55,2.6250000000000004,5.250000000000001,50.0,USD,61,2016-08-12,26.99,USD,TR,True,False,False,False,False,False,False,860.0,-24.365,-0.9027417562060022,2018-12-20,True,True,14.190266203703704,True
275850,018d937f-15f9-7056-8edf-2e8fa4b8f357,TR,2019-02-04 21:19:55,2.6250000000000004,5.250000000000001,50.0,USD,61,2016-08-12,26.99,USD,TR,True,False,False,False,False,False,False,906.0,-24.365,-0.9027417562060022,2019-02-04,True,True,6.877638888888889,True
275850,018d937f-15f9-7056-8edf-2e8fa4b8f357,TR,2019-03-25 18:56:34,2.6250000000000004,5.250000000000001,50.0,USD,61,2016-08-12,26.99,USD,TR,True,False,False,False,False,False,False,955.0,-24.365,-0.9027417562060022,2019-03-25,True,True,6.9360532407407405,True
275850,018d937f-15f9-7056-8edf-2e8fa4b8f357,TR,2019-05-16 19:21:03,2.6250000000000004,5.250000000000001,50.0,USD,61,2016-08-12,26.99,USD,TR,True,False,False,False,False,False,False,1007.0,-24.365,-0.9027417562060022,2019-05-16,True,True,3.9561689814814813,True
275850,018d937f-15f9-7056-8edf-2e8fa4b8f357,TR,2019-06-25 19:44:30,2.6250000000000004,5.250000000000001,50.0,USD,61,2016-08-12,26.99,USD,TR,True,False,False,False,False,False,False,1047.0,-24.365,-0.9027417562060022,2019-06-25,True,True,14.073611111111111,True
275850,018d937f-15f9-7056-8edf-2e8fa4b8f357,TR,2019-07-18 18:56:53,3.1500000000000004,5.250000000000001,40.0,USD,61,2016-08-12,26.99,USD,TR,True,False,False,False,False,False,False,1070.0,-23.839999999999996,-0.8832901074472026,2019-07-18,True,True,3.9579976851851852,True
275850,018d937f-15f9-7056-8edf-2e8fa4b8f357,TR,2019-08-07 18:48:37,2.6250000000000004,5.250000000000001,50.0,USD,61,2016-08-12,26.99,USD,TR,True,False,False,False,False,False,False,1090.0,-24.365,-0.9027417562060022,2019-08-07,True,True,18.933055555555555,True
275850,018d937f-15f9-7056-8edf-2e8fa4b8f357,TR,2019-10-07 17:21:44,2.6250000000000004,5.250000000000001,50.0,USD,61,2016-08-12,26.99,USD,TR,True,False,False,False,False,False,False,1151.0,-24.365,-0.9027417562060022,2019-10-07,True,True,6.999895833333333,True
275850,018d937f-15f9-7056-8edf-2e8fa4b8f357,TR,2019-10-28 17:28:27,2.6250000000000004,5.250000000000001,50.0,USD,61,2016-08-12,26.99,USD,TR,True,False,False,False,False,False,False,1172.0,-24.365,-0.9027417562060022,2019-10-28,True,True,3.996875,True
275850,018d937f-15f9-7056-8edf-2e8fa4b8f357,TR,2019-11-26 18:09:41,2.6250000000000004,5.250000000000001,50.0,USD,61,2016-08-12,26.99,USD,TR,True,False,False,False,False,False,False,1201.0,-24.365,-0.9027417562060022,2019-11-26,True,True,7.012685185185185,True
275850,018d937f-15f9-7056-8edf-2e8fa4b8f357,TR,2019-12-12 18:21:23,2.6250000000000004,5.250000000000001,50.0,USD,61,2016-08-12,26.99,USD,TR,True,False,False,False,False,False,False,1217.0,-24.365,-0.9027417562060022,2019-12-12,True,True,1.9999074074074075,True
275850,018d937f-15f9-7056-8edf-2e8fa4b8f357,TR,2019-12-19 18:09:48,2.6250000000000004,5.250000000000001,50.0,USD,61,2016-08-12,26.99,USD,TR,True,False,False,False,False,False,False,1224.0,-24.365,-0.9027417562060022,2019-12-19,True,True,14.021805555555556,True
275850,018d937f-15f9-7056-8edf-2e8fa4b8f357,TR,2020-01-23 18:29:16,2.6250000000000004,5.250000000000001,50.0,USD,61,2016-08-12,26.99,USD,TR,True,False,False,False,False,False,False,1259.0,-24.365,-0.9027417562060022,2020-01-23,True,True,3.9971064814814814,True
275850,018d937f-15f9-7056-8edf-2e8fa4b8f357,TR,2020-02-17 18:21:26,2.6250000000000004,5.250000000000001,50.0,USD,61,2016-08-12,26.99,USD,TR,True,False,False,False,False,False,False,1284.0,-24.365,-0.9027417562060022,2020-02-17,True,True,7.000081018518519,True
275850,018d937f-15f9-7056-8edf-2e8fa4b8f357,TR,2020-04-01 17:21:16,2.6250000000000004,5.250000000000001,50.0,USD,61,2016-08-12,26.99,USD,TR,True,False,False,False,False,False,False,1328.0,-24.365,-0.9027417562060022,2020-04-01,True,True,12.000462962962963,True
275850,018d937f-15f9-7056-8edf-2e8fa4b8f357,TR,2020-05-25 17:22:36,2.6250000000000004,5.250000000000001,50.0,USD,61,2016-08-12,26.99,USD,TR,True,False,False,False,False,False,False,1382.0,-24.365,-0.9027417562060022,2020-05-25,True,True,6.9993287037037035,True
275850,018d937f-15f9-7056-8edf-2e8fa4b8f357,TR,2020-06-25 17:56:11,2.6250000000000004,5.250000000000001,50.0,USD,61,2016-08-12,26.99,USD,TR,True,False,False,False,False,False,False,1413.0,-24.365,-0.9027417562060022,2020-06-25,True,True,13.982777777777779,True
275850,018d937f-15f9-7056-8edf-2e8fa4b8f357,TR,2020-07-13 17:21:10,2.6250000000000004,5.250000000000001,50.0,USD,61,2016-08-12,26.99,USD,TR,True,False,False,False,False,False,False,1431.0,-24.365,-0.9027417562060022,2020-07-13,True,True,7.000775462962963,True
275850,018d937f-15f9-7056-8edf-2e8fa4b8f357,TR,2020-09-21 17:21:55,2.6250000000000004,5.250000000000001,50.0,USD,61,2016-08-12,26.99,USD,TR,True,False,False,False,False,False,False,1501.0,-24.365,-0.9027417562060022,2020-09-21,True,True,14.000092592592592,True
275850,018d937f-15f9-7056-8edf-2e8fa4b8f357,TR,2020-10-29 17:00:22,2.6250000000000004,5.250000000000001,50.0,USD,61,2016-08-12,26.99,USD,TR,True,False,False,False,False,False,False,1539.0,-24.365,-0.9027417562060022,2020-10-29,True,True,4.058634259259259,True
275850,018d937f-15f9-7056-8edf-2e8fa4b8f357,TR,2020-11-12 18:21:16,2.6250000000000004,5.250000000000001,50.0,USD,61,2016-08-12,26.99,USD,TR,True,False,False,False,False,False,False,1553.0,-24.365,-0.9027417562060022,2020-11-12,True,True,4.000393518518519,True
275850,018d937f-15f9-7056-8edf-2e8fa4b8f357,TR,2020-11-25 18:28:01,2.6250000000000004,5.250000000000001,50.0,USD,61,2016-08-12,26.99,USD,TR,True,False,False,False,False,False,False,1566.0,-24.365,-0.9027417562060022,2020-11-25,True,True,5.998171296296296,True
275850,018d937f-15f9-7056-8edf-2e8fa4b8f357,TR,2020-12-09 18:07:14,2.6250000000000004,5.250000000000001,50.0,USD,61,2016-08-12,26.99,USD,TR,True,False,False,False,False,False,False,1580.0,-24.365,-0.9027417562060022,2020-12-09,True,True,5.019525462962963,True
275850,018d937f-15f9-7056-8edf-2e8fa4b8f357,TR,2020-12-22 18:33:26,2.6250000000000004,5.250000000000001,50.0,USD,61,2016-08-12,26.99,USD,TR,True,False,False,False,False,False,False,1593.0,-24.365,-0.9027417562060022,2020-12-22,True,True,14.015439814814815,True
275850,018d937f-15f9-7056-8edf-2e8fa4b8f357,TR,2021-02-11 18:58:50,2.6250000000000004,5.250000000000001,50.0,USD,61,2016-08-12,26.99,USD,TR,True,False,False,False,False,False,False,1644.0,-24.365,-0.9027417562060022,2021-02-11,True,True,10.974027777777778,True
275850,018d937f-15f9-7056-8edf-2e8fa4b8f357,TR,2021-03-25 17:19:19,2.6250000000000004,5.250000000000001,50.0,USD,61,2016-08-12,26.99,USD,TR,True,False,False,False,False,False,False,1686.0,-24.365,-0.9027417562060022,2021-03-25,True,True,11.999502314814816,True
275850,018d937f-15f9-7056-8edf-2e8fa4b8f357,TR,2021-05-27 17:22:30,2.6250000000000004,5.250000000000001,50.0,USD,61,2016-08-12,26.99,USD,TR,True,False,False,False,False,False,False,1749.0,-24.365,-0.9027417562060022,2021-05-27,True,True,11.000405092592592,True
275850,018d937f-15f9-7056-8edf-2e8fa4b8f357,TR,2021-06-28 14:27:53,2.6250000000000004,5.250000000000001,50.0,USD,61,2016-08-12,26.99,USD,TR,True,False,False,False,False,False,False,1781.0,-24.365,-0.9027417562060022,2021-06-28,True,True,10.140381944444444,True
275850,018d937f-15f9-7056-8edf-2e8fa4b8f357,TR,2021-07-12 17:15:11,2.6250000000000004,5.250000000000001,50.0,USD,61,2016-08-12,26.99,USD,TR,True,False,False,False,False,False,False,1795.0,-24.365,-0.9027417562060022,2021-07-12,True,True,7.005601851851852,True
275850,018d937f-15f9-7056-8edf-2e8fa4b8f357,TR,2021-07-20 16:48:17,7.3500000000000005,7.3500000000000005,0.0,USD,61,2016-08-12,26.99,USD,TR,False,False,False,True,False,False,False,1803.0,-19.639999999999997,-0.7276769173768062,2021-07-20,True,True,,False
275850,018d937f-15f9-7056-8edf-2e8fa4b8f357,TR,2021-08-30 17:15:16,3.6750000000000003,7.3500000000000005,50.0,USD,61,2016-08-12,26.99,USD,TR,True,False,False,False,False,False,False,1844.0,-23.314999999999998,-0.8638384586884031,2021-08-30,True,True,14.004537037037037,True
275850,018d937f-15f9-7056-8edf-2e8fa4b8f357,TR,2021-09-30 17:15:27,3.6750000000000003,7.3500000000000005,50.0,USD,61,2016-08-12,26.99,USD,TR,True,False,False,False,False,False,False,1875.0,-23.314999999999998,-0.8638384586884031,2021-09-30,True,True,3.995775462962963,True
275850,018d937f-15f9-7056-8edf-2e8fa4b8f357,TR,2021-10-18 17:20:33,3.6750000000000003,7.3500000000000005,50.0,USD,61,2016-08-12,26.99,USD,TR,True,False,False,False,False,False,False,1893.0,-23.314999999999998,-0.8638384586884031,2021-10-18,True,True,14.02994212962963,True
275850,018d937f-15f9-7056-8edf-2e8fa4b8f357,TR,2021-11-24 21:21:33,3.6750000000000003,7.3500000000000005,50.0,USD,61,2016-08-12,26.99,USD,TR,True,False,False,False,False,False,False,1930.0,-23.314999999999998,-0.8638384586884031,2021-11-24,True,True,11.878622685185185,True
275850,018d937f-15f9-7056-8edf-2e8fa4b8f357,TR,2021-12-08 18:20:17,3.6750000000000003,7.3500000000000005,50.0,USD,61,2016-08-12,26.99,USD,TR,True,False,False,False,False,False,False,1944.0,-23.314999999999998,-0.8638384586884031,2021-12-08,True,True,4.990289351851852,True
275850,018d937f-15f9-7056-8edf-2e8fa4b8f357,TR,2021-12-22 18:51:57,3.6750000000000003,7.3500000000000005,50.0,USD,61,2016-08-12,26.99,USD,TR,True,False,False,False,False,False,False,1958.0,-23.314999999999998,-0.8638384586884031,2021-12-22,True,True,13.987951388888888,True
275850,018d937f-15f9-7056-8edf-2e8fa4b8f357,TR,2022-01-27 18:47:04,3.6750000000000003,7.3500000000000005,50.0,USD,61,2016-08-12,26.99,USD,TR,True,False,False,False,False,False,False,1994.0,-23.314999999999998,-0.8638384586884031,2022-01-27,True,True,7.022453703703704,True
275850,018d937f-15f9-7056-8edf-2e8fa4b8f357,TR,2022-02-14 18:28:01,3.6750000000000003,7.3500000000000005,50.0,USD,61,2016-08-12,26.99,USD,TR,True,False,False,False,False,False,False,2012.0,-23.314999999999998,-0.8638384586884031,2022-02-14,True,True,14.026134259259258,True
275850,018d937f-15f9-7056-8edf-2e8fa4b8f357,TR,2022-04-07 17:21:27,3.6750000000000003,7.3500000000000005,50.0,USD,61,2016-08-12,26.99,USD,TR,True,False,False,False,False,False,False,2064.0,-23.314999999999998,-0.8638384586884031,2022-04-07,True,True,13.987326388888889,True
275850,018d937f-15f9-7056-8edf-2e8fa4b8f357,TR,2022-05-23 17:21:29,3.6750000000000003,7.3500000000000005,50.0,USD,61,2016-08-12,26.99,USD,TR,True,False,False,False,False,False,False,2110.0,-23.314999999999998,-0.8638384586884031,2022-05-23,True,True,14.005810185185185,True
275850,018d937f-15f9-7056-8edf-2e8fa4b8f357,TR,2022-06-23 17:54:11,3.6750000000000003,7.3500000000000005,50.0,USD,61,2016-08-12,26.99,USD,TR,True,False,False,False,False,False,False,2141.0,-23.314999999999998,-0.8638384586884031,2022-06-23,True,True,13.977893518518519,True
275850,018d937f-15f9-7056-8edf-2e8fa4b8f357,TR,2022-07-18 17:12:26,3.6750000000000003,7.3500000000000005,50.0,USD,61,2016-08-12,26.99,USD,TR,True,False,False,False,False,False,False,2166.0,-23.314999999999998,-0.8638384586884031,2022-07-18,True,True,14.016226851851853,True
275850,018d937f-15f9-7056-8edf-2e8fa4b8f357,TR,2022-08-29 17:24:18,3.6750000000000003,7.3500000000000005,50.0,USD,61,2016-08-12,26.99,USD,TR,True,False,False,False,False,False,False,2208.0,-23.314999999999998,-0.8638384586884031,2022-08-29,True,True,6.985347222222222,True
275850,018d937f-15f9-7056-8edf-2e8fa4b8f357,TR,2022-10-06 17:19:02,3.6750000000000003,7.3500000000000005,50.0,USD,61,2016-08-12,26.99,USD,TR,True,False,False,False,False,False,False,2246.0,-23.314999999999998,-0.8638384586884031,2022-10-06,True,True,13.995393518518519,True
275850,018d937f-15f9-7056-8edf-2e8fa4b8f357,TR,2022-11-22 22:28:31,3.6750000000000003,7.3500000000000005,50.0,USD,61,2016-08-12,26.99,USD,TR,True,False,False,False,False,False,False,2293.0,-23.314999999999998,-0.8638384586884031,2022-11-22,True,True,20.836087962962964,True
275850,018d937f-15f9-7056-8edf-2e8fa4b8f357,TR,2022-12-22 23:23:19,3.6750000000000003,7.3500000000000005,50.0,USD,61,2016-08-12,26.99,USD,TR,True,False,False,False,False,False,False,2323.0,-23.314999999999998,-0.8638384586884031,2022-12-22,True,True,13.786319444444445,True
275850,018d937f-15f9-7056-8edf-2e8fa4b8f357,TR,2023-01-06 11:47:58,17.85,17.85,0.0,USD,61,2016-08-12,26.99,USD,TR,False,False,False,True,False,False,False,2338.0,-9.139999999999997,-0.33864394220081506,2023-01-06,True,True,,False
275850,018d937f-15f9-7056-8edf-2e8fa4b8f357,TR,2023-02-20 20:06:35,8.925,17.85,50.0,USD,61,2016-08-12,26.99,USD,TR,True,False,False,False,False,False,False,2383.0,-18.064999999999998,-0.6693219711004075,2023-02-20,True,True,13.91662037037037,True
275850,018d937f-15f9-7056-8edf-2e8fa4b8f357,TR,2023-03-16 20:26:42,8.925,17.85,50.0,USD,61,2016-08-12,26.99,USD,TR,True,False,False,False,False,False,False,2407.0,-18.064999999999998,-0.6693219711004075,2023-03-16,True,True,6.925775462962963,True
275850,018d937f-15f9-7056-8edf-2e8fa4b8f357,TR,2023-04-05 17:12:09,8.925,17.85,50.0,USD,61,2016-08-12,26.99,USD,TR,True,False,False,False,False,False,False,2427.0,-18.064999999999998,-0.6693219711004075,2023-04-05,True,True,14.00431712962963,True
275850,018d937f-15f9-7056-8edf-2e8fa4b8f357,TR,2023-06-05 17:42:22,8.925,17.85,50.0,USD,61,2016-08-12,26.99,USD,TR,True,False,False,False,False,False,False,2488.0,-18.064999999999998,-0.6693219711004075,2023-06-05,True,True,13.98744212962963,True
275850,018d937f-15f9-7056-8edf-2e8fa4b8f357,TR,2023-06-29 22:42:46,8.925,17.85,50.0,USD,61,2016-08-12,26.99,USD,TR,True,False,False,False,False,False,False,2512.0,-18.064999999999998,-0.6693219711004075,2023-06-29,True,True,13.773217592592593,True
275850,018d937f-15f9-7056-8edf-2e8fa4b8f357,TR,2023-08-21 17:42:55,8.925,17.85,50.0,USD,61,2016-08-12,26.99,USD,TR,True,False,False,False,False,False,False,2565.0,-18.064999999999998,-0.6693219711004075,2023-08-21,True,True,13.978796296296297,True
275850,018d937f-15f9-7056-8edf-2e8fa4b8f357,TR,2023-10-04 17:59:21,8.925,17.85,50.0,USD,61,2016-08-12,26.99,USD,TR,True,False,False,False,False,False,False,2609.0,-18.064999999999998,-0.6693219711004075,2023-10-04,True,True,13.972569444444444,True
275850,018d937f-15f9-7056-8edf-2e8fa4b8f357,TR,2023-11-21 13:57:54,60.47720000000001,60.47720000000001,0.0,USD,61,2016-08-12,26.99,USD,TR,False,False,False,True,False,False,False,2657.0,33.487200000000016,1.2407261948869959,2023-11-21,True,True,,False
275850,018d937f-15f9-7056-8edf-2e8fa4b8f357,TR,2023-11-21 18:16:53,30.213400000000004,60.43730000000001,50.0,USD,61,2016-08-12,26.99,USD,TR,True,False,False,False,False,False,False,2657.0,3.223400000000005,0.11942941830307552,2023-11-21,True,True,7.008356481481481,True
275850,018d937f-15f9-7056-8edf-2e8fa4b8f357,TR,2023-12-04 18:12:32,30.3499,60.709950000000006,50.0,USD,61,2016-08-12,26.99,USD,TR,True,False,False,False,False,False,False,2670.0,3.359900000000003,0.12448684698036327,2023-12-04,True,True,13.99988425925926,True
275850,018d937f-15f9-7056-8edf-2e8fa4b8f357,TR,2023-12-21 18:10:55,30.608200000000004,61.2269,50.0,USD,61,2016-08-12,26.99,USD,TR,True,False,False,False,False,False,False,2687.0,3.618200000000005,0.1340570581696927,2023-12-21,True,True,14.011493055555556,True
275850,018d937f-15f9-7056-8edf-2e8fa4b8f357,TR,2024-02-11 01:29:23,59.99,59.99,0.0,USD,61,2016-08-12,26.99,USD,TR,False,True,False,False,False,False,False,2739.0,33.0,1.2226750648388296,2024-02-11,False,False,,False
275850,018d937f-15f9-7056-8edf-2e8fa4b8f357,TR,2024-02-12 18:18:39,29.99,59.99,50.0,USD,61,2016-08-12,26.99,USD,TR,True,False,False,False,False,False,False,2740.0,3.0,0.11115227862171184,2024-02-12,False,False,14.0046875,True
275850,018d937f-15f9-7056-8edf-2e8fa4b8f357,TR,2024-03-14 17:27:32,29.99,59.99,50.0,USD,61,2016-08-12,26.99,USD,TR,True,False,False,False,False,False,False,2771.0,3.0,0.11115227862171184,2024-03-14,False,False,6.994293981481482,True
275850,018d937f-15f9-7056-8edf-2e8fa4b8f357,TR,2024-03-27 17:15:29,29.99,59.99,50.0,USD,61,2016-08-12,26.99,USD,TR,True,False,False,False,False,False,False,2784.0,3.0,0.11115227862171184,2024-03-27,False,False,12.000775462962963,True
275850,018d937f-15f9-7056-8edf-2e8fa4b8f357,TR,2024-05-27 17:19:51,29.99,59.99,50.0,USD,61,2016-08-12,26.99,USD,TR,True,False,False,False,False,False,False,2845.0,3.0,0.11115227862171184,2024-05-27,False,False,13.999409722222222,True
275850,018d937f-15f9-7056-8edf-2e8fa4b8f357,TR,2024-06-27 18:21:55,29.99,59.99,50.0,USD,61,2016-08-12,26.99,USD,TR,True,False,False,False,False,False,False,2876.0,3.0,0.11115227862171184,2024-06-27,False,False,13.956631944444444,True
275850,018d937f-15f9-7056-8edf-2e8fa4b8f357,TR,2024-07-15 17:16:04,23.99,59.99,60.0,USD,61,2016-08-12,26.99,USD,TR,True,False,False,False,False,False,False,2894.0,-3.0,-0.11115227862171173,2024-07-15,False,False,14.000347222222222,True
275850,018d937f-15f9-7056-8edf-2e8fa4b8f357,TR,2024-09-02 17:17:56,23.99,59.99,60.0,USD,61,2016-08-12,26.99,USD,TR,True,False,False,False,False,False,False,2943.0,-3.0,-0.11115227862171173,2024-09-02,False,False,13.999467592592593,True
275850,018d937f-15f9-7056-8edf-2e8fa4b8f357,TR,2024-10-21 17:16:29,23.99,59.99,60.0,USD,61,2016-08-12,26.99,USD,TR,True,False,False,False,False,False,False,2992.0,-3.0,-0.11115227862171173,2024-10-21,False,False,13.999363425925926,True
275850,018d937f-15f9-7056-8edf-2e8fa4b8f357,TR,2024-11-27 20:38:09,23.99,59.99,60.0,USD,61,2016-08-12,26.99,USD,TR,True,False,False,False,False,False,False,3029.0,-3.0,-0.11115227862171173,2024-11-27,False,False,20.903715277777778,True
275850,018d937f-15f9-7056-8edf-2e8fa4b8f357,TR,2024-12-19 21:58:06,23.99,59.99,60.0,USD,61,2016-08-12,26.99,USD,TR,True,False,False,False,False,False,False,3051.0,-3.0,-0.11115227862171173,2024-12-19,False,False,13.848958333333334,True
275850,018d937f-15f9-7056-8edf-2e8fa4b8f357,TR,2025-01-27 18:17:45,23.99,59.99,60.0,USD,61,2016-08-12,26.99,USD,TR,True,False,False,False,False,False,False,3090.0,-3.0,-0.11115227862171173,2025-01-27,False,False,14.017268518518518,True
275850,018d937f-15f9-7056-8edf-2e8fa4b8f357,TR,2025-03-13 19:35:21,23.99,59.99,60.0,USD,61,2016-08-12,26.99,USD,TR,True,False,False,False,False,False,False,3135.0,-3.0,-0.11115227862171173,2025-03-13,False,False,6.905405092592592,True
275850,018d937f-15f9-7056-8edf-2e8fa4b8f357,TR,2025-03-24 17:16:39,23.99,59.99,60.0,USD,61,2016-08-12,26.99,USD,TR,True,False,False,False,False,False,False,3146.0,-3.0,-0.11115227862171173,2025-03-24,False,False,14.001342592592593,True
275850,018d937f-15f9-7056-8edf-2e8fa4b8f357,TR,2025-05-26 19:21:04,23.99,59.99,60.0,USD,61,2016-08-12,26.99,USD,TR,True,False,False,False,False,False,False,3209.0,-3.0,-0.11115227862171173,2025-05-26,False,False,13.997858796296295,True
275850,018d937f-15f9-7056-8edf-2e8fa4b8f357,TR,2025-06-26 22:39:38,23.99,59.99,60.0,USD,61,2016-08-12,26.99,USD,TR,True,False,False,False,False,False,False,3240.0,-3.0,-0.11115227862171173,2025-06-26,False,False,13.77650462962963,True
275850,018d937f-15f9-7056-8edf-2e8fa4b8f357,TR,2025-07-14 17:17:33,23.99,59.99,60.0,USD,61,2016-08-12,26.99,USD,TR,True,False,False,False,False,False,False,3258.0,-3.0,-0.11115227862171173,2025-07-14,False,False,11.9990625,True
275850,018d937f-15f9-7056-8edf-2e8fa4b8f357,TR,2025-08-25 17:21:30,23.99,59.99,60.0,USD,61,2016-08-12,26.99,USD,TR,True,False,False,False,False,False,False,3300.0,-3.0,-0.11115227862171173,2025-08-25,False,False,14.000694444444445,True
275850,018d937f-15f9-7056-8edf-2e8fa4b8f357,TR,2025-09-25 11:15:16,26.99,26.99,0.0,USD,61,2016-08-12,26.99,USD,TR,False,False,False,True,False,False,False,3331.0,0.0,0.0,2025-09-25,False,False,,False
275850,018d937f-15f9-7056-8edf-2e8fa4b8f357,TR,2025-09-29 21:04:44,10.79,26.99,60.0,USD,61,2016-08-12,26.99,USD,TR,True,False,False,False,False,False,False,3335.0,-16.2,-0.6002223045572435,2025-09-29,False,False,6.843344907407407,True
275850,018d937f-15f9-7056-8edf-2e8fa4b8f357,TR,2025-10-20 17:21:15,10.79,26.99,60.0,USD,61,2016-08-12,26.99,USD,TR,True,False,False,False,False,False,False,3356.0,-16.2,-0.6002223045572435,2025-10-20,False,False,13.998530092592592,True
275850,018d937f-15f9-7056-8edf-2e8fa4b8f357,US,2016-11-23 18:16:30,35.99,59.99,40.0,USD,61,2016-08-12,59.99,USD,US,True,False,False,False,False,False,False,103.0,-24.0,-0.4000666777796299,2016-11-23,False,False,7.999618055555556,True
275850,018d937f-15f9-7056-8edf-2e8fa4b8f357,US,2016-12-22 19:46:12,35.99,59.99,40.0,USD,61,2016-08-12,59.99,USD,US,True,False,False,False,False,False,False,132.0,-24.0,-0.4000666777796299,2016-12-22,False,False,10.979224537037037,True
275850,018d937f-15f9-7056-8edf-2e8fa4b8f357,US,2017-03-09 18:15:36,35.99,59.99,40.0,USD,61,2016-08-12,59.99,USD,US,True,False,False,False,False,False,False,209.0,-24.0,-0.4000666777796299,2017-03-09,False,False,3.9585648148148147,True
275850,018d937f-15f9-7056-8edf-2e8fa4b8f357,US,2017-06-22 18:45:43,23.99,59.99,60.0,USD,61,2016-08-12,59.99,USD,US,True,False,False,False,False,False,False,314.0,-36.0,-0.600100016669445,2017-06-22,False,False,12.958680555555556,True
275850,018d937f-15f9-7056-8edf-2e8fa4b8f357,US,2017-08-11 18:15:53,23.99,59.99,60.0,USD,61,2016-08-12,59.99,USD,US,True,False,False,False,False,False,False,364.0,-36.0,-0.600100016669445,2017-08-11,False,False,4.999918981481481,True
275850,018d937f-15f9-7056-8edf-2e8fa4b8f357,US,2017-10-30 11:45:29,23.99,59.99,60.0,USD,61,2016-08-12,59.99,USD,US,True,False,False,False,False,False,False,444.0,-36.0,-0.600100016669445,2017-10-30,False,False,2.250474537037037,True
275850,018d937f-15f9-7056-8edf-2e8fa4b8f357,US,2017-11-22 19:45:33,23.99,59.99,60.0,USD,61,2016-08-12,59.99,USD,US,True,False,False,False,False,False,False,467.0,-36.0,-0.600100016669445,2017-11-22,False,False,5.9587615740740745,True
275850,018d937f-15f9-7056-8edf-2e8fa4b8f357,US,2017-12-21 19:15:42,23.99,59.99,60.0,USD,61,2016-08-12,59.99,USD,US,True,False,False,False,False,False,False,496.0,-36.0,-0.600100016669445,2017-12-21,False,False,13.958668981481482,True
275850,018d937f-15f9-7056-8edf-2e8fa4b8f357,US,2018-02-16 09:49:46,23.99,59.99,60.0,USD,61,2016-08-12,59.99,USD,US,True,False,False,False,False,False,False,553.0,-36.0,-0.600100016669445,2018-02-16,False,False,3.375115740740741,True
275850,018d937f-15f9-7056-8edf-2e8fa4b8f357,US,2018-06-21 20:32:49,29.99,59.99,50.0,USD,61,2016-08-12,59.99,USD,US,True,False,False,False,False,False,False,678.0,-30.000000000000004,-0.5000833472245374,2018-06-21,False,False,14.002268518518518,True
275850,018d937f-15f9-7056-8edf-2e8fa4b8f357,US,2018-07-24 17:27:10,29.99,59.99,50.0,USD,61,2016-08-12,59.99,USD,US,True,False,False,False,False,False,False,711.0,-30.000000000000004,-0.5000833472245374,2018-07-24,False,False,12.996944444444445,True
275850,018d937f-15f9-7056-8edf-2e8fa4b8f357,US,2018-10-29 17:46:22,29.99,59.99,50.0,USD,61,2016-08-12,59.99,USD,US,True,False,False,False,False,False,False,808.0,-30.000000000000004,-0.5000833472245374,2018-10-29,False,False,3.1255324074074076,True
275850,018d937f-15f9-7056-8edf-2e8fa4b8f357,US,2018-11-21 22:14:53,29.99,59.99,50.0,USD,61,2016-08-12,59.99,USD,US,True,False,False,False,False,False,False,831.0,-30.000000000000004,-0.5000833472245374,2018-11-21,False,False,5.88318287037037,True
275850,018d937f-15f9-7056-8edf-2e8fa4b8f357,US,2018-12-06 18:18:54,29.99,59.99,50.0,USD,61,2016-08-12,59.99,USD,US,True,False,False,False,False,False,False,846.0,-30.000000000000004,-0.5000833472245374,2018-12-06,False,False,2.0375925925925924,True
275850,018d937f-15f9-7056-8edf-2e8fa4b8f357,US,2018-12-13 22:42:57,29.99,59.99,50.0,USD,61,2016-08-12,59.99,USD,US,True,False,False,False,False,False,False,853.0,-30.000000000000004,-0.5000833472245374,2018-12-13,False,False,3.8536689814814813,True
275850,018d937f-15f9-7056-8edf-2e8fa4b8f357,US,2018-12-20 20:55:27,29.99,59.99,50.0,USD,61,2016-08-12,59.99,USD,US,True,False,False,False,False,False,False,860.0,-30.000000000000004,-0.5000833472245374,2018-12-20,False,False,13.911944444444444,True
275850,018d937f-15f9-7056-8edf-2e8fa4b8f357,US,2019-02-04 20:54:39,29.99,59.99,50.0,USD,61,2016-08-12,59.99,USD,US,True,False,False,False,False,False,False,906.0,-30.000000000000004,-0.5000833472245374,2019-02-04,False,False,7.088090277777778,True
275850,018d937f-15f9-7056-8edf-2e8fa4b8f357,US,2019-03-25 18:35:51,29.99,59.99,50.0,USD,61,2016-08-12,59.99,USD,US,True,False,False,False,False,False,False,955.0,-30.000000000000004,-0.5000833472245374,2019-03-25,False,False,6.968009259259259,True
275850,018d937f-15f9-7056-8edf-2e8fa4b8f357,US,2019-05-16 17:53:18,29.99,59.99,50.0,USD,61,2016-08-12,59.99,USD,US,True,False,False,False,False,False,False,1007.0,-30.000000000000004,-0.5000833472245374,2019-05-16,False,False,3.9863310185185186,True
275850,018d937f-15f9-7056-8edf-2e8fa4b8f357,US,2019-06-26 02:42:59,29.99,59.99,50.0,USD,61,2016-08-12,59.99,USD,US,True,False,False,False,False,False,False,1048.0,-30.000000000000004,-0.5000833472245374,2019-06-26,False,False,13.751388888888888,True
275850,018d937f-15f9-7056-8edf-2e8fa4b8f357,US,2019-07-18 17:04:50,35.99,59.99,40.0,USD,61,2016-08-12,59.99,USD,US,True,False,False,False,False,False,False,1070.0,-24.0,-0.4000666777796299,2019-07-18,False,False,4.129143518518519,True
275850,018d937f-15f9-7056-8edf-2e8fa4b8f357,US,2019-08-07 17:14:52,29.99,59.99,50.0,USD,61,2016-08-12,59.99,USD,US,True,False,False,False,False,False,False,1090.0,-30.000000000000004,-0.5000833472245374,2019-08-07,False,False,19.032233796296296,True
275850,018d937f-15f9-7056-8edf-2e8fa4b8f357,US,2019-10-07 17:21:23,29.99,59.99,50.0,USD,61,2016-08-12,59.99,USD,US,True,False,False,False,False,False,False,1151.0,-30.000000000000004,-0.5000833472245374,2019-10-07,False,False,7.000034722222222,True
275850,018d937f-15f9-7056-8edf-2e8fa4b8f357,US,2019-10-28 17:28:41,29.99,59.99,50.0,USD,61,2016-08-12,59.99,USD,US,True,False,False,False,False,False,False,1172.0,-30.000000000000004,-0.5000833472245374,2019-10-28,False,False,3.9991435185185185,True
275850,018d937f-15f9-7056-8edf-2e8fa4b8f357,US,2019-11-26 18:12:17,29.99,59.99,50.0,USD,61,2016-08-12,59.99,USD,US,True,False,False,False,False,False,False,1201.0,-30.000000000000004,-0.5000833472245374,2019-11-26,False,False,7.014236111111111,True
275850,018d937f-15f9-7056-8edf-2e8fa4b8f357,US,2019-12-12 18:21:31,29.99,59.99,50.0,USD,61,2016-08-12,59.99,USD,US,True,False,False,False,False,False,False,1217.0,-30.000000000000004,-0.5000833472245374,2019-12-12,False,False,1.999826388888889,True
275850,018d937f-15f9-7056-8edf-2e8fa4b8f357,US,2019-12-19 18:10:15,29.99,59.99,50.0,USD,61,2016-08-12,59.99,USD,US,True,False,False,False,False,False,False,1224.0,-30.000000000000004,-0.5000833472245374,2019-12-19,False,False,14.019270833333334,True
275850,018d937f-15f9-7056-8edf-2e8fa4b8f357,US,2020-01-23 18:27:04,29.99,59.99,50.0,USD,61,2016-08-12,59.99,USD,US,True,False,False,False,False,False,False,1259.0,-30.000000000000004,-0.5000833472245374,2020-01-23,False,False,3.9965046296296296,True
275850,018d937f-15f9-7056-8edf-2e8fa4b8f357,US,2020-02-17 18:21:59,29.99,59.99,50.0,USD,61,2016-08-12,59.99,USD,US,True,False,False,False,False,False,False,1284.0,-30.000000000000004,-0.5000833472245374,2020-02-17,False,False,6.999722222222222,True
275850,018d937f-15f9-7056-8edf-2e8fa4b8f357,US,2020-04-01 17:21:17,29.99,59.99,50.0,USD,61,2016-08-12,59.99,USD,US,True,False,False,False,False,False,False,1328.0,-30.000000000000004,-0.5000833472245374,2020-04-01,False,False,12.000277777777777,True
275850,018d937f-15f9-7056-8edf-2e8fa4b8f357,US,2020-05-25 17:21:21,29.99,59.99,50.0,USD,61,2016-08-12,59.99,USD,US,True,False,False,False,False,False,False,1382.0,-30.000000000000004,-0.5000833472245374,2020-05-25,False,False,6.999907407407408,True
275850,018d937f-15f9-7056-8edf-2e8fa4b8f357,US,2020-06-25 18:27:30,29.99,59.99,50.0,USD,61,2016-08-12,59.99,USD,US,True,False,False,False,False,False,False,1413.0,-30.000000000000004,-0.5000833472245374,2020-06-25,False,False,13.962581018518518,True
275850,018d937f-15f9-7056-8edf-2e8fa4b8f357,US,2020-07-13 17:21:19,29.99,59.99,50.0,USD,61,2016-08-12,59.99,USD,US,True,False,False,False,False,False,False,1431.0,-30.000000000000004,-0.5000833472245374,2020-07-13,False,False,7.00056712962963,True
275850,018d937f-15f9-7056-8edf-2e8fa4b8f357,US,2020-09-21 17:21:33,29.99,59.99,50.0,USD,61,2016-08-12,59.99,USD,US,True,False,False,False,False,False,False,1501.0,-30.000000000000004,-0.5000833472245374,2020-09-21,False,False,14.000300925925925,True
275850,018d937f-15f9-7056-8edf-2e8fa4b8f357,US,2020-10-29 17:07:17,29.99,59.99,50.0,USD,61,2016-08-12,59.99,USD,US,True,False,False,False,False,False,False,1539.0,-30.000000000000004,-0.5000833472245374,2020-10-29,False,False,4.055324074074074,True
275850,018d937f-15f9-7056-8edf-2e8fa4b8f357,US,2020-11-12 18:21:28,29.99,59.99,50.0,USD,61,2016-08-12,59.99,USD,US,True,False,False,False,False,False,False,1553.0,-30.000000000000004,-0.5000833472245374,2020-11-12,False,False,3.9998032407407407,True
275850,018d937f-15f9-7056-8edf-2e8fa4b8f357,US,2020-11-25 18:28:38,29.99,59.99,50.0,USD,61,2016-08-12,59.99,USD,US,True,False,False,False,False,False,False,1566.0,-30.000000000000004,-0.5000833472245374,2020-11-25,False,False,5.995625,True
275850,018d937f-15f9-7056-8edf-2e8fa4b8f357,US,2020-12-09 18:07:17,29.99,59.99,50.0,USD,61,2016-08-12,59.99,USD,US,True,False,False,False,False,False,False,1580.0,-30.000000000000004,-0.5000833472245374,2020-12-09,False,False,5.019490740740741,True
275850,018d937f-15f9-7056-8edf-2e8fa4b8f357,US,2020-12-22 18:34:53,29.99,59.99,50.0,USD,61,2016-08-12,59.99,USD,US,True,False,False,False,False,False,False,1593.0,-30.000000000000004,-0.5000833472245374,2020-12-22,False,False,14.010648148148148,True
275850,018d937f-15f9-7056-8edf-2e8fa4b8f357,US,2021-02-11 19:01:53,29.99,59.99,50.0,USD,61,2016-08-12,59.99,USD,US,True,False,False,False,False,False,False,1644.0,-30.000000000000004,-0.5000833472245374,2021-02-11,False,False,10.971770833333334,True
275850,018d937f-15f9-7056-8edf-2e8fa4b8f357,US,2021-03-25 17:19:14,29.99,59.99,50.0,USD,61,2016-08-12,59.99,USD,US,True,False,False,False,False,False,False,1686.0,-30.000000000000004,-0.5000833472245374,2021-03-25,False,False,11.999548611111111,True
275850,018d937f-15f9-7056-8edf-2e8fa4b8f357,US,2021-05-27 17:22:26,29.99,59.99,50.0,USD,61,2016-08-12,59.99,USD,US,True,False,False,False,False,False,False,1749.0,-30.000000000000004,-0.5000833472245374,2021-05-27,False,False,11.000752314814815,True
275850,018d937f-15f9-7056-8edf-2e8fa4b8f357,US,2021-06-28 14:27:37,29.99,59.99,50.0,USD,61,2016-08-12,59.99,USD,US,True,False,False,False,False,False,False,1781.0,-30.000000000000004,-0.5000833472245374,2021-06-28,False,False,10.150925925925925,True
275850,018d937f-15f9-7056-8edf-2e8fa4b8f357,US,2021-07-12 17:12:14,29.99,59.99,50.0,USD,61,2016-08-12,59.99,USD,US,True,False,False,False,False,False,False,1795.0,-30.000000000000004,-0.5000833472245374,2021-07-12,False,False,7.001724537037037,True
275850,018d937f-15f9-7056-8edf-2e8fa4b8f357,US,2021-08-30 17:21:37,29.99,59.99,50.0,USD,61,2016-08-12,59.99,USD,US,True,False,False,False,False,False,False,1844.0,-30.000000000000004,-0.5000833472245374,2021-08-30,False,False,14.013518518518518,True
275850,018d937f-15f9-7056-8edf-2e8fa4b8f357,US,2021-09-30 17:06:12,29.99,59.99,50.0,USD,61,2016-08-12,59.99,USD,US,True,False,False,False,False,False,False,1875.0,-30.000000000000004,-0.5000833472245374,2021-09-30,False,False,4.016782407407407,True
275850,018d937f-15f9-7056-8edf-2e8fa4b8f357,US,2021-10-18 17:21:26,29.99,59.99,50.0,USD,61,2016-08-12,59.99,USD,US,True,False,False,False,False,False,False,1893.0,-30.000000000000004,-0.5000833472245374,2021-10-18,False,False,14.166585648148148,True
275850,018d937f-15f9-7056-8edf-2e8fa4b8f357,US,2021-11-24 18:10:41,29.99,59.99,50.0,USD,61,2016-08-12,59.99,USD,US,True,False,False,False,False,False,False,1930.0,-30.000000000000004,-0.5000833472245374,2021-11-24,False,False,7.022615740740741,True
275850,018d937f-15f9-7056-8edf-2e8fa4b8f357,US,2021-12-02 18:33:28,29.99,59.99,50.0,USD,61,2016-08-12,59.99,USD,US,True,False,False,False,False,False,False,1938.0,-30.000000000000004,-0.5000833472245374,2021-12-02,False,False,3.985324074074074,True
275850,018d937f-15f9-7056-8edf-2e8fa4b8f357,US,2021-12-08 18:20:16,29.99,59.99,50.0,USD,61,2016-08-12,59.99,USD,US,True,False,False,False,False,False,False,1944.0,-30.000000000000004,-0.5000833472245374,2021-12-08,False,False,4.994467592592593,True
275850,018d937f-15f9-7056-8edf-2e8fa4b8f357,US,2021-12-22 18:55:04,29.99,59.99,50.0,USD,61,2016-08-12,59.99,USD,US,True,False,False,False,False,False,False,1958.0,-30.000000000000004,-0.5000833472245374,2021-12-22,False,False,13.983657407407408,True
275850,018d937f-15f9-7056-8edf-2e8fa4b8f357,US,2022-01-27 18:47:18,29.99,59.99,50.0,USD,61,2016-08-12,59.99,USD,US,True,False,False,False,False,False,False,1994.0,-30.000000000000004,-0.5000833472245374,2022-01-27,False,False,6.999340277777778,True
275850,018d937f-15f9-7056-8edf-2e8fa4b8f357,US,2022-02-14 18:27:52,29.99,59.99,50.0,USD,61,2016-08-12,59.99,USD,US,True,False,False,False,False,False,False,2012.0,-30.000000000000004,-0.5000833472245374,2022-02-14,False,False,14.025266203703703,True
275850,018d937f-15f9-7056-8edf-2e8fa4b8f357,US,2022-04-07 17:20:50,29.99,59.99,50.0,USD,61,2016-08-12,59.99,USD,US,True,False,False,False,False,False,False,2064.0,-30.000000000000004,-0.5000833472245374,2022-04-07,False,False,13.98773148148148,True
275850,018d937f-15f9-7056-8edf-2e8fa4b8f357,US,2022-05-23 17:09:30,29.99,59.99,50.0,USD,61,2016-08-12,59.99,USD,US,True,False,False,False,False,False,False,2110.0,-30.000000000000004,-0.5000833472245374,2022-05-23,False,False,14.027013888888888,True
275850,018d937f-15f9-7056-8edf-2e8fa4b8f357,US,2022-06-23 17:17:46,29.99,59.99,50.0,USD,61,2016-08-12,59.99,USD,US,True,False,False,False,False,False,False,2141.0,-30.000000000000004,-0.5000833472245374,2022-06-23,False,False,14.005115740740742,True
275850,018d937f-15f9-7056-8edf-2e8fa4b8f357,US,2022-07-18 17:03:19,29.99,59.99,50.0,USD,61,2016-08-12,59.99,USD,US,True,False,False,False,False,False,False,2166.0,-30.000000000000004,-0.5000833472245374,2022-07-18,False,False,14.010451388888889,True
275850,018d937f-15f9-7056-8edf-2e8fa4b8f357,US,2022-08-29 17:22:26,29.99,59.99,50.0,USD,61,2016-08-12,59.99,USD,US,True,False,False,False,False,False,False,2208.0,-30.000000000000004,-0.5000833472245374,2022-08-29,False,False,6.988842592592593,True
275850,018d937f-15f9-7056-8edf-2e8fa4b8f357,US,2022-10-06 17:19:28,29.99,59.99,50.0,USD,61,2016-08-12,59.99,USD,US,True,False,False,False,False,False,False,2246.0,-30.000000000000004,-0.5000833472245374,2022-10-06,False,False,13.995069444444445,True
275850,018d937f-15f9-7056-8edf-2e8fa4b8f357,US,2022-11-22 22:25:49,29.99,59.99,50.0,USD,61,2016-08-12,59.99,USD,US,True,False,False,False,False,False,False,2293.0,-30.000000000000004,-0.5000833472245374,2022-11-22,False,False,20.872002314814814,True
275850,018d937f-15f9-7056-8edf-2e8fa4b8f357,US,2022-12-22 23:34:47,29.99,59.99,50.0,USD,61,2016-08-12,59.99,USD,US,True,False,False,False,False,False,False,2323.0,-30.000000000000004,-0.5000833472245374,2022-12-22,False,False,13.792858796296295,True
275850,018d937f-15f9-7056-8edf-2e8fa4b8f357,US,2023-02-20 18:30:20,29.99,59.99,50.0,USD,61,2016-08-12,59.99,USD,US,True,False,False,False,False,False,False,2383.0,-30.000000000000004,-0.5000833472245374,2023-02-20,False,False,13.995844907407408,True
275850,018d937f-15f9-7056-8edf-2e8fa4b8f357,US,2023-03-16 20:35:45,29.99,59.99,50.0,USD,61,2016-08-12,59.99,USD,US,True,False,False,False,False,False,False,2407.0,-30.000000000000004,-0.5000833472245374,2023-03-16,False,False,6.934409722222222,True
275850,018d937f-15f9-7056-8edf-2e8fa4b8f357,US,2023-04-05 17:12:10,29.99,59.99,50.0,USD,61,2016-08-12,59.99,USD,US,True,False,False,False,False,False,False,2427.0,-30.000000000000004,-0.5000833472245374,2023-04-05,False,False,14.004594907407407,True
275850,018d937f-15f9-7056-8edf-2e8fa4b8f357,US,2023-06-05 17:21:23,29.99,59.99,50.0,USD,61,2016-08-12,59.99,USD,US,True,False,False,False,False,False,False,2488.0,-30.000000000000004,-0.5000833472245374,2023-06-05,False,False,13.993726851851852,True
275850,018d937f-15f9-7056-8edf-2e8fa4b8f357,US,2023-06-29 17:56:14,29.99,59.99,50.0,USD,61,2016-08-12,59.99,USD,US,True,False,False,False,False,False,False,2512.0,-30.000000000000004,-0.5000833472245374,2023-06-29,False,False,13.984861111111112,True
275850,018d937f-15f9-7056-8edf-2e8fa4b8f357,US,2023-08-21 17:59:16,29.99,59.99,50.0,USD,61,2016-08-12,59.99,USD,US,True,False,False,False,False,False,False,2565.0,-30.000000000000004,-0.5000833472245374,2023-08-21,False,False,13.9675,True
275850,018d937f-15f9-7056-8edf-2e8fa4b8f357,US,2023-10-04 17:20:10,29.99,59.99,50.0,USD,61,2016-08-12,59.99,USD,US,True,False,False,False,False,False,False,2609.0,-30.000000000000004,-0.5000833472245374,2023-10-04,False,False,13.992418981481482,True
275850,018d937f-15f9-7056-8edf-2e8fa4b8f357,US,2023-11-21 22:52:28,29.99,59.99,50.0,USD,61,2016-08-12,59.99,USD,US,True,False,False,False,False,False,False,2657.0,-30.000000000000004,-0.5000833472245374,2023-11-21,False,False,6.814814814814815,True
275850,018d937f-15f9-7056-8edf-2e8fa4b8f357,US,2023-12-04 18:06:28,29.99,59.99,50.0,USD,61,2016-08-12,59.99,USD,US,True,False,False,False,False,False,False,2670.0,-30.000000000000004,-0.5000833472245374,2023-12-04,False,False,14.008321759259259,True
275850,018d937f-15f9-7056-8edf-2e8fa4b8f357,US,2023-12-21 23:39:26,29.99,59.99,50.0,USD,61,2016-08-12,59.99,USD,US,True,False,False,False,False,False,False,2687.0,-30.000000000000004,-0.5000833472245374,2023-12-21,False,False,13.785393518518518,True
275850,018d937f-15f9-7056-8edf-2e8fa4b8f357,US,2024-02-12 18:16:31,29.99,59.99,50.0,USD,61,2016-08-12,59.99,USD,US,True,False,False,False,False,False,False,2740.0,-30.000000000000004,-0.5000833472245374,2024-02-12,False,False,14.004502314814815,True
275850,018d937f-15f9-7056-8edf-2e8fa4b8f357,US,2024-03-14 17:27:45,29.99,59.99,50.0,USD,61,2016-08-12,59.99,USD,US,True,False,False,False,False,False,False,2771.0,-30.000000000000004,-0.5000833472245374,2024-03-14,False,False,6.994224537037037,True
275850,018d937f-15f9-7056-8edf-2e8fa4b8f357,US,2024-03-27 17:15:22,29.99,59.99,50.0,USD,61,2016-08-12,59.99,USD,US,True,False,False,False,False,False,False,2784.0,-30.000000000000004,-0.5000833472245374,2024-03-27,False,False,12.001574074074075,True
275850,018d937f-15f9-7056-8edf-2e8fa4b8f357,US,2024-05-27 17:16:16,29.99,59.99,50.0,USD,61,2016-08-12,59.99,USD,US,True,False,False,False,False,False,False,2845.0,-30.000000000000004,-0.5000833472245374,2024-05-27,False,False,13.999224537037037,True
275850,018d937f-15f9-7056-8edf-2e8fa4b8f357,US,2024-06-27 18:21:40,29.99,59.99,50.0,USD,61,2016-08-12,59.99,USD,US,True,False,False,False,False,False,False,2876.0,-30.000000000000004,-0.5000833472245374,2024-06-27,False,False,13.956793981481482,True
275850,018d937f-15f9-7056-8edf-2e8fa4b8f357,US,2024-07-15 17:16:04,23.99,59.99,60.0,USD,61,2016-08-12,59.99,USD,US,True,False,False,False,False,False,False,2894.0,-36.0,-0.600100016669445,2024-07-15,False,False,14.001493055555555,True
275850,018d937f-15f9-7056-8edf-2e8fa4b8f357,US,2024-09-02 17:17:56,23.99,59.99,60.0,USD,61,2016-08-12,59.99,USD,US,True,False,False,False,False,False,False,2943.0,-36.0,-0.600100016669445,2024-09-02,False,False,13.999479166666667,True
275850,018d937f-15f9-7056-8edf-2e8fa4b8f357,US,2024-10-21 17:18:44,23.99,59.99,60.0,USD,61,2016-08-12,59.99,USD,US,True,False,False,False,False,False,False,2992.0,-36.0,-0.600100016669445,2024-10-21,False,False,14.000150462962964,True
275850,018d937f-15f9-7056-8edf-2e8fa4b8f357,US,2024-11-27 20:40:47,23.99,59.99,60.0,USD,61,2016-08-12,59.99,USD,US,True,False,False,False,False,False,False,3029.0,-36.0,-0.600100016669445,2024-11-27,False,False,20.89949074074074,True
275850,018d937f-15f9-7056-8edf-2e8fa4b8f357,US,2024-12-19 22:53:37,23.99,59.99,60.0,USD,61,2016-08-12,59.99,USD,US,True,False,False,False,False,False,False,3051.0,-36.0,-0.600100016669445,2024-12-19,False,False,13.808599537037036,True
275850,018d937f-15f9-7056-8edf-2e8fa4b8f357,US,2025-01-27 18:30:30,23.99,59.99,60.0,USD,61,2016-08-12,59.99,USD,US,True,False,False,False,False,False,False,3090.0,-36.0,-0.600100016669445,2025-01-27,False,False,14.008287037037038,True
275850,018d937f-15f9-7056-8edf-2e8fa4b8f357,US,2025-03-13 19:17:05,23.99,59.99,60.0,USD,61,2016-08-12,59.99,USD,US,True,False,False,False,False,False,False,3135.0,-36.0,-0.600100016669445,2025-03-13,False,False,6.917986111111111,True
275850,018d937f-15f9-7056-8edf-2e8fa4b8f357,US,2025-03-24 17:15:42,23.99,59.99,60.0,USD,61,2016-08-12,59.99,USD,US,True,False,False,False,False,False,False,3146.0,-36.0,-0.600100016669445,2025-03-24,False,False,14.000462962962963,True
275850,018d937f-15f9-7056-8edf-2e8fa4b8f357,US,2025-05-26 19:21:04,23.99,59.99,60.0,USD,61,2016-08-12,59.99,USD,US,True,False,False,False,False,False,False,3209.0,-36.0,-0.600100016669445,2025-05-26,False,False,13.945972222222222,True
275850,018d937f-15f9-7056-8edf-2e8fa4b8f357,US,2025-06-26 22:33:19,23.99,59.99,60.0,USD,61,2016-08-12,59.99,USD,US,True,False,False,False,False,False,False,3240.0,-36.0,-0.600100016669445,2025-06-26,False,False,13.780902777777778,True
275850,018d937f-15f9-7056-8edf-2e8fa4b8f357,US,2025-07-14 17:15:57,23.99,59.99,60.0,USD,61,2016-08-12,59.99,USD,US,True,False,False,False,False,False,False,3258.0,-36.0,-0.600100016669445,2025-07-14,False,False,12.000266203703704,True
275850,018d937f-15f9-7056-8edf-2e8fa4b8f357,US,2025-08-25 17:27:46,23.99,59.99,60.0,USD,61,2016-08-12,59.99,USD,US,True,False,False,False,False,False,False,3300.0,-36.0,-0.600100016669445,2025-08-25,False,False,13.992199074074074,True
275850,018d937f-15f9-7056-8edf-2e8fa4b8f357,US,2025-09-29 21:07:39,23.99,59.99,60.0,USD,61,2016-08-12,59.99,USD,US,True,False,False,False,False,False,False,3335.0,-36.0,-0.600100016669445,2025-09-29,False,False,6.841296296296297,True
275850,018d937f-15f9-7056-8edf-2e8fa4b8f357,US,2025-10-20 17:21:41,23.99,59.99,60.0,USD,61,2016-08-12,59.99,USD,US,True,False,False,False,False,False,False,3356.0,-36.0,-0.600100016669445,2025-10-20,False,False,13.996168981481482,True
281990,018d937f-0a74-71e4-ac4c-a73a341db1a6,AR,2016-06-23 18:59:49,35.99,39.99,10.0,USD,61,2016-05-09,23.99,USD,AR,True,False,False,False,False,False,False,45.0,12.000000000000004,0.5002084201750732,2016-06-23,False,False,10.892789351851851,True
281990,018d937f-0a74-71e4-ac4c-a73a341db1a6,AR,2016-09-01 19:45:30,31.99,39.99,20.0,USD,61,2016-05-09,23.99,USD,AR,True,False,False,False,False,False,False,115.0,8.0,0.33347228011671537,2016-09-01,False,False,3.9374884259259257,True
281990,018d937f-0a74-71e4-ac4c-a73a341db1a6,AR,2016-09-13 20:15:45,31.99,39.99,20.0,USD,61,2016-05-09,23.99,USD,AR,True,False,False,False,False,False,False,127.0,8.0,0.33347228011671537,2016-09-13,False,False,2.9164930555555557,True
281990,018d937f-0a74-71e4-ac4c-a73a341db1a6,AR,2016-10-20 19:15:46,29.99,39.99,25.0,USD,61,2016-05-09,23.99,USD,AR,True,False,False,False,False,False,False,164.0,6.0,0.2501042100875366,2016-10-20,False,False,4.020694444444445,True
281990,018d937f-0a74-71e4-ac4c-a73a341db1a6,AR,2016-10-28 21:15:31,29.99,39.99,25.0,USD,61,2016-05-09,23.99,USD,AR,True,False,False,False,False,False,False,172.0,6.0,0.2501042100875366,2016-10-28,False,False,3.9168402777777778,True
281990,018d937f-0a74-71e4-ac4c-a73a341db1a6,AR,2016-11-23 19:46:51,26.79,39.99,33.0,USD,61,2016-05-09,23.99,USD,AR,True,False,False,False,False,False,False,198.0,2.8000000000000007,0.11671529804085035,2016-11-23,False,False,5.978842592592593,True
281990,018d937f-0a74-71e4-ac4c-a73a341db1a6,AR,2016-12-22 20:45:40,19.99,49.99,60.0,USD,61,2016-05-09,23.99,USD,AR,True,False,False,False,False,False,False,227.0,-4.0,-0.16673614005835768,2016-12-22,False,False,11.041631944444445,True
281990,018d937f-0a74-71e4-ac4c-a73a341db1a6,AR,2016-12-22 20:45:44,26.79,39.99,33.0,USD,61,2016-05-09,23.99,USD,AR,True,False,False,False,False,False,False,227.0,2.8000000000000007,0.11671529804085035,2016-12-22,False,False,,False
281990,018d937f-0a74-71e4-ac4c-a73a341db1a6,AR,2017-01-17 20:45:33,26.79,39.99,33.0,USD,61,2016-05-09,23.99,USD,AR,True,False,False,False,False,False,False,253.0,2.8000000000000007,0.11671529804085035,2017-01-17,False,False,2.9166435185185184,True
281990,018d937f-0a74-71e4-ac4c-a73a341db1a6,AR,2017-04-06 18:15:45,23.99,39.99,40.0,USD,61,2016-05-09,23.99,USD,AR,True,False,False,False,False,False,False,332.0,0.0,0.0,2017-04-06,False,False,4.062326388888889,True
281990,018d937f-0a74-71e4-ac4c-a73a341db1a6,AR,2017-05-09 19:45:22,23.99,39.99,40.0,USD,61,2016-05-09,23.99,USD,AR,True,False,False,False,False,False,False,365.0,0.0,0.0,2017-05-09,False,False,5.000011574074074,True
281990,018d937f-0a74-71e4-ac4c-a73a341db1a6,AR,2017-06-22 22:45:35,19.99,39.99,50.0,USD,61,2016-05-09,23.99,USD,AR,True,False,False,False,False,False,False,409.0,-4.0,-0.16673614005835768,2017-06-22,False,False,12.895983796296296,True
281990,018d937f-0a74-71e4-ac4c-a73a341db1a6,AR,2017-09-21 17:45:34,15.99,39.99,60.0,USD,61,2016-05-09,23.99,USD,AR,True,False,False,False,False,False,False,500.0,-7.999999999999998,-0.33347228011671526,2017-09-21,False,False,4.020960648148148,True
281990,018d937f-0a74-71e4-ac4c-a73a341db1a6,AR,2017-10-26 17:45:45,15.99,39.99,60.0,USD,61,2016-05-09,23.99,USD,AR,True,False,False,False,False,False,False,535.0,-7.999999999999998,-0.33347228011671526,2017-10-26,False,False,6.0415625,True
281990,018d937f-0a74-71e4-ac4c-a73a341db1a6,AR,2017-11-22 21:15:53,15.99,39.99,60.0,USD,61,2016-05-09,23.99,USD,AR,True,False,False,False,False,False,False,562.0,-7.999999999999998,-0.33347228011671526,2017-11-22,False,False,6.124895833333333,True
281990,018d937f-0a74-71e4-ac4c-a73a341db1a6,AR,2017-12-07 15:45:32,15.99,39.99,60.0,USD,61,2016-05-09,23.99,USD,AR,True,False,False,False,False,False,False,577.0,-7.999999999999998,-0.33347228011671526,2017-12-07,False,False,3.958252314814815,True
281990,018d937f-0a74-71e4-ac4c-a73a341db1a6,AR,2017-12-21 19:45:33,15.99,39.99,60.0,USD,61,2016-05-09,23.99,USD,AR,True,False,False,False,False,False,False,591.0,-7.999999999999998,-0.33347228011671526,2017-12-21,False,False,14.104340277777778,True
281990,018d937f-0a74-71e4-ac4c-a73a341db1a6,AR,2018-02-15 19:20:43,15.99,39.99,60.0,USD,61,2016-05-09,23.99,USD,AR,True,False,False,False,False,False,False,647.0,-7.999999999999998,-0.33347228011671526,2018-02-15,False,False,4.124710648148148,True
281990,018d937f-0a74-71e4-ac4c-a73a341db1a6,AR,2018-02-22 19:23:43,15.99,39.99,60.0,USD,61,2016-05-09,23.99,USD,AR,True,False,False,False,False,False,False,654.0,-7.999999999999998,-0.33347228011671526,2018-02-22,False,False,3.9582175925925926,True
281990,018d937f-0a74-71e4-ac4c-a73a341db1a6,AR,2018-05-17 22:20:59,15.99,39.99,60.0,USD,61,2016-05-09,23.99,USD,AR,True,False,False,False,False,False,False,738.0,-7.999999999999998,-0.33347228011671526,2018-05-17,False,False,7.895543981481482,True
281990,018d937f-0a74-71e4-ac4c-a73a341db1a6,AR,2018-06-21 19:07:45,15.99,39.99,60.0,USD,61,2016-05-09,23.99,USD,AR,True,False,False,False,False,False,False,773.0,-7.999999999999998,-0.33347228011671526,2018-06-21,False,False,14.076469907407407,True
281990,018d937f-0a74-71e4-ac4c-a73a341db1a6,AR,2018-09-06 19:35:07,15.99,39.99,60.0,USD,61,2016-05-09,23.99,USD,AR,True,False,False,False,False,False,False,850.0,-7.999999999999998,-0.33347228011671526,2018-09-06,False,False,3.910972222222222,True
281990,018d937f-0a74-71e4-ac4c-a73a341db1a6,AR,2018-10-30 01:20:10,15.99,39.99,60.0,USD,61,2016-05-09,23.99,USD,AR,True,False,False,False,False,False,False,904.0,-7.999999999999998,-0.33347228011671526,2018-10-30,False,False,2.8141550925925927,True
281990,018d937f-0a74-71e4-ac4c-a73a341db1a6,AR,2018-11-21 19:50:07,15.99,39.99,60.0,USD,61,2016-05-09,23.99,USD,AR,True,False,False,False,False,False,False,926.0,-7.999999999999998,-0.33347228011671526,2018-11-21,False,False,6.058969907407407,True
281990,018d937f-0a74-71e4-ac4c-a73a341db1a6,AR,2018-12-06 18:16:45,15.99,39.99,60.0,USD,61,2016-05-09,23.99,USD,AR,True,False,False,False,False,False,False,941.0,-7.999999999999998,-0.33347228011671526,2018-12-06,False,False,4.099027777777778,True
281990,018d937f-0a74-71e4-ac4c-a73a341db1a6,AR,2018-12-20 19:37:30,9.99,39.99,75.0,USD,61,2016-05-09,23.99,USD,AR,True,False,False,False,False,False,False,955.0,-13.999999999999998,-0.5835764902042517,2018-12-20,False,False,14.011261574074075,True
281990,018d937f-0a74-71e4-ac4c-a73a341db1a6,AR,2019-02-04 20:48:54,9.99,39.99,75.0,USD,61,2016-05-09,23.99,USD,AR,True,False,False,False,False,False,False,1001.0,-13.999999999999998,-0.5835764902042517,2019-02-04,False,False,6.890879629629629,True
281990,018d937f-0a74-71e4-ac4c-a73a341db1a6,AR,2019-02-14 18:16:50,49.99,49.99,0.0,USD,61,2016-05-09,23.99,USD,AR,False,False,False,True,False,False,False,1011.0,26.000000000000004,1.083784910379325,2019-02-14,False,False,,False
281990,018d937f-0a74-71e4-ac4c-a73a341db1a6,AR,2019-02-17 18:21:31,39.99,39.99,0.0,USD,61,2016-05-09,23.99,USD,AR,False,False,False,True,False,False,False,1014.0,16.000000000000004,0.6669445602334307,2019-02-17,False,False,,False
281990,018d937f-0a74-71e4-ac4c-a73a341db1a6,AR,2019-05-09 17:19:28,9.99,39.99,75.0,USD,61,2016-05-09,23.99,USD,AR,True,False,False,False,False,False,False,1095.0,-13.999999999999998,-0.5835764902042517,2019-05-09,False,False,4.004212962962963,True
281990,018d937f-0a74-71e4-ac4c-a73a341db1a6,AR,2019-05-30 19:11:41,9.99,39.99,75.0,USD,61,2016-05-09,23.99,USD,AR,True,False,False,False,False,False,False,1116.0,-13.999999999999998,-0.5835764902042517,2019-05-30,False,False,7.992847222222222,True
281990,018d937f-0a74-71e4-ac4c-a73a341db1a6,AR,2019-06-25 18:58:38,9.99,39.99,75.0,USD,61,2016-05-09,23.99,USD,AR,True,False,False,False,False,False,False,1142.0,-13.999999999999998,-0.5835764902042517,2019-06-25,False,False,14.130393518518519,True
281990,018d937f-0a74-71e4-ac4c-a73a341db1a6,AR,2019-07-18 18:06:01,9.99,39.99,75.0,USD,61,2016-05-09,23.99,USD,AR,True,False,False,False,False,False,False,1165.0,-13.999999999999998,-0.5835764902042517,2019-07-18,False,False,4.011469907407408,True
281990,018d937f-0a74-71e4-ac4c-a73a341db1a6,AR,2019-10-17 17:21:24,9.99,39.99,75.0,USD,61,2016-05-09,23.99,USD,AR,True,False,False,False,False,False,False,1256.0,-13.999999999999998,-0.5835764902042517,2019-10-17,False,False,7.999895833333333,True
281990,018d937f-0a74-71e4-ac4c-a73a341db1a6,AR,2019-11-26 18:08:17,9.99,39.99,75.0,USD,61,2016-05-09,23.99,USD,AR,True,False,False,False,False,False,False,1296.0,-13.999999999999998,-0.5835764902042517,2019-11-26,False,False,7.012337962962963,True
281990,018d937f-0a74-71e4-ac4c-a73a341db1a6,AR,2019-12-10 18:21:12,9.99,39.99,75.0,USD,61,2016-05-09,23.99,USD,AR,True,False,False,False,False,False,False,1310.0,-13.999999999999998,-0.5835764902042517,2019-12-10,False,False,0.032094907407407405,True
281990,018d937f-0a74-71e4-ac4c-a73a341db1a6,AR,2019-12-19 18:13:09,9.99,39.99,75.0,USD,61,2016-05-09,23.99,USD,AR,True,False,False,False,False,False,False,1319.0,-13.999999999999998,-0.5835764902042517,2019-12-19,False,False,14.015393518518518,True
281990,018d937f-0a74-71e4-ac4c-a73a341db1a6,AR,2020-01-23 18:22:56,9.99,39.99,75.0,USD,61,2016-05-09,23.99,USD,AR,True,False,False,False,False,False,False,1354.0,-13.999999999999998,-0.5835764902042517,2020-01-23,False,False,3.9997337962962964,True
281990,018d937f-0a74-71e4-ac4c-a73a341db1a6,AR,2020-03-17 09:07:25,9.99,39.99,75.0,USD,61,2016-05-09,23.99,USD,AR,True,False,False,False,False,False,False,1408.0,-13.999999999999998,-0.5835764902042517,2020-03-17,False,False,3.3430439814814816,True
281990,018d937f-0a74-71e4-ac4c-a73a341db1a6,AR,2020-05-12 08:21:24,9.99,39.99,75.0,USD,61,2016-05-09,23.99,USD,AR,True,False,False,False,False,False,False,1464.0,-13.999999999999998,-0.5835764902042517,2020-05-12,False,False,6.375416666666666,True
281990,018d937f-0a74-71e4-ac4c-a73a341db1a6,AR,2020-05-12 18:08:33,9.99,39.99,75.0,USD,61,2016-05-09,23.99,USD,AR,True,False,False,False,False,False,False,1464.0,-13.999999999999998,-0.5835764902042517,2020-05-12,False,False,,False
281990,018d937f-0a74-71e4-ac4c-a73a341db1a6,AR,2020-06-25 17:53:43,9.99,39.99,75.0,USD,61,2016-05-09,23.99,USD,AR,True,False,False,False,False,False,False,1508.0,-13.999999999999998,-0.5835764902042517,2020-06-25,False,False,13.984016203703703,True
281990,018d937f-0a74-71e4-ac4c-a73a341db1a6,AR,2020-09-24 17:21:46,9.99,39.99,75.0,USD,61,2016-05-09,23.99,USD,AR,True,False,False,False,False,False,False,1599.0,-13.999999999999998,-0.5835764902042517,2020-09-24,False,False,4.000729166666667,True
281990,018d937f-0a74-71e4-ac4c-a73a341db1a6,AR,2020-10-29 17:07:41,9.99,39.99,75.0,USD,61,2016-05-09,23.99,USD,AR,True,False,False,False,False,False,False,1634.0,-13.999999999999998,-0.5835764902042517,2020-10-29,False,False,4.0559259259259255,True
281990,018d937f-0a74-71e4-ac4c-a73a341db1a6,AR,2020-11-25 18:24:20,9.99,39.99,75.0,USD,61,2016-05-09,23.99,USD,AR,True,False,False,False,False,False,False,1661.0,-13.999999999999998,-0.5835764902042517,2020-11-25,False,False,6.000416666666666,True
281990,018d937f-0a74-71e4-ac4c-a73a341db1a6,AR,2020-12-22 18:35:49,9.99,39.99,75.0,USD,61,2016-05-09,23.99,USD,AR,True,False,False,False,False,False,False,1688.0,-13.999999999999998,-0.5835764902042517,2020-12-22,False,False,14.011412037037037,True
281990,018d937f-0a74-71e4-ac4c-a73a341db1a6,AR,2021-02-04 18:21:17,9.99,39.99,75.0,USD,61,2016-05-09,23.99,USD,AR,True,False,False,False,False,False,False,1732.0,-13.999999999999998,-0.5835764902042517,2021-02-04,False,False,11.003587962962962,True
281990,018d937f-0a74-71e4-ac4c-a73a341db1a6,AR,2021-04-15 17:18:13,9.99,39.99,75.0,USD,61,2016-05-09,23.99,USD,AR,True,False,False,False,False,False,False,1802.0,-13.999999999999998,-0.5835764902042517,2021-04-15,False,False,4.0644328703703705,True
281990,018d937f-0a74-71e4-ac4c-a73a341db1a6,AR,2021-05-20 18:03:28,9.99,39.99,75.0,USD,61,2016-05-09,23.99,USD,AR,True,False,False,False,False,False,False,1837.0,-13.999999999999998,-0.5835764902042517,2021-05-20,False,False,3.9731828703703704,True
281990,018d937f-0a74-71e4-ac4c-a73a341db1a6,AR,2021-06-24 22:20:26,9.99,39.99,75.0,USD,61,2016-05-09,23.99,USD,AR,True,False,False,False,False,False,False,1872.0,-13.999999999999998,-0.5835764902042517,2021-06-24,False,False,13.806342592592593,True
281990,018d937f-0a74-71e4-ac4c-a73a341db1a6,AR,2021-09-14 17:36:19,9.99,39.99,75.0,USD,61,2016-05-09,23.99,USD,AR,True,False,False,False,False,False,False,1954.0,-13.999999999999998,-0.5835764902042517,2021-09-14,False,False,5.981307870370371,True
281990,018d937f-0a74-71e4-ac4c-a73a341db1a6,AR,2021-10-28 18:16:07,9.99,39.99,75.0,USD,61,2016-05-09,23.99,USD,AR,True,False,False,False,False,False,False,1998.0,-13.999999999999998,-0.5835764902042517,2021-10-28,False,False,3.9934375,True
281990,018d937f-0a74-71e4-ac4c-a73a341db1a6,AR,2021-11-22 18:39:17,9.99,39.99,75.0,USD,61,2016-05-09,23.99,USD,AR,True,False,False,False,False,False,False,2023.0,-13.999999999999998,-0.5835764902042517,2021-11-22,False,False,9.015335648148149,True
281990,018d937f-0a74-71e4-ac4c-a73a341db1a6,AR,2021-12-22 18:32:18,9.99,39.99,75.0,USD,61,2016-05-09,23.99,USD,AR,True,False,False,False,False,False,False,2053.0,-13.999999999999998,-0.5835764902042517,2021-12-22,False,False,14.012025462962963,True
281990,018d937f-0a74-71e4-ac4c-a73a341db1a6,AR,2022-01-27 18:35:44,9.99,39.99,75.0,USD,61,2016-05-09,23.99,USD,AR,True,False,False,False,False,False,False,2089.0,-13.999999999999998,-0.5835764902042517,2022-01-27,False,False,7.032361111111111,True
281990,018d937f-0a74-71e4-ac4c-a73a341db1a6,AR,2022-05-12 17:18:30,8.0,39.99,80.0,USD,61,2016-05-09,23.99,USD,AR,True,False,False,False,False,False,False,2194.0,-15.989999999999998,-0.6665277198832846,2022-05-12,False,False,10.997800925925926,True
281990,018d937f-0a74-71e4-ac4c-a73a341db1a6,AR,2022-06-23 17:00:34,9.99,39.99,75.0,USD,61,2016-05-09,23.99,USD,AR,True,False,False,False,False,False,False,2236.0,-13.999999999999998,-0.5835764902042517,2022-06-23,False,False,14.03443287037037,True
281990,018d937f-0a74-71e4-ac4c-a73a341db1a6,AR,2022-09-19 17:30:21,9.99,39.99,75.0,USD,61,2016-05-09,23.99,USD,AR,True,False,False,False,False,False,False,2324.0,-13.999999999999998,-0.5835764902042517,2022-09-19,False,False,2.992847222222222,True
281990,018d937f-0a74-71e4-ac4c-a73a341db1a6,AR,2022-10-25 17:49:46,9.99,39.99,75.0,USD,61,2016-05-09,23.99,USD,AR,True,False,False,False,False,False,False,2360.0,-13.999999999999998,-0.5835764902042517,2022-10-25,False,False,6.979583333333333,True
281990,018d937f-0a74-71e4-ac4c-a73a341db1a6,AR,2022-11-22 22:44:32,9.99,39.99,75.0,USD,61,2016-05-09,23.99,USD,AR,True,False,False,False,False,False,False,2388.0,-13.999999999999998,-0.5835764902042517,2022-11-22,False,False,6.809166666666667,True
281990,018d937f-0a74-71e4-ac4c-a73a341db1a6,AR,2022-12-22 22:02:18,9.99,39.99,75.0,USD,61,2016-05-09,23.99,USD,AR,True,False,False,False,False,False,False,2418.0,-13.999999999999998,-0.5835764902042517,2022-12-22,False,False,13.974016203703703,True
281990,018d937f-0a74-71e4-ac4c-a73a341db1a6,AR,2023-03-14 18:12:07,9.99,39.99,75.0,USD,61,2016-05-09,23.99,USD,AR,True,False,False,False,False,False,False,2500.0,-13.999999999999998,-0.5835764902042517,2023-03-14,False,False,9.013310185185185,True
281990,018d937f-0a74-71e4-ac4c-a73a341db1a6,AR,2023-05-09 17:19:01,9.99,39.99,75.0,USD,61,2016-05-09,23.99,USD,AR,True,False,False,False,False,False,False,2556.0,-13.999999999999998,-0.5835764902042517,2023-05-09,False,False,8.989131944444445,True
281990,018d937f-0a74-71e4-ac4c-a73a341db1a6,AR,2023-06-22 17:19:17,9.99,39.99,75.0,USD,61,2016-05-09,23.99,USD,AR,True,False,False,False,False,False,False,2600.0,-13.999999999999998,-0.5835764902042517,2023-06-22,False,False,4.006342592592593,True
281990,018d937f-0a74-71e4-ac4c-a73a341db1a6,AR,2023-06-29 22:55:06,9.99,39.99,75.0,USD,61,2016-05-09,23.99,USD,AR,True,False,False,False,False,False,False,2607.0,-13.999999999999998,-0.5835764902042517,2023-06-29,False,False,13.769166666666667,True
281990,018d937f-0a74-71e4-ac4c-a73a341db1a6,AR,2023-08-28 17:12:26,11.99,39.99,70.0,USD,61,2016-05-09,23.99,USD,AR,True,False,False,False,False,False,False,2667.0,-11.999999999999998,-0.5002084201750729,2023-08-28,False,False,7.022939814814815,True
281990,018d937f-0a74-71e4-ac4c-a73a341db1a6,AR,2023-11-16 18:09:14,11.99,39.99,70.0,USD,61,2016-05-09,23.99,USD,AR,True,False,False,False,False,False,False,2747.0,-11.999999999999998,-0.5002084201750729,2023-11-16,False,False,12.015428240740741,True
281990,018d937f-0a74-71e4-ac4c-a73a341db1a6,AR,2023-12-21 18:43:29,11.99,39.99,70.0,USD,61,2016-05-09,23.99,USD,AR,True,False,False,False,False,False,False,2782.0,-11.999999999999998,-0.5002084201750729,2023-12-21,False,False,13.991180555555555,True
281990,018d937f-0a74-71e4-ac4c-a73a341db1a6,AR,2024-03-14 17:22:31,11.99,39.99,70.0,USD,61,2016-05-09,23.99,USD,AR,True,False,False,False,False,False,False,2866.0,-11.999999999999998,-0.5002084201750729,2024-03-14,False,False,6.9979050925925925,True
281990,018d937f-0a74-71e4-ac4c-a73a341db1a6,AR,2024-05-07 17:15:08,11.99,39.99,70.0,USD,61,2016-05-09,23.99,USD,AR,True,False,False,False,False,False,False,2920.0,-11.999999999999998,-0.5002084201750729,2024-05-07,False,False,13.001423611111111,True
281990,018d937f-0a74-71e4-ac4c-a73a341db1a6,AR,2024-06-20 17:15:40,11.99,39.99,70.0,USD,61,2016-05-09,23.99,USD,AR,True,False,False,False,False,False,False,2964.0,-11.999999999999998,-0.5002084201750729,2024-06-20,False,False,21.00267361111111,True
281990,018d937f-0a74-71e4-ac4c-a73a341db1a6,AR,2024-09-02 17:17:43,9.99,39.99,75.0,USD,61,2016-05-09,23.99,USD,AR,True,False,False,False,False,False,False,3038.0,-13.999999999999998,-0.5835764902042517,2024-09-02,False,False,13.999629629629629,True
281990,018d937f-0a74-71e4-ac4c-a73a341db1a6,AR,2024-10-29 17:18:40,9.99,39.99,75.0,USD,61,2016-05-09,23.99,USD,AR,True,False,False,False,False,False,False,3095.0,-13.999999999999998,-0.5835764902042517,2024-10-29,False,False,8.999976851851851,True
281990,018d937f-0a74-71e4-ac4c-a73a341db1a6,AR,2024-11-27 21:02:11,9.99,39.99,75.0,USD,61,2016-05-09,23.99,USD,AR,True,False,False,False,False,False,False,3124.0,-13.999999999999998,-0.5835764902042517,2024-11-27,False,False,6.88619212962963,True
281990,018d937f-0a74-71e4-ac4c-a73a341db1a6,AR,2024-12-19 22:53:38,3.99,39.99,90.0,USD,61,2016-05-09,23.99,USD,AR,True,False,False,False,False,False,False,3146.0,-20.0,-0.8336807002917882,2024-12-19,False,False,13.808599537037036,True
281990,018d937f-0a74-71e4-ac4c-a73a341db1a6,AR,2025-01-20 18:21:05,9.99,39.99,75.0,USD,61,2016-05-09,23.99,USD,AR,True,False,False,False,False,False,False,3178.0,-13.999999999999998,-0.5835764902042517,2025-01-20,False,False,7.011516203703704,True
281990,018d937f-0a74-71e4-ac4c-a73a341db1a6,AR,2025-03-13 18:59:27,9.99,39.99,75.0,USD,61,2016-05-09,23.99,USD,AR,True,False,False,False,False,False,False,3230.0,-13.999999999999998,-0.5835764902042517,2025-03-13,False,False,6.93025462962963,True
281990,018d937f-0a74-71e4-ac4c-a73a341db1a6,AR,2025-03-24 17:15:42,9.99,39.99,75.0,USD,61,2016-05-09,23.99,USD,AR,True,False,False,False,False,False,False,3241.0,-13.999999999999998,-0.5835764902042517,2025-03-24,False,False,7.000300925925926,True
281990,018d937f-0a74-71e4-ac4c-a73a341db1a6,AR,2025-05-05 17:29:36,9.99,39.99,75.0,USD,61,2016-05-09,23.99,USD,AR,True,False,False,False,False,False,False,3283.0,-13.999999999999998,-0.5835764902042517,2025-05-05,False,False,14.011898148148148,True
281990,018d937f-0a74-71e4-ac4c-a73a341db1a6,AR,2025-06-26 21:31:20,9.99,39.99,75.0,USD,61,2016-05-09,23.99,USD,AR,True,False,False,False,False,False,False,3335.0,-13.999999999999998,-0.5835764902042517,2025-06-26,False,False,13.823969907407408,True
281990,018d937f-0a74-71e4-ac4c-a73a341db1a6,AR,2025-08-11 17:21:05,9.99,39.99,75.0,USD,61,2016-05-09,23.99,USD,AR,True,False,False,False,False,False,False,3381.0,-13.999999999999998,-0.5835764902042517,2025-08-11,False,False,6.997349537037037,True
281990,018d937f-0a74-71e4-ac4c-a73a341db1a6,AR,2025-09-22 17:16:17,9.99,39.99,75.0,USD,61,2016-05-09,23.99,USD,AR,True,False,False,False,False,False,False,3423.0,-13.999999999999998,-0.5835764902042517,2025-09-22,False,False,14.002002314814815,True
281990,018d937f-0a74-71e4-ac4c-a73a341db1a6,AU,2016-06-23 20:33:59,47.38,52.65,10.0,AUD,61,2016-05-09,56.95,AUD,AU,True,False,False,False,False,False,False,45.0,-9.57,-0.16804214223002634,2016-06-23,False,False,10.827662037037037,True
281990,018d937f-0a74-71e4-ac4c-a73a341db1a6,AU,2016-07-07 01:34:40,53.29,53.29,0.0,AUD,61,2016-05-09,56.95,AUD,AU,False,False,False,False,False,False,False,59.0,-3.6600000000000037,-0.06426690079016684,2016-07-07,False,False,,False
281990,018d937f-0a74-71e4-ac4c-a73a341db1a6,AU,2016-09-01 18:46:01,42.35,52.94,20.0,AUD,61,2016-05-09,56.95,AUD,AU,True,False,False,False,False,False,False,115.0,-14.600000000000001,-0.25636523266022826,2016-09-01,False,False,3.937384259259259,True
281990,018d937f-0a74-71e4-ac4c-a73a341db1a6,AU,2016-09-13 20:45:50,42.84,53.55,20.0,AUD,61,2016-05-09,56.95,AUD,AU,True,False,False,False,False,False,False,127.0,-14.11,-0.24776119402985075,2016-09-13,False,False,2.8548263888888887,True
281990,018d937f-0a74-71e4-ac4c-a73a341db1a6,AU,2016-10-20 17:46:16,39.1,52.13,25.0,AUD,61,2016-05-09,56.95,AUD,AU,True,False,False,False,False,False,False,164.0,-17.85,-0.31343283582089554,2016-10-20,False,False,4.083171296296296,True
281990,018d937f-0a74-71e4-ac4c-a73a341db1a6,AU,2016-10-28 20:15:52,39.58,52.77,25.0,AUD,61,2016-05-09,56.95,AUD,AU,True,False,False,False,False,False,False,172.0,-17.370000000000005,-0.30500438981562783,2016-10-28,False,False,3.9378125,True
281990,018d937f-0a74-71e4-ac4c-a73a341db1a6,AU,2016-11-23 22:16:36,36.24,54.09,33.0,AUD,61,2016-05-09,56.95,AUD,AU,True,False,False,False,False,False,False,198.0,-20.71,-0.36365232660228275,2016-11-23,False,False,5.916828703703704,True
281990,018d937f-0a74-71e4-ac4c-a73a341db1a6,AU,2016-12-22 22:45:57,27.74,69.37,60.0,AUD,61,2016-05-09,56.95,AUD,AU,True,False,False,False,False,False,False,227.0,-29.210000000000004,-0.5129060579455663,2016-12-22,False,False,10.89650462962963,True
281990,018d937f-0a74-71e4-ac4c-a73a341db1a6,AU,2016-12-23 03:45:59,37.13,55.43,33.0,AUD,61,2016-05-09,56.95,AUD,AU,True,False,False,False,False,False,False,228.0,-19.82,-0.3480245829675154,2016-12-23,False,False,,False
281990,018d937f-0a74-71e4-ac4c-a73a341db1a6,AU,2016-12-23 22:15:56,37.32,55.71,33.0,AUD,61,2016-05-09,56.95,AUD,AU,True,False,False,False,False,False,False,228.0,-19.630000000000003,-0.3446883230904302,2016-12-23,False,False,,False
281990,018d937f-0a74-71e4-ac4c-a73a341db1a6,AU,2017-01-17 18:46:47,35.51,53.01,33.0,AUD,61,2016-05-09,56.95,AUD,AU,True,False,False,False,False,False,False,253.0,-21.440000000000005,-0.3764705882352942,2017-01-17,False,False,3.082974537037037,True
281990,018d937f-0a74-71e4-ac4c-a73a341db1a6,AU,2017-04-06 18:16:22,31.78,52.97,40.0,AUD,61,2016-05-09,56.95,AUD,AU,True,False,False,False,False,False,False,332.0,-25.17,-0.4419666374012291,2017-04-06,False,False,3.999699074074074,True
281990,018d937f-0a74-71e4-ac4c-a73a341db1a6,AU,2017-05-09 18:45:58,32.61,54.36,40.0,AUD,61,2016-05-09,56.95,AUD,AU,True,False,False,False,False,False,False,365.0,-24.340000000000003,-0.4273924495171203,2017-05-09,False,False,5.020694444444445,True
281990,018d937f-0a74-71e4-ac4c-a73a341db1a6,AU,2017-06-22 22:45:59,26.33,52.67,50.0,AUD,61,2016-05-09,56.95,AUD,AU,True,False,False,False,False,False,False,409.0,-30.620000000000005,-0.5376646180860405,2017-06-22,False,False,12.833414351851852,True
281990,018d937f-0a74-71e4-ac4c-a73a341db1a6,AU,2017-09-21 20:16:09,20.15,50.4,60.0,AUD,61,2016-05-09,56.95,AUD,AU,True,False,False,False,False,False,False,500.0,-36.800000000000004,-0.646180860403863,2017-09-21,False,False,3.9374421296296296,True
281990,018d937f-0a74-71e4-ac4c-a73a341db1a6,AU,2017-10-26 22:45:48,20.8,52.03,60.0,AUD,61,2016-05-09,56.95,AUD,AU,True,False,False,False,False,False,False,535.0,-36.150000000000006,-0.6347673397717296,2017-10-26,False,False,5.813460648148149,True
281990,018d937f-0a74-71e4-ac4c-a73a341db1a6,AU,2017-11-22 21:16:36,21.01,52.55,60.0,AUD,61,2016-05-09,56.95,AUD,AU,True,False,False,False,False,False,False,562.0,-35.94,-0.6310798946444249,2017-11-22,False,False,5.958379629629629,True
281990,018d937f-0a74-71e4-ac4c-a73a341db1a6,AU,2017-12-07 16:16:03,21.26,53.18,60.0,AUD,61,2016-05-09,56.95,AUD,AU,True,False,False,False,False,False,False,577.0,-35.69,-0.6266900790166813,2017-12-07,False,False,3.937314814814815,True
281990,018d937f-0a74-71e4-ac4c-a73a341db1a6,AU,2017-12-21 18:16:35,20.77,51.94,60.0,AUD,61,2016-05-09,56.95,AUD,AU,True,False,False,False,False,False,False,591.0,-36.18000000000001,-0.6352941176470588,2017-12-21,False,False,14.208113425925927,True
281990,018d937f-0a74-71e4-ac4c-a73a341db1a6,AU,2018-02-16 00:25:05,20.18,50.46,60.0,AUD,61,2016-05-09,56.95,AUD,AU,True,False,False,False,False,False,False,648.0,-36.77,-0.6456540825285338,2018-02-16,False,False,3.9380208333333333,True
281990,018d937f-0a74-71e4-ac4c-a73a341db1a6,AU,2018-02-22 19:30:50,20.37,50.95,60.0,AUD,61,2016-05-09,56.95,AUD,AU,True,False,False,False,False,False,False,654.0,-36.58,-0.6423178226514487,2018-02-22,False,False,4.186817129629629,True
281990,018d937f-0a74-71e4-ac4c-a73a341db1a6,AU,2018-05-17 18:27:13,21.29,53.25,60.0,AUD,61,2016-05-09,56.95,AUD,AU,True,False,False,False,False,False,False,738.0,-35.660000000000004,-0.6261633011413521,2018-05-17,False,False,7.999918981481481,True
281990,018d937f-0a74-71e4-ac4c-a73a341db1a6,AU,2018-06-22 00:47:37,16.0,39.98,60.0,AUD,61,2016-05-09,56.95,AUD,AU,True,False,False,False,False,False,False,774.0,-40.95,-0.7190517998244074,2018-06-22,False,False,13.688969907407408,True
281990,018d937f-0a74-71e4-ac4c-a73a341db1a6,AU,2018-09-06 19:25:51,22.24,55.62,60.0,AUD,61,2016-05-09,56.95,AUD,AU,True,False,False,False,False,False,False,850.0,-34.71000000000001,-0.6094820017559264,2018-09-06,False,False,3.9137268518518518,True
281990,018d937f-0a74-71e4-ac4c-a73a341db1a6,AU,2018-10-30 01:40:04,22.53,56.33,60.0,AUD,61,2016-05-09,56.95,AUD,AU,True,False,False,False,False,False,False,904.0,-34.42,-0.6043898156277436,2018-10-30,False,False,2.754328703703704,True
281990,018d937f-0a74-71e4-ac4c-a73a341db1a6,AU,2018-11-20 23:56:27,78.42,78.42,0.0,AUD,61,2016-05-09,56.95,AUD,AU,False,False,False,True,False,False,False,925.0,21.47,0.3769973661106234,2018-11-20,False,False,,False
281990,018d937f-0a74-71e4-ac4c-a73a341db1a6,AU,2018-11-21 22:16:47,22.78,56.95,60.0,AUD,61,2016-05-09,56.95,AUD,AU,True,False,False,False,False,False,False,926.0,-34.17,-0.6,2018-11-21,False,False,5.904166666666667,True
281990,018d937f-0a74-71e4-ac4c-a73a341db1a6,AU,2018-12-06 19:03:25,22.78,56.95,60.0,AUD,61,2016-05-09,56.95,AUD,AU,True,False,False,False,False,False,False,941.0,-34.17,-0.6,2018-12-06,False,False,4.074050925925926,True
281990,018d937f-0a74-71e4-ac4c-a73a341db1a6,AU,2018-12-20 20:38:48,14.23,56.95,75.0,AUD,61,2016-05-09,56.95,AUD,AU,True,False,False,False,False,False,False,955.0,-42.72,-0.7501316944688323,2018-12-20,False,False,13.950891203703703,True
281990,018d937f-0a74-71e4-ac4c-a73a341db1a6,AU,2019-02-04 18:31:00,14.23,56.95,75.0,AUD,61,2016-05-09,56.95,AUD,AU,True,False,False,False,False,False,False,1001.0,-42.72,-0.7501316944688323,2019-02-04,False,False,7.210092592592592,True
281990,018d937f-0a74-71e4-ac4c-a73a341db1a6,AU,2019-05-09 17:15:25,14.23,56.95,75.0,AUD,61,2016-05-09,56.95,AUD,AU,True,False,False,False,False,False,False,1095.0,-42.72,-0.7501316944688323,2019-05-09,False,False,4.037152777777778,True
281990,018d937f-0a74-71e4-ac4c-a73a341db1a6,AU,2019-05-30 17:00:42,14.23,56.95,75.0,AUD,61,2016-05-09,56.95,AUD,AU,True,False,False,False,False,False,False,1116.0,-42.72,-0.7501316944688323,2019-05-30,False,False,8.034456018518519,True
281990,018d937f-0a74-71e4-ac4c-a73a341db1a6,AU,2019-06-26 03:02:30,14.23,56.95,75.0,AUD,61,2016-05-09,56.95,AUD,AU,True,False,False,False,False,False,False,1143.0,-42.72,-0.7501316944688323,2019-06-26,False,False,13.671504629629629,True
281990,018d937f-0a74-71e4-ac4c-a73a341db1a6,AU,2019-07-18 17:39:48,14.23,56.95,75.0,AUD,61,2016-05-09,56.95,AUD,AU,True,False,False,False,False,False,False,1165.0,-42.72,-0.7501316944688323,2019-07-18,False,False,4.075115740740741,True
281990,018d937f-0a74-71e4-ac4c-a73a341db1a6,AU,2019-10-17 17:21:19,14.23,56.95,75.0,AUD,61,2016-05-09,56.95,AUD,AU,True,False,False,False,False,False,False,1256.0,-42.72,-0.7501316944688323,2019-10-17,False,False,8.000046296296297,True
281990,018d937f-0a74-71e4-ac4c-a73a341db1a6,AU,2019-11-26 18:11:04,14.23,56.95,75.0,AUD,61,2016-05-09,56.95,AUD,AU,True,False,False,False,False,False,False,1296.0,-42.72,-0.7501316944688323,2019-11-26,False,False,7.0092592592592595,True
281990,018d937f-0a74-71e4-ac4c-a73a341db1a6,AU,2019-12-10 18:21:25,14.23,56.95,75.0,AUD,61,2016-05-09,56.95,AUD,AU,True,False,False,False,False,False,False,1310.0,-42.72,-0.7501316944688323,2019-12-10,False,False,0.03175925925925926,True
281990,018d937f-0a74-71e4-ac4c-a73a341db1a6,AU,2019-12-19 18:10:59,14.23,56.95,75.0,AUD,61,2016-05-09,56.95,AUD,AU,True,False,False,False,False,False,False,1319.0,-42.72,-0.7501316944688323,2019-12-19,False,False,14.019467592592592,True
281990,018d937f-0a74-71e4-ac4c-a73a341db1a6,AU,2020-01-23 18:33:22,14.23,56.95,75.0,AUD,61,2016-05-09,56.95,AUD,AU,True,False,False,False,False,False,False,1354.0,-42.72,-0.7501316944688323,2020-01-23,False,False,3.9943518518518517,True
281990,018d937f-0a74-71e4-ac4c-a73a341db1a6,AU,2020-03-17 09:07:13,14.23,56.95,75.0,AUD,61,2016-05-09,56.95,AUD,AU,True,False,False,False,False,False,False,1408.0,-42.72,-0.7501316944688323,2020-03-17,False,False,3.343101851851852,True
281990,018d937f-0a74-71e4-ac4c-a73a341db1a6,AU,2020-05-12 08:27:04,14.23,56.95,75.0,AUD,61,2016-05-09,56.95,AUD,AU,True,False,False,False,False,False,False,1464.0,-42.72,-0.7501316944688323,2020-05-12,False,False,6.371296296296296,True
281990,018d937f-0a74-71e4-ac4c-a73a341db1a6,AU,2020-06-25 17:54:57,14.23,56.95,75.0,AUD,61,2016-05-09,56.95,AUD,AU,True,False,False,False,False,False,False,1508.0,-42.72,-0.7501316944688323,2020-06-25,False,False,13.985844907407408,True
281990,018d937f-0a74-71e4-ac4c-a73a341db1a6,AU,2020-09-24 17:21:37,14.23,56.95,75.0,AUD,61,2016-05-09,56.95,AUD,AU,True,False,False,False,False,False,False,1599.0,-42.72,-0.7501316944688323,2020-09-24,False,False,4.000300925925926,True
281990,018d937f-0a74-71e4-ac4c-a73a341db1a6,AU,2020-10-29 17:08:28,14.23,56.95,75.0,AUD,61,2016-05-09,56.95,AUD,AU,True,False,False,False,False,False,False,1634.0,-42.72,-0.7501316944688323,2020-10-29,False,False,4.055300925925926,True
281990,018d937f-0a74-71e4-ac4c-a73a341db1a6,AU,2020-11-25 18:28:11,14.23,56.95,75.0,AUD,61,2016-05-09,56.95,AUD,AU,True,False,False,False,False,False,False,1661.0,-42.72,-0.7501316944688323,2020-11-25,False,False,5.997152777777778,True
281990,018d937f-0a74-71e4-ac4c-a73a341db1a6,AU,2020-12-22 18:58:42,14.23,56.95,75.0,AUD,61,2016-05-09,56.95,AUD,AU,True,False,False,False,False,False,False,1688.0,-42.72,-0.7501316944688323,2020-12-22,False,False,13.993622685185185,True
281990,018d937f-0a74-71e4-ac4c-a73a341db1a6,AU,2021-02-04 18:21:12,14.23,56.95,75.0,AUD,61,2016-05-09,56.95,AUD,AU,True,False,False,False,False,False,False,1732.0,-42.72,-0.7501316944688323,2021-02-04,False,False,11.003912037037036,True
281990,018d937f-0a74-71e4-ac4c-a73a341db1a6,AU,2021-04-15 17:18:12,14.23,56.95,75.0,AUD,61,2016-05-09,56.95,AUD,AU,True,False,False,False,False,False,False,1802.0,-42.72,-0.7501316944688323,2021-04-15,False,False,4.071701388888889,True
281990,018d937f-0a74-71e4-ac4c-a73a341db1a6,AU,2021-05-20 17:19:11,14.23,56.95,75.0,AUD,61,2016-05-09,56.95,AUD,AU,True,False,False,False,False,False,False,1837.0,-42.72,-0.7501316944688323,2021-05-20,False,False,4.003923611111111,True
281990,018d937f-0a74-71e4-ac4c-a73a341db1a6,AU,2021-06-24 22:18:21,14.23,56.95,75.0,AUD,61,2016-05-09,56.95,AUD,AU,True,False,False,False,False,False,False,1872.0,-42.72,-0.7501316944688323,2021-06-24,False,False,13.79457175925926,True
281990,018d937f-0a74-71e4-ac4c-a73a341db1a6,AU,2021-09-14 17:36:16,14.23,56.95,75.0,AUD,61,2016-05-09,56.95,AUD,AU,True,False,False,False,False,False,False,1954.0,-42.72,-0.7501316944688323,2021-09-14,False,False,5.998506944444444,True
281990,018d937f-0a74-71e4-ac4c-a73a341db1a6,AU,2021-10-28 17:55:15,14.23,56.95,75.0,AUD,61,2016-05-09,56.95,AUD,AU,True,False,False,False,False,False,False,1998.0,-42.72,-0.7501316944688323,2021-10-28,False,False,4.037685185185185,True
281990,018d937f-0a74-71e4-ac4c-a73a341db1a6,AU,2021-11-22 18:34:33,14.23,56.95,75.0,AUD,61,2016-05-09,56.95,AUD,AU,True,False,False,False,False,False,False,2023.0,-42.72,-0.7501316944688323,2021-11-22,False,False,9.038784722222223,True
281990,018d937f-0a74-71e4-ac4c-a73a341db1a6,AU,2021-12-22 22:00:38,14.23,56.95,75.0,AUD,61,2016-05-09,56.95,AUD,AU,True,False,False,False,False,False,False,2053.0,-42.72,-0.7501316944688323,2021-12-22,False,False,13.8621875,True
281990,018d937f-0a74-71e4-ac4c-a73a341db1a6,AU,2022-01-27 18:43:47,14.23,56.95,75.0,AUD,61,2016-05-09,56.95,AUD,AU,True,False,False,False,False,False,False,2089.0,-42.72,-0.7501316944688323,2022-01-27,False,False,7.001724537037037,True
281990,018d937f-0a74-71e4-ac4c-a73a341db1a6,AU,2022-05-12 17:18:45,11.39,56.95,80.0,AUD,61,2016-05-09,56.95,AUD,AU,True,False,False,False,False,False,False,2194.0,-45.56,-0.8,2022-05-12,False,False,10.997638888888888,True
281990,018d937f-0a74-71e4-ac4c-a73a341db1a6,AU,2022-06-23 22:36:45,14.23,56.95,75.0,AUD,61,2016-05-09,56.95,AUD,AU,True,False,False,False,False,False,False,2236.0,-42.72,-0.7501316944688323,2022-06-23,False,False,13.794756944444444,True
281990,018d937f-0a74-71e4-ac4c-a73a341db1a6,AU,2022-09-19 17:09:20,14.23,56.95,75.0,AUD,61,2016-05-09,56.95,AUD,AU,True,False,False,False,False,False,False,2324.0,-42.72,-0.7501316944688323,2022-09-19,False,False,2.9978819444444444,True
281990,018d937f-0a74-71e4-ac4c-a73a341db1a6,AU,2022-10-25 17:50:07,14.23,56.95,75.0,AUD,61,2016-05-09,56.95,AUD,AU,True,False,False,False,False,False,False,2360.0,-42.72,-0.7501316944688323,2022-10-25,False,False,6.97931712962963,True
281990,018d937f-0a74-71e4-ac4c-a73a341db1a6,AU,2022-11-22 18:56:25,14.23,56.95,75.0,AUD,61,2016-05-09,56.95,AUD,AU,True,False,False,False,False,False,False,2388.0,-42.72,-0.7501316944688323,2022-11-22,False,False,7.021967592592593,True
281990,018d937f-0a74-71e4-ac4c-a73a341db1a6,AU,2022-12-22 18:58:50,14.23,56.95,75.0,AUD,61,2016-05-09,56.95,AUD,AU,True,False,False,False,False,False,False,2418.0,-42.72,-0.7501316944688323,2022-12-22,False,False,14.097488425925926,True
281990,018d937f-0a74-71e4-ac4c-a73a341db1a6,AU,2023-03-14 18:18:42,14.23,56.95,75.0,AUD,61,2016-05-09,56.95,AUD,AU,True,False,False,False,False,False,False,2500.0,-42.72,-0.7501316944688323,2023-03-14,False,False,8.975173611111112,True
281990,018d937f-0a74-71e4-ac4c-a73a341db1a6,AU,2023-05-09 17:19:03,14.23,56.95,75.0,AUD,61,2016-05-09,56.95,AUD,AU,True,False,False,False,False,False,False,2556.0,-42.72,-0.7501316944688323,2023-05-09,False,False,9.000439814814815,True
281990,018d937f-0a74-71e4-ac4c-a73a341db1a6,AU,2023-06-22 17:06:21,14.23,56.95,75.0,AUD,61,2016-05-09,56.95,AUD,AU,True,False,False,False,False,False,False,2600.0,-42.72,-0.7501316944688323,2023-06-22,False,False,4.008298611111111,True
281990,018d937f-0a74-71e4-ac4c-a73a341db1a6,AU,2023-06-29 22:48:58,14.23,56.95,75.0,AUD,61,2016-05-09,56.95,AUD,AU,True,False,False,False,False,False,False,2607.0,-42.72,-0.7501316944688323,2023-06-29,False,False,13.802581018518518,True
281990,018d937f-0a74-71e4-ac4c-a73a341db1a6,AU,2023-08-28 17:32:33,17.08,56.95,70.0,AUD,61,2016-05-09,56.95,AUD,AU,True,False,False,False,False,False,False,2667.0,-39.870000000000005,-0.7000877963125549,2023-08-28,False,False,7.008923611111111,True
281990,018d937f-0a74-71e4-ac4c-a73a341db1a6,AU,2023-11-16 18:06:16,17.08,56.95,70.0,AUD,61,2016-05-09,56.95,AUD,AU,True,False,False,False,False,False,False,2747.0,-39.870000000000005,-0.7000877963125549,2023-11-16,False,False,12.00699074074074,True
281990,018d937f-0a74-71e4-ac4c-a73a341db1a6,AU,2023-12-21 18:37:14,17.08,56.95,70.0,AUD,61,2016-05-09,56.95,AUD,AU,True,False,False,False,False,False,False,2782.0,-39.870000000000005,-0.7000877963125549,2023-12-21,False,False,13.996967592592593,True
281990,018d937f-0a74-71e4-ac4c-a73a341db1a6,AU,2024-03-14 17:19:08,17.08,56.95,70.0,AUD,61,2016-05-09,56.95,AUD,AU,True,False,False,False,False,False,False,2866.0,-39.870000000000005,-0.7000877963125549,2024-03-14,False,False,7.000231481481482,True
281990,018d937f-0a74-71e4-ac4c-a73a341db1a6,AU,2024-05-07 17:15:12,17.08,56.95,70.0,AUD,61,2016-05-09,56.95,AUD,AU,True,False,False,False,False,False,False,2920.0,-39.870000000000005,-0.7000877963125549,2024-05-07,False,False,13.000925925925927,True
281990,018d937f-0a74-71e4-ac4c-a73a341db1a6,AU,2024-06-20 17:15:34,17.08,56.95,70.0,AUD,61,2016-05-09,56.95,AUD,AU,True,False,False,False,False,False,False,2964.0,-39.870000000000005,-0.7000877963125549,2024-06-20,False,False,21.003969907407406,True
281990,018d937f-0a74-71e4-ac4c-a73a341db1a6,AU,2024-09-02 17:17:43,14.23,56.95,75.0,AUD,61,2016-05-09,56.95,AUD,AU,True,False,False,False,False,False,False,3038.0,-42.72,-0.7501316944688323,2024-09-02,False,False,13.999629629629629,True
281990,018d937f-0a74-71e4-ac4c-a73a341db1a6,AU,2024-10-29 17:18:40,14.23,56.95,75.0,AUD,61,2016-05-09,56.95,AUD,AU,True,False,False,False,False,False,False,3095.0,-42.72,-0.7501316944688323,2024-10-29,False,False,8.997800925925926,True
281990,018d937f-0a74-71e4-ac4c-a73a341db1a6,AU,2024-11-27 21:25:22,14.23,56.95,75.0,AUD,61,2016-05-09,56.95,AUD,AU,True,False,False,False,False,False,False,3124.0,-42.72,-0.7501316944688323,2024-11-27,False,False,6.870069444444445,True
281990,018d937f-0a74-71e4-ac4c-a73a341db1a6,AU,2024-12-19 20:33:19,5.69,56.95,90.0,AUD,61,2016-05-09,56.95,AUD,AU,True,False,False,False,False,False,False,3146.0,-51.260000000000005,-0.9000877963125549,2024-12-19,False,False,13.906053240740741,True
281990,018d937f-0a74-71e4-ac4c-a73a341db1a6,AU,2025-01-20 18:21:00,14.23,56.95,75.0,AUD,61,2016-05-09,56.95,AUD,AU,True,False,False,False,False,False,False,3178.0,-42.72,-0.7501316944688323,2025-01-20,False,False,7.000092592592592,True
281990,018d937f-0a74-71e4-ac4c-a73a341db1a6,AU,2025-03-13 19:18:04,14.23,56.95,75.0,AUD,61,2016-05-09,56.95,AUD,AU,True,False,False,False,False,False,False,3230.0,-42.72,-0.7501316944688323,2025-03-13,False,False,6.9183564814814815,True
281990,018d937f-0a74-71e4-ac4c-a73a341db1a6,AU,2025-03-24 17:17:06,14.23,56.95,75.0,AUD,61,2016-05-09,56.95,AUD,AU,True,False,False,False,False,False,False,3241.0,-42.72,-0.7501316944688323,2025-03-24,False,False,7.005694444444444,True
281990,018d937f-0a74-71e4-ac4c-a73a341db1a6,AU,2025-05-05 17:38:34,14.23,56.95,75.0,AUD,61,2016-05-09,56.95,AUD,AU,True,False,False,False,False,False,False,3283.0,-42.72,-0.7501316944688323,2025-05-05,False,False,14.205925925925927,True
281990,018d937f-0a74-71e4-ac4c-a73a341db1a6,AU,2025-06-26 21:15:10,14.23,56.95,75.0,AUD,61,2016-05-09,56.95,AUD,AU,True,False,False,False,False,False,False,3335.0,-42.72,-0.7501316944688323,2025-06-26,False,False,13.836435185185184,True
281990,018d937f-0a74-71e4-ac4c-a73a341db1a6,AU,2025-08-11 17:16:19,14.23,56.95,75.0,AUD,61,2016-05-09,56.95,AUD,AU,True,False,False,False,False,False,False,3381.0,-42.72,-0.7501316944688323,2025-08-11,False,False,7.000659722222222,True
281990,018d937f-0a74-71e4-ac4c-a73a341db1a6,AU,2025-09-22 17:22:39,14.23,56.95,75.0,AUD,61,2016-05-09,56.95,AUD,AU,True,False,False,False,False,False,False,3423.0,-42.72,-0.7501316944688323,2025-09-22,False,False,13.997569444444444,True
281990,018d937f-0a74-71e4-ac4c-a73a341db1a6,BR,2016-06-23 17:08:54,65.95,73.29,10.0,BRL,61,2016-05-09,143.99,BRL,BR,True,False,False,False,False,False,False,45.0,-78.04,-0.541982082089034,2016-06-23,False,False,10.969988425925926,True
281990,018d937f-0a74-71e4-ac4c-a73a341db1a6,BR,2016-09-01 20:46:02,58.24,72.81,20.0,BRL,61,2016-05-09,143.99,BRL,BR,True,False,False,False,False,False,False,115.0,-85.75,-0.5955274671852212,2016-09-01,False,False,3.8539583333333334,True
281990,018d937f-0a74-71e4-ac4c-a73a341db1a6,BR,2016-09-13 18:45:43,57.69,72.13,20.0,BRL,61,2016-05-09,143.99,BRL,BR,True,False,False,False,False,False,False,127.0,-86.30000000000001,-0.5993471768872839,2016-09-13,False,False,3.0210648148148147,True
281990,018d937f-0a74-71e4-ac4c-a73a341db1a6,BR,2016-10-20 17:45:59,54.86,73.14,25.0,BRL,61,2016-05-09,143.99,BRL,BR,True,False,False,False,False,False,False,164.0,-89.13000000000001,-0.6190013195360788,2016-10-20,False,False,3.9791203703703704,True
281990,018d937f-0a74-71e4-ac4c-a73a341db1a6,BR,2016-10-28 18:45:46,54.86,73.17,25.0,BRL,61,2016-05-09,143.99,BRL,BR,True,False,False,False,False,False,False,172.0,-89.13000000000001,-0.6190013195360788,2016-10-28,False,False,4.041701388888889,True
281990,018d937f-0a74-71e4-ac4c-a73a341db1a6,BR,2016-11-23 22:16:22,48.88,72.98,33.0,BRL,61,2016-05-09,143.99,BRL,BR,True,False,False,False,False,False,False,198.0,-95.11000000000001,-0.6605319813875964,2016-11-23,False,False,5.8755902777777775,True
281990,018d937f-0a74-71e4-ac4c-a73a341db1a6,BR,2016-12-22 18:46:09,36.69,91.79,60.0,BRL,61,2016-05-09,143.99,BRL,BR,True,False,False,False,False,False,False,227.0,-107.30000000000001,-0.7451906382387666,2016-12-22,False,False,11.021354166666667,True
281990,018d937f-0a74-71e4-ac4c-a73a341db1a6,BR,2016-12-23 07:15:53,48.91,73.0,33.0,BRL,61,2016-05-09,143.99,BRL,BR,True,False,False,False,False,False,False,228.0,-95.08000000000001,-0.6603236335856657,2016-12-23,False,False,,False
281990,018d937f-0a74-71e4-ac4c-a73a341db1a6,BR,2016-12-23 20:45:50,48.91,73.01,33.0,BRL,61,2016-05-09,143.99,BRL,BR,True,False,False,False,False,False,False,228.0,-95.08000000000001,-0.6603236335856657,2016-12-23,False,False,,False
281990,018d937f-0a74-71e4-ac4c-a73a341db1a6,BR,2017-01-17 19:16:53,48.96,73.05,33.0,BRL,61,2016-05-09,143.99,BRL,BR,True,False,False,False,False,False,False,253.0,-95.03,-0.6599763872491146,2017-01-17,False,False,2.958136574074074,True
281990,018d937f-0a74-71e4-ac4c-a73a341db1a6,BR,2017-04-06 20:16:09,43.62,72.7,40.0,BRL,61,2016-05-09,143.99,BRL,BR,True,False,False,False,False,False,False,332.0,-100.37,-0.6970622959927772,2017-04-06,False,False,3.8955787037037037,True
281990,018d937f-0a74-71e4-ac4c-a73a341db1a6,BR,2017-05-09 18:45:33,43.67,72.8,40.0,BRL,61,2016-05-09,143.99,BRL,BR,True,False,False,False,False,False,False,365.0,-100.32000000000001,-0.6967150496562262,2017-05-09,False,False,5.020902777777778,True
281990,018d937f-0a74-71e4-ac4c-a73a341db1a6,BR,2017-05-23 16:16:13,106.06,106.06,0.0,BRL,61,2016-05-09,143.99,BRL,BR,False,False,False,True,False,False,False,379.0,-37.93000000000001,-0.26342107090770195,2017-05-23,False,False,,False
281990,018d937f-0a74-71e4-ac4c-a73a341db1a6,BR,2017-06-23 00:45:31,53.0,106.04,50.0,BRL,61,2016-05-09,143.99,BRL,BR,True,False,False,False,False,False,False,410.0,-90.99000000000001,-0.6319188832557816,2017-06-23,False,False,12.709340277777779,True
281990,018d937f-0a74-71e4-ac4c-a73a341db1a6,BR,2017-07-05 21:15:53,72.98,72.98,0.0,BRL,61,2016-05-09,143.99,BRL,BR,False,False,False,True,False,False,False,422.0,-71.01,-0.4931592471699424,2017-07-05,False,False,,False
281990,018d937f-0a74-71e4-ac4c-a73a341db1a6,BR,2017-09-21 17:16:06,29.21,73.06,60.0,BRL,61,2016-05-09,143.99,BRL,BR,True,False,False,False,False,False,False,500.0,-114.78,-0.7971386901868185,2017-09-21,False,False,4.228888888888889,True
281990,018d937f-0a74-71e4-ac4c-a73a341db1a6,BR,2017-10-26 17:46:13,29.0,72.53,60.0,BRL,61,2016-05-09,143.99,BRL,BR,True,False,False,False,False,False,False,535.0,-114.99000000000001,-0.7985971248003334,2017-10-26,False,False,6.083055555555555,True
281990,018d937f-0a74-71e4-ac4c-a73a341db1a6,BR,2017-11-22 19:45:53,29.23,73.11,60.0,BRL,61,2016-05-09,143.99,BRL,BR,True,False,False,False,False,False,False,562.0,-114.76,-0.796999791652198,2017-11-22,False,False,6.021134259259259,True
281990,018d937f-0a74-71e4-ac4c-a73a341db1a6,BR,2017-12-07 18:16:04,29.21,73.0,60.0,BRL,61,2016-05-09,143.99,BRL,BR,True,False,False,False,False,False,False,577.0,-114.78,-0.7971386901868185,2017-12-07,False,False,3.853877314814815,True
281990,018d937f-0a74-71e4-ac4c-a73a341db1a6,BR,2017-12-21 21:45:47,29.16,72.94,60.0,BRL,61,2016-05-09,143.99,BRL,BR,True,False,False,False,False,False,False,591.0,-114.83000000000001,-0.7974859365233697,2017-12-21,False,False,14.041689814814815,True
281990,018d937f-0a74-71e4-ac4c-a73a341db1a6,BR,2018-02-15 21:22:29,29.2,73.08,60.0,BRL,61,2016-05-09,143.99,BRL,BR,True,False,False,False,False,False,False,647.0,-114.79,-0.7972081394541288,2018-02-15,False,False,3.8966435185185184,True
281990,018d937f-0a74-71e4-ac4c-a73a341db1a6,BR,2018-02-22 19:58:03,29.29,73.28,60.0,BRL,61,2016-05-09,143.99,BRL,BR,True,False,False,False,False,False,False,654.0,-114.70000000000002,-0.7965830960483367,2018-02-22,False,False,3.939699074074074,True
281990,018d937f-0a74-71e4-ac4c-a73a341db1a6,BR,2018-05-17 19:24:28,29.16,72.91,60.0,BRL,61,2016-05-09,143.99,BRL,BR,True,False,False,False,False,False,False,738.0,-114.83000000000001,-0.7974859365233697,2018-05-17,False,False,8.104618055555555,True
281990,018d937f-0a74-71e4-ac4c-a73a341db1a6,BR,2018-06-22 07:10:13,29.33,73.35,60.0,BRL,61,2016-05-09,143.99,BRL,BR,True,False,False,False,False,False,False,774.0,-114.66000000000001,-0.7963052989790957,2018-06-22,False,False,13.585324074074075,True
281990,018d937f-0a74-71e4-ac4c-a73a341db1a6,BR,2018-09-06 19:48:24,28.78,71.96,60.0,BRL,61,2016-05-09,143.99,BRL,BR,True,False,False,False,False,False,False,850.0,-115.21000000000001,-0.8001250086811584,2018-09-06,False,False,3.9089467592592593,True
281990,018d937f-0a74-71e4-ac4c-a73a341db1a6,BR,2018-10-30 00:52:46,29.01,72.59,60.0,BRL,61,2016-05-09,143.99,BRL,BR,True,False,False,False,False,False,False,904.0,-114.98,-0.7985276755330231,2018-10-30,False,False,2.797326388888889,True
281990,018d937f-0a74-71e4-ac4c-a73a341db1a6,BR,2018-11-21 18:48:48,29.09,72.71,60.0,BRL,61,2016-05-09,143.99,BRL,BR,True,False,False,False,False,False,False,926.0,-114.9,-0.7979720813945412,2018-11-21,False,False,6.028587962962963,True
281990,018d937f-0a74-71e4-ac4c-a73a341db1a6,BR,2018-12-06 18:28:48,29.39,73.51,60.0,BRL,61,2016-05-09,143.99,BRL,BR,True,False,False,False,False,False,False,941.0,-114.60000000000001,-0.7958886033752344,2018-12-06,False,False,4.0955208333333335,True
281990,018d937f-0a74-71e4-ac4c-a73a341db1a6,BR,2018-12-20 20:54:22,18.24,72.99,75.0,BRL,61,2016-05-09,143.99,BRL,BR,True,False,False,False,False,False,False,955.0,-125.75000000000001,-0.8733245364261407,2018-12-20,False,False,14.047037037037038,True
281990,018d937f-0a74-71e4-ac4c-a73a341db1a6,BR,2019-02-04 20:15:56,18.24,72.99,75.0,BRL,61,2016-05-09,143.99,BRL,BR,True,False,False,False,False,False,False,1001.0,-125.75000000000001,-0.8733245364261407,2019-02-04,False,False,7.20662037037037,True
281990,018d937f-0a74-71e4-ac4c-a73a341db1a6,BR,2019-05-09 17:49:37,18.24,72.99,75.0,BRL,61,2016-05-09,143.99,BRL,BR,True,False,False,False,False,False,False,1095.0,-125.75000000000001,-0.8733245364261407,2019-05-09,False,False,4.04349537037037,True
281990,018d937f-0a74-71e4-ac4c-a73a341db1a6,BR,2019-05-30 19:02:53,18.24,72.99,75.0,BRL,61,2016-05-09,143.99,BRL,BR,True,False,False,False,False,False,False,1116.0,-125.75000000000001,-0.8733245364261407,2019-05-30,False,False,7.938240740740741,True
281990,018d937f-0a74-71e4-ac4c-a73a341db1a6,BR,2019-06-26 04:20:06,18.24,72.99,75.0,BRL,61,2016-05-09,143.99,BRL,BR,True,False,False,False,False,False,False,1143.0,-125.75000000000001,-0.8733245364261407,2019-06-26,False,False,13.647789351851852,True
281990,018d937f-0a74-71e4-ac4c-a73a341db1a6,BR,2019-07-18 17:13:00,18.24,72.99,75.0,BRL,61,2016-05-09,143.99,BRL,BR,True,False,False,False,False,False,False,1165.0,-125.75000000000001,-0.8733245364261407,2019-07-18,False,False,4.088819444444445,True
281990,018d937f-0a74-71e4-ac4c-a73a341db1a6,BR,2019-10-17 17:21:25,18.24,72.99,75.0,BRL,61,2016-05-09,143.99,BRL,BR,True,False,False,False,False,False,False,1256.0,-125.75000000000001,-0.8733245364261407,2019-10-17,False,False,7.999930555555555,True
281990,018d937f-0a74-71e4-ac4c-a73a341db1a6,BR,2019-11-26 18:07:14,18.24,72.99,75.0,BRL,61,2016-05-09,143.99,BRL,BR,True,False,False,False,False,False,False,1296.0,-125.75000000000001,-0.8733245364261407,2019-11-26,False,False,7.016875,True
281990,018d937f-0a74-71e4-ac4c-a73a341db1a6,BR,2019-12-10 18:21:16,18.24,72.99,75.0,BRL,61,2016-05-09,143.99,BRL,BR,True,False,False,False,False,False,False,1310.0,-125.75000000000001,-0.8733245364261407,2019-12-10,False,False,23.01390046296296,True
281990,018d937f-0a74-71e4-ac4c-a73a341db1a6,BR,2020-01-23 18:24:23,18.24,72.99,75.0,BRL,61,2016-05-09,143.99,BRL,BR,True,False,False,False,False,False,False,1354.0,-125.75000000000001,-0.8733245364261407,2020-01-23,False,False,3.9991666666666665,True
281990,018d937f-0a74-71e4-ac4c-a73a341db1a6,BR,2020-03-17 09:07:12,18.24,72.99,75.0,BRL,61,2016-05-09,143.99,BRL,BR,True,False,False,False,False,False,False,1408.0,-125.75000000000001,-0.8733245364261407,2020-03-17,False,False,3.3433449074074075,True
281990,018d937f-0a74-71e4-ac4c-a73a341db1a6,BR,2020-05-12 08:21:26,18.24,72.99,75.0,BRL,61,2016-05-09,143.99,BRL,BR,True,False,False,False,False,False,False,1464.0,-125.75000000000001,-0.8733245364261407,2020-05-12,False,False,6.3751388888888885,True
281990,018d937f-0a74-71e4-ac4c-a73a341db1a6,BR,2020-05-14 18:08:48,18.24,72.99,75.0,BRL,61,2016-05-09,143.99,BRL,BR,True,False,False,False,False,False,False,1466.0,-125.75000000000001,-0.8733245364261407,2020-05-14,False,False,,False
281990,018d937f-0a74-71e4-ac4c-a73a341db1a6,BR,2020-06-25 18:31:38,18.24,72.99,75.0,BRL,61,2016-05-09,143.99,BRL,BR,True,False,False,False,False,False,False,1508.0,-125.75000000000001,-0.8733245364261407,2020-06-25,False,False,13.958715277777777,True
281990,018d937f-0a74-71e4-ac4c-a73a341db1a6,BR,2020-09-24 17:22:14,18.24,72.99,75.0,BRL,61,2016-05-09,143.99,BRL,BR,True,False,False,False,False,False,False,1599.0,-125.75000000000001,-0.8733245364261407,2020-09-24,False,False,3.9999652777777777,True
281990,018d937f-0a74-71e4-ac4c-a73a341db1a6,BR,2020-10-29 17:00:14,18.24,72.99,75.0,BRL,61,2016-05-09,143.99,BRL,BR,True,False,False,False,False,False,False,1634.0,-125.75000000000001,-0.8733245364261407,2020-10-29,False,False,4.0599537037037035,True
281990,018d937f-0a74-71e4-ac4c-a73a341db1a6,BR,2020-11-25 18:26:23,18.24,72.99,75.0,BRL,61,2016-05-09,143.99,BRL,BR,True,False,False,False,False,False,False,1661.0,-125.75000000000001,-0.8733245364261407,2020-11-25,False,False,5.996689814814815,True
281990,018d937f-0a74-71e4-ac4c-a73a341db1a6,BR,2020-12-22 18:58:08,18.24,72.99,75.0,BRL,61,2016-05-09,143.99,BRL,BR,True,False,False,False,False,False,False,1688.0,-125.75000000000001,-0.8733245364261407,2020-12-22,False,False,13.99738425925926,True
281990,018d937f-0a74-71e4-ac4c-a73a341db1a6,BR,2021-02-04 18:21:09,18.24,72.99,75.0,BRL,61,2016-05-09,143.99,BRL,BR,True,False,False,False,False,False,False,1732.0,-125.75000000000001,-0.8733245364261407,2021-02-04,False,False,11.002604166666666,True
281990,018d937f-0a74-71e4-ac4c-a73a341db1a6,BR,2021-04-15 17:18:14,18.24,72.99,75.0,BRL,61,2016-05-09,143.99,BRL,BR,True,False,False,False,False,False,False,1802.0,-125.75000000000001,-0.8733245364261407,2021-04-15,False,False,4.071932870370371,True
281990,018d937f-0a74-71e4-ac4c-a73a341db1a6,BR,2021-05-20 18:03:25,18.24,72.99,75.0,BRL,61,2016-05-09,143.99,BRL,BR,True,False,False,False,False,False,False,1837.0,-125.75000000000001,-0.8733245364261407,2021-05-20,False,False,3.9732060185185185,True
281990,018d937f-0a74-71e4-ac4c-a73a341db1a6,BR,2021-06-24 22:20:26,18.24,72.99,75.0,BRL,61,2016-05-09,143.99,BRL,BR,True,False,False,False,False,False,False,1872.0,-125.75000000000001,-0.8733245364261407,2021-06-24,False,False,13.793252314814815,True
281990,018d937f-0a74-71e4-ac4c-a73a341db1a6,BR,2021-09-14 17:35:43,18.24,72.99,75.0,BRL,61,2016-05-09,143.99,BRL,BR,True,False,False,False,False,False,False,1954.0,-125.75000000000001,-0.8733245364261407,2021-09-14,False,False,6.010821759259259,True
281990,018d937f-0a74-71e4-ac4c-a73a341db1a6,BR,2021-10-28 17:43:16,18.24,72.99,75.0,BRL,61,2016-05-09,143.99,BRL,BR,True,False,False,False,False,False,False,1998.0,-125.75000000000001,-0.8733245364261407,2021-10-28,False,False,4.005856481481482,True
281990,018d937f-0a74-71e4-ac4c-a73a341db1a6,BR,2021-11-22 18:39:18,18.24,72.99,75.0,BRL,61,2016-05-09,143.99,BRL,BR,True,False,False,False,False,False,False,2023.0,-125.75000000000001,-0.8733245364261407,2021-11-22,False,False,9.006747685185186,True
281990,018d937f-0a74-71e4-ac4c-a73a341db1a6,BR,2021-12-22 18:11:29,18.24,72.99,75.0,BRL,61,2016-05-09,143.99,BRL,BR,True,False,False,False,False,False,False,2053.0,-125.75000000000001,-0.8733245364261407,2021-12-22,False,False,14.032847222222221,True
281990,018d937f-0a74-71e4-ac4c-a73a341db1a6,BR,2022-01-27 18:11:22,18.24,72.99,75.0,BRL,61,2016-05-09,143.99,BRL,BR,True,False,False,False,False,False,False,2089.0,-125.75000000000001,-0.8733245364261407,2022-01-27,False,False,7.020266203703704,True
281990,018d937f-0a74-71e4-ac4c-a73a341db1a6,BR,2022-05-12 17:09:15,14.6,72.99,80.0,BRL,61,2016-05-09,143.99,BRL,BR,True,False,False,False,False,False,False,2194.0,-129.39000000000001,-0.8986040697270644,2022-05-12,False,False,11.008472222222222,True
281990,018d937f-0a74-71e4-ac4c-a73a341db1a6,BR,2022-06-23 18:12:48,23.74,94.99,75.0,BRL,61,2016-05-09,143.99,BRL,BR,True,False,False,False,False,False,False,2236.0,-120.25000000000001,-0.8351274394055143,2022-06-23,False,False,13.958958333333333,True
281990,018d937f-0a74-71e4-ac4c-a73a341db1a6,BR,2022-09-19 17:36:22,23.74,94.99,75.0,BRL,61,2016-05-09,143.99,BRL,BR,True,False,False,False,False,False,False,2324.0,-120.25000000000001,-0.8351274394055143,2022-09-19,False,False,2.9811921296296298,True
281990,018d937f-0a74-71e4-ac4c-a73a341db1a6,BR,2022-10-25 17:50:43,23.74,94.99,75.0,BRL,61,2016-05-09,143.99,BRL,BR,True,False,False,False,False,False,False,2360.0,-120.25000000000001,-0.8351274394055143,2022-10-25,False,False,6.978773148148148,True
281990,018d937f-0a74-71e4-ac4c-a73a341db1a6,BR,2022-11-22 19:25:59,23.74,94.99,75.0,BRL,61,2016-05-09,143.99,BRL,BR,True,False,False,False,False,False,False,2388.0,-120.25000000000001,-0.8351274394055143,2022-11-22,False,False,6.9542476851851855,True
281990,018d937f-0a74-71e4-ac4c-a73a341db1a6,BR,2022-12-22 21:56:11,23.74,94.99,75.0,BRL,61,2016-05-09,143.99,BRL,BR,True,False,False,False,False,False,False,2418.0,-120.25000000000001,-0.8351274394055143,2022-12-22,False,False,13.975138888888889,True
281990,018d937f-0a74-71e4-ac4c-a73a341db1a6,BR,2023-02-01 17:09:21,107.99,107.99,0.0,BRL,61,2016-05-09,143.99,BRL,BR,False,False,False,True,False,False,False,2459.0,-36.000000000000014,-0.2500173623168276,2023-02-01,False,False,,False
281990,018d937f-0a74-71e4-ac4c-a73a341db1a6,BR,2023-03-14 18:18:07,26.99,107.99,75.0,BRL,61,2016-05-09,143.99,BRL,BR,True,False,False,False,False,False,False,2500.0,-117.00000000000001,-0.8125564275296896,2023-03-14,False,False,8.97957175925926,True
281990,018d937f-0a74-71e4-ac4c-a73a341db1a6,BR,2023-05-09 17:09:15,26.99,107.99,75.0,BRL,61,2016-05-09,143.99,BRL,BR,True,False,False,False,False,False,False,2556.0,-117.00000000000001,-0.8125564275296896,2023-05-09,False,False,8.998148148148148,True
281990,018d937f-0a74-71e4-ac4c-a73a341db1a6,BR,2023-06-22 17:19:59,26.99,107.99,75.0,BRL,61,2016-05-09,143.99,BRL,BR,True,False,False,False,False,False,False,2600.0,-117.00000000000001,-0.8125564275296896,2023-06-22,False,False,3.9905092592592593,True
281990,018d937f-0a74-71e4-ac4c-a73a341db1a6,BR,2023-06-29 17:36:25,26.99,107.99,75.0,BRL,61,2016-05-09,143.99,BRL,BR,True,False,False,False,False,False,False,2607.0,-117.00000000000001,-0.8125564275296896,2023-06-29,False,False,14.011111111111111,True
281990,018d937f-0a74-71e4-ac4c-a73a341db1a6,BR,2023-08-28 17:22:07,32.39,107.99,70.0,BRL,61,2016-05-09,143.99,BRL,BR,True,False,False,False,False,False,False,2667.0,-111.60000000000001,-0.7750538231821654,2023-08-28,False,False,6.989097222222222,True
281990,018d937f-0a74-71e4-ac4c-a73a341db1a6,BR,2023-11-16 18:19:29,32.39,107.99,70.0,BRL,61,2016-05-09,143.99,BRL,BR,True,False,False,False,False,False,False,2747.0,-111.60000000000001,-0.7750538231821654,2023-11-16,False,False,11.995775462962962,True
281990,018d937f-0a74-71e4-ac4c-a73a341db1a6,BR,2023-12-21 18:43:29,32.39,107.99,70.0,BRL,61,2016-05-09,143.99,BRL,BR,True,False,False,False,False,False,False,2782.0,-111.60000000000001,-0.7750538231821654,2023-12-21,False,False,13.99119212962963,True
281990,018d937f-0a74-71e4-ac4c-a73a341db1a6,BR,2024-01-17 17:18:59,143.99,143.99,0.0,BRL,61,2016-05-09,143.99,BRL,BR,False,False,False,True,False,False,False,2809.0,0.0,0.0,2024-01-17,False,False,,False
281990,018d937f-0a74-71e4-ac4c-a73a341db1a6,BR,2024-03-14 17:19:14,43.19,143.99,70.0,BRL,61,2016-05-09,143.99,BRL,BR,True,False,False,False,False,False,False,2866.0,-100.80000000000001,-0.7000486144871172,2024-03-14,False,False,7.0003125,True
281990,018d937f-0a74-71e4-ac4c-a73a341db1a6,BR,2024-05-07 17:15:13,43.19,143.99,70.0,BRL,61,2016-05-09,143.99,BRL,BR,True,False,False,False,False,False,False,2920.0,-100.80000000000001,-0.7000486144871172,2024-05-07,False,False,13.000925925925927,True
281990,018d937f-0a74-71e4-ac4c-a73a341db1a6,BR,2024-06-20 17:15:43,43.19,143.99,70.0,BRL,61,2016-05-09,143.99,BRL,BR,True,False,False,False,False,False,False,2964.0,-100.80000000000001,-0.7000486144871172,2024-06-20,False,False,21.00263888888889,True
281990,018d937f-0a74-71e4-ac4c-a73a341db1a6,BR,2024-09-02 17:16:33,35.99,143.99,75.0,BRL,61,2016-05-09,143.99,BRL,BR,True,False,False,False,False,False,False,3038.0,-108.0,-0.7500520869504826,2024-09-02,False,False,14.000451388888889,True
281990,018d937f-0a74-71e4-ac4c-a73a341db1a6,BR,2024-10-29 17:18:58,35.99,143.99,75.0,BRL,61,2016-05-09,143.99,BRL,BR,True,False,False,False,False,False,False,3095.0,-108.0,-0.7500520869504826,2024-10-29,False,False,8.99738425925926,True
281990,018d937f-0a74-71e4-ac4c-a73a341db1a6,BR,2024-11-27 21:18:58,35.99,143.99,75.0,BRL,61,2016-05-09,143.99,BRL,BR,True,False,False,False,False,False,False,3124.0,-108.0,-0.7500520869504826,2024-11-27,False,False,6.874525462962963,True
281990,018d937f-0a74-71e4-ac4c-a73a341db1a6,BR,2024-12-19 19:45:16,14.39,143.99,90.0,BRL,61,2016-05-09,143.99,BRL,BR,True,False,False,False,False,False,False,3146.0,-129.60000000000002,-0.9000625043405792,2024-12-19,False,False,13.939409722222223,True
281990,018d937f-0a74-71e4-ac4c-a73a341db1a6,BR,2025-01-20 18:21:13,35.99,143.99,75.0,BRL,61,2016-05-09,143.99,BRL,BR,True,False,False,False,False,False,False,3178.0,-108.0,-0.7500520869504826,2025-01-20,False,False,7.011296296296297,True
281990,018d937f-0a74-71e4-ac4c-a73a341db1a6,BR,2025-03-13 19:03:21,35.99,143.99,75.0,BRL,61,2016-05-09,143.99,BRL,BR,True,False,False,False,False,False,False,3230.0,-108.0,-0.7500520869504826,2025-03-13,False,False,6.927557870370371,True
281990,018d937f-0a74-71e4-ac4c-a73a341db1a6,BR,2025-03-24 17:16:07,35.99,143.99,75.0,BRL,61,2016-05-09,143.99,BRL,BR,True,False,False,False,False,False,False,3241.0,-108.0,-0.7500520869504826,2025-03-24,False,False,7.006261574074074,True
281990,018d937f-0a74-71e4-ac4c-a73a341db1a6,BR,2025-05-05 17:33:05,35.99,143.99,75.0,BRL,61,2016-05-09,143.99,BRL,BR,True,False,False,False,False,False,False,3283.0,-108.0,-0.7500520869504826,2025-05-05,False,False,14.208912037037036,True
281990,018d937f-0a74-71e4-ac4c-a73a341db1a6,BR,2025-06-26 21:23:37,35.99,143.99,75.0,BRL,61,2016-05-09,143.99,BRL,BR,True,False,False,False,False,False,False,3335.0,-108.0,-0.7500520869504826,2025-06-26,False,False,13.829305555555555,True
281990,018d937f-0a74-71e4-ac4c-a73a341db1a6,BR,2025-08-11 17:18:10,35.99,143.99,75.0,BRL,61,2016-05-09,143.99,BRL,BR,True,False,False,False,False,False,False,3381.0,-108.0,-0.7500520869504826,2025-08-11,False,False,7.001736111111111,True
281990,018d937f-0a74-71e4-ac4c-a73a341db1a6,BR,2025-09-22 17:17:52,35.99,143.99,75.0,BRL,61,2016-05-09,143.99,BRL,BR,True,False,False,False,False,False,False,3423.0,-108.0,-0.7500520869504826,2025-09-22,False,False,14.000902777777778,True
281990,018d937f-0a74-71e4-ac4c-a73a341db1a6,CA,2016-06-23 18:53:58,39.59,43.99,10.0,CAD,61,2016-05-09,52.99,CAD,CA,True,False,False,False,False,False,False,45.0,-13.399999999999999,-0.2528779014908473,2016-06-23,False,False,10.952627314814816,True
281990,018d937f-0a74-71e4-ac4c-a73a341db1a6,CA,2016-09-01 17:15:41,35.19,43.99,20.0,CAD,61,2016-05-09,52.99,CAD,CA,True,False,False,False,False,False,False,115.0,-17.800000000000004,-0.33591243630873757,2016-09-01,False,False,4.062488425925926,True
281990,018d937f-0a74-71e4-ac4c-a73a341db1a6,CA,2016-09-13 17:45:34,35.19,43.99,20.0,CAD,61,2016-05-09,52.99,CAD,CA,True,False,False,False,False,False,False,127.0,-17.800000000000004,-0.33591243630873757,2016-09-13,False,False,3.062708333333333,True
281990,018d937f-0a74-71e4-ac4c-a73a341db1a6,CA,2016-10-20 19:45:45,32.99,43.99,25.0,CAD,61,2016-05-09,52.99,CAD,CA,True,False,False,False,False,False,False,164.0,-20.0,-0.3774297037176826,2016-10-20,False,False,3.9791666666666665,True
281990,018d937f-0a74-71e4-ac4c-a73a341db1a6,CA,2016-10-28 18:15:36,32.99,43.99,25.0,CAD,61,2016-05-09,52.99,CAD,CA,True,False,False,False,False,False,False,172.0,-20.0,-0.3774297037176826,2016-10-28,False,False,4.000324074074074,True
281990,018d937f-0a74-71e4-ac4c-a73a341db1a6,CA,2016-11-23 23:47:16,29.47,43.99,33.0,CAD,61,2016-05-09,52.99,CAD,CA,True,False,False,False,False,False,False,198.0,-23.520000000000003,-0.4438573315719948,2016-11-23,False,False,5.874074074074074,True
281990,018d937f-0a74-71e4-ac4c-a73a341db1a6,CA,2016-12-22 22:45:40,21.99,54.99,60.0,CAD,61,2016-05-09,52.99,CAD,CA,True,False,False,False,False,False,False,227.0,-31.000000000000004,-0.5850160407624081,2016-12-22,False,False,10.958449074074075,True
281990,018d937f-0a74-71e4-ac4c-a73a341db1a6,CA,2016-12-23 03:45:41,29.47,43.99,33.0,CAD,61,2016-05-09,52.99,CAD,CA,True,False,False,False,False,False,False,228.0,-23.520000000000003,-0.4438573315719948,2016-12-23,False,False,,False
281990,018d937f-0a74-71e4-ac4c-a73a341db1a6,CA,2017-01-17 19:45:57,29.47,43.99,33.0,CAD,61,2016-05-09,52.99,CAD,CA,True,False,False,False,False,False,False,253.0,-23.520000000000003,-0.4438573315719948,2017-01-17,False,False,2.9377546296296297,True
281990,018d937f-0a74-71e4-ac4c-a73a341db1a6,CA,2017-04-06 18:15:52,26.39,43.99,40.0,CAD,61,2016-05-09,52.99,CAD,CA,True,False,False,False,False,False,False,332.0,-26.6,-0.5019815059445178,2017-04-06,False,False,4.125046296296296,True
281990,018d937f-0a74-71e4-ac4c-a73a341db1a6,CA,2017-05-09 18:15:48,26.39,43.99,40.0,CAD,61,2016-05-09,52.99,CAD,CA,True,False,False,False,False,False,False,365.0,-26.6,-0.5019815059445178,2017-05-09,False,False,5.166597222222222,True
281990,018d937f-0a74-71e4-ac4c-a73a341db1a6,CA,2017-05-23 18:45:32,51.99,51.99,0.0,CAD,61,2016-05-09,52.99,CAD,CA,False,False,False,True,False,False,False,379.0,-1.0,-0.018871485185884107,2017-05-23,False,False,,False
281990,018d937f-0a74-71e4-ac4c-a73a341db1a6,CA,2017-06-23 00:15:29,25.99,51.99,50.0,CAD,61,2016-05-09,52.99,CAD,CA,True,False,False,False,False,False,False,410.0,-27.000000000000004,-0.5095301000188716,2017-06-23,False,False,12.771030092592593,True
281990,018d937f-0a74-71e4-ac4c-a73a341db1a6,CA,2017-07-05 21:45:31,43.99,43.99,0.0,CAD,61,2016-05-09,52.99,CAD,CA,False,False,False,True,False,False,False,422.0,-9.0,-0.16984336667295719,2017-07-05,False,False,,False
281990,018d937f-0a74-71e4-ac4c-a73a341db1a6,CA,2017-09-21 18:15:52,17.59,43.99,60.0,CAD,61,2016-05-09,52.99,CAD,CA,True,False,False,False,False,False,False,500.0,-35.400000000000006,-0.6680505755802981,2017-09-21,False,False,4.020694444444445,True
281990,018d937f-0a74-71e4-ac4c-a73a341db1a6,CA,2017-10-26 17:45:59,17.59,43.99,60.0,CAD,61,2016-05-09,52.99,CAD,CA,True,False,False,False,False,False,False,535.0,-35.400000000000006,-0.6680505755802981,2017-10-26,False,False,6.104201388888889,True
281990,018d937f-0a74-71e4-ac4c-a73a341db1a6,CA,2017-11-22 22:45:35,17.59,43.99,60.0,CAD,61,2016-05-09,52.99,CAD,CA,True,False,False,False,False,False,False,562.0,-35.400000000000006,-0.6680505755802981,2017-11-22,False,False,5.834039351851852,True
281990,018d937f-0a74-71e4-ac4c-a73a341db1a6,CA,2017-12-07 15:15:59,17.59,43.99,60.0,CAD,61,2016-05-09,52.99,CAD,CA,True,False,False,False,False,False,False,577.0,-35.400000000000006,-0.6680505755802981,2017-12-07,False,False,4.08349537037037,True
281990,018d937f-0a74-71e4-ac4c-a73a341db1a6,CA,2017-12-21 23:45:30,17.59,43.99,60.0,CAD,61,2016-05-09,52.99,CAD,CA,True,False,False,False,False,False,False,591.0,-35.400000000000006,-0.6680505755802981,2017-12-21,False,False,13.833599537037037,True
281990,018d937f-0a74-71e4-ac4c-a73a341db1a6,CA,2018-02-15 21:20:31,17.59,43.99,60.0,CAD,61,2016-05-09,52.99,CAD,CA,True,False,False,False,False,False,False,647.0,-35.400000000000006,-0.6680505755802981,2018-02-15,False,False,4.021076388888889,True
281990,018d937f-0a74-71e4-ac4c-a73a341db1a6,CA,2018-02-22 18:25:51,17.59,43.99,60.0,CAD,61,2016-05-09,52.99,CAD,CA,True,False,False,False,False,False,False,654.0,-35.400000000000006,-0.6680505755802981,2018-02-22,False,False,4.062962962962963,True
281990,018d937f-0a74-71e4-ac4c-a73a341db1a6,CA,2018-05-17 19:22:22,17.59,43.99,60.0,CAD,61,2016-05-09,52.99,CAD,CA,True,False,False,False,False,False,False,738.0,-35.400000000000006,-0.6680505755802981,2018-05-17,False,False,8.063368055555555,True
281990,018d937f-0a74-71e4-ac4c-a73a341db1a6,CA,2018-06-21 19:52:24,17.59,43.99,60.0,CAD,61,2016-05-09,52.99,CAD,CA,True,False,False,False,False,False,False,773.0,-35.400000000000006,-0.6680505755802981,2018-06-21,False,False,13.990092592592593,True
281990,018d937f-0a74-71e4-ac4c-a73a341db1a6,CA,2018-09-06 19:34:07,17.59,43.99,60.0,CAD,61,2016-05-09,52.99,CAD,CA,True,False,False,False,False,False,False,850.0,-35.400000000000006,-0.6680505755802981,2018-09-06,False,False,3.90625,True
281990,018d937f-0a74-71e4-ac4c-a73a341db1a6,CA,2018-10-30 02:07:49,17.59,43.99,60.0,CAD,61,2016-05-09,52.99,CAD,CA,True,False,False,False,False,False,False,904.0,-35.400000000000006,-0.6680505755802981,2018-10-30,False,False,2.746076388888889,True
281990,018d937f-0a74-71e4-ac4c-a73a341db1a6,CA,2018-11-21 22:41:24,17.59,43.99,60.0,CAD,61,2016-05-09,52.99,CAD,CA,True,False,False,False,False,False,False,926.0,-35.400000000000006,-0.6680505755802981,2018-11-21,False,False,5.959733796296296,True
281990,018d937f-0a74-71e4-ac4c-a73a341db1a6,CA,2018-12-06 18:25:48,17.59,43.99,60.0,CAD,61,2016-05-09,52.99,CAD,CA,True,False,False,False,False,False,False,941.0,-35.400000000000006,-0.6680505755802981,2018-12-06,False,False,4.043935185185185,True
281990,018d937f-0a74-71e4-ac4c-a73a341db1a6,CA,2018-12-20 18:19:58,10.99,43.99,75.0,CAD,61,2016-05-09,52.99,CAD,CA,True,False,False,False,False,False,False,955.0,-42.0,-0.7926023778071334,2018-12-20,False,False,14.222256944444444,True
281990,018d937f-0a74-71e4-ac4c-a73a341db1a6,CA,2019-02-04 20:55:00,10.99,43.99,75.0,CAD,61,2016-05-09,52.99,CAD,CA,True,False,False,False,False,False,False,1001.0,-42.0,-0.7926023778071334,2019-02-04,False,False,7.088912037037037,True
281990,018d937f-0a74-71e4-ac4c-a73a341db1a6,CA,2019-05-09 17:46:14,10.99,43.99,75.0,CAD,61,2016-05-09,52.99,CAD,CA,True,False,False,False,False,False,False,1095.0,-42.0,-0.7926023778071334,2019-05-09,False,False,4.009143518518519,True
281990,018d937f-0a74-71e4-ac4c-a73a341db1a6,CA,2019-05-30 18:54:22,10.99,43.99,75.0,CAD,61,2016-05-09,52.99,CAD,CA,True,False,False,False,False,False,False,1116.0,-42.0,-0.7926023778071334,2019-05-30,False,False,7.948159722222222,True
281990,018d937f-0a74-71e4-ac4c-a73a341db1a6,CA,2019-06-26 01:28:29,10.99,43.99,75.0,CAD,61,2016-05-09,52.99,CAD,CA,True,False,False,False,False,False,False,1143.0,-42.0,-0.7926023778071334,2019-06-26,False,False,13.839525462962962,True
281990,018d937f-0a74-71e4-ac4c-a73a341db1a6,CA,2019-07-18 17:50:20,10.99,43.99,75.0,CAD,61,2016-05-09,52.99,CAD,CA,True,False,False,False,False,False,False,1165.0,-42.0,-0.7926023778071334,2019-07-18,False,False,4.043564814814815,True
281990,018d937f-0a74-71e4-ac4c-a73a341db1a6,CA,2019-10-17 17:21:17,10.99,43.99,75.0,CAD,61,2016-05-09,52.99,CAD,CA,True,False,False,False,False,False,False,1256.0,-42.0,-0.7926023778071334,2019-10-17,False,False,8.0,True
281990,018d937f-0a74-71e4-ac4c-a73a341db1a6,CA,2019-11-26 18:09:53,10.99,43.99,75.0,CAD,61,2016-05-09,52.99,CAD,CA,True,False,False,False,False,False,False,1296.0,-42.0,-0.7926023778071334,2019-11-26,False,False,7.011967592592592,True
281990,018d937f-0a74-71e4-ac4c-a73a341db1a6,CA,2019-12-10 18:21:09,10.99,43.99,75.0,CAD,61,2016-05-09,52.99,CAD,CA,True,False,False,False,False,False,False,1310.0,-42.0,-0.7926023778071334,2019-12-10,False,False,0.03203703703703704,True
281990,018d937f-0a74-71e4-ac4c-a73a341db1a6,CA,2019-12-19 18:12:57,10.99,43.99,75.0,CAD,61,2016-05-09,52.99,CAD,CA,True,False,False,False,False,False,False,1319.0,-42.0,-0.7926023778071334,2019-12-19,False,False,14.017962962962963,True
281990,018d937f-0a74-71e4-ac4c-a73a341db1a6,CA,2020-01-23 18:28:29,10.99,43.99,75.0,CAD,61,2016-05-09,52.99,CAD,CA,True,False,False,False,False,False,False,1354.0,-42.0,-0.7926023778071334,2020-01-23,False,False,3.995416666666667,True
281990,018d937f-0a74-71e4-ac4c-a73a341db1a6,CA,2020-03-17 09:07:14,10.99,43.99,75.0,CAD,61,2016-05-09,52.99,CAD,CA,True,False,False,False,False,False,False,1408.0,-42.0,-0.7926023778071334,2020-03-17,False,False,3.343113425925926,True
281990,018d937f-0a74-71e4-ac4c-a73a341db1a6,CA,2020-05-12 08:33:04,10.99,43.99,75.0,CAD,61,2016-05-09,52.99,CAD,CA,True,False,False,False,False,False,False,1464.0,-42.0,-0.7926023778071334,2020-05-12,False,False,6.36681712962963,True
281990,018d937f-0a74-71e4-ac4c-a73a341db1a6,CA,2020-06-25 17:57:31,10.99,43.99,75.0,CAD,61,2016-05-09,52.99,CAD,CA,True,False,False,False,False,False,False,1508.0,-42.0,-0.7926023778071334,2020-06-25,False,False,13.97511574074074,True
281990,018d937f-0a74-71e4-ac4c-a73a341db1a6,CA,2020-09-24 17:21:25,10.99,43.99,75.0,CAD,61,2016-05-09,52.99,CAD,CA,True,False,False,False,False,False,False,1599.0,-42.0,-0.7926023778071334,2020-09-24,False,False,3.9999074074074072,True
281990,018d937f-0a74-71e4-ac4c-a73a341db1a6,CA,2020-10-29 17:07:26,10.99,43.99,75.0,CAD,61,2016-05-09,52.99,CAD,CA,True,False,False,False,False,False,False,1634.0,-42.0,-0.7926023778071334,2020-10-29,False,False,4.052696759259259,True
281990,018d937f-0a74-71e4-ac4c-a73a341db1a6,CA,2020-11-25 18:34:09,10.99,43.99,75.0,CAD,61,2016-05-09,52.99,CAD,CA,True,False,False,False,False,False,False,1661.0,-42.0,-0.7926023778071334,2020-11-25,False,False,5.992407407407407,True
281990,018d937f-0a74-71e4-ac4c-a73a341db1a6,CA,2020-12-22 19:02:03,10.99,43.99,75.0,CAD,61,2016-05-09,52.99,CAD,CA,True,False,False,False,False,False,False,1688.0,-42.0,-0.7926023778071334,2020-12-22,False,False,13.994259259259259,True
281990,018d937f-0a74-71e4-ac4c-a73a341db1a6,CA,2021-02-04 18:21:20,10.99,43.99,75.0,CAD,61,2016-05-09,52.99,CAD,CA,True,False,False,False,False,False,False,1732.0,-42.0,-0.7926023778071334,2021-02-04,False,False,11.004513888888889,True
281990,018d937f-0a74-71e4-ac4c-a73a341db1a6,CA,2021-04-15 17:18:15,10.99,43.99,75.0,CAD,61,2016-05-09,52.99,CAD,CA,True,False,False,False,False,False,False,1802.0,-42.0,-0.7926023778071334,2021-04-15,False,False,4.060706018518519,True
281990,018d937f-0a74-71e4-ac4c-a73a341db1a6,CA,2021-05-20 18:03:26,10.99,43.99,75.0,CAD,61,2016-05-09,52.99,CAD,CA,True,False,False,False,False,False,False,1837.0,-42.0,-0.7926023778071334,2021-05-20,False,False,3.973240740740741,True
281990,018d937f-0a74-71e4-ac4c-a73a341db1a6,CA,2021-06-24 22:20:56,10.99,43.99,75.0,CAD,61,2016-05-09,52.99,CAD,CA,True,False,False,False,False,False,False,1872.0,-42.0,-0.7926023778071334,2021-06-24,False,False,13.792731481481482,True
281990,018d937f-0a74-71e4-ac4c-a73a341db1a6,CA,2021-09-14 17:35:55,10.99,43.99,75.0,CAD,61,2016-05-09,52.99,CAD,CA,True,False,False,False,False,False,False,1954.0,-42.0,-0.7926023778071334,2021-09-14,False,False,6.000358796296296,True
281990,018d937f-0a74-71e4-ac4c-a73a341db1a6,CA,2021-10-28 17:43:50,10.99,43.99,75.0,CAD,61,2016-05-09,52.99,CAD,CA,True,False,False,False,False,False,False,1998.0,-42.0,-0.7926023778071334,2021-10-28,False,False,4.041574074074074,True
281990,018d937f-0a74-71e4-ac4c-a73a341db1a6,CA,2021-11-22 18:34:28,10.99,43.99,75.0,CAD,61,2016-05-09,52.99,CAD,CA,True,False,False,False,False,False,False,2023.0,-42.0,-0.7926023778071334,2021-11-22,False,False,9.014305555555556,True
281990,018d937f-0a74-71e4-ac4c-a73a341db1a6,CA,2021-12-22 22:01:43,10.99,43.99,75.0,CAD,61,2016-05-09,52.99,CAD,CA,True,False,False,False,False,False,False,2053.0,-42.0,-0.7926023778071334,2021-12-22,False,False,13.848356481481481,True
281990,018d937f-0a74-71e4-ac4c-a73a341db1a6,CA,2022-01-27 19:04:07,10.99,43.99,75.0,CAD,61,2016-05-09,52.99,CAD,CA,True,False,False,False,False,False,False,2089.0,-42.0,-0.7926023778071334,2022-01-27,False,False,7.09099537037037,True
281990,018d937f-0a74-71e4-ac4c-a73a341db1a6,CA,2022-05-12 17:18:45,8.8,43.99,80.0,CAD,61,2016-05-09,52.99,CAD,CA,True,False,False,False,False,False,False,2194.0,-44.19,-0.8339309303642197,2022-05-12,False,False,11.005995370370371,True
281990,018d937f-0a74-71e4-ac4c-a73a341db1a6,CA,2022-06-23 17:55:17,12.49,49.99,75.0,CAD,61,2016-05-09,52.99,CAD,CA,True,False,False,False,False,False,False,2236.0,-40.5,-0.7642951500283073,2022-06-23,False,False,13.971388888888889,True
281990,018d937f-0a74-71e4-ac4c-a73a341db1a6,CA,2022-09-19 17:45:25,12.49,49.99,75.0,CAD,61,2016-05-09,52.99,CAD,CA,True,False,False,False,False,False,False,2324.0,-40.5,-0.7642951500283073,2022-09-19,False,False,2.982685185185185,True
281990,018d937f-0a74-71e4-ac4c-a73a341db1a6,CA,2022-10-25 17:50:22,12.49,49.99,75.0,CAD,61,2016-05-09,52.99,CAD,CA,True,False,False,False,False,False,False,2360.0,-40.5,-0.7642951500283073,2022-10-25,False,False,6.97900462962963,True
281990,018d937f-0a74-71e4-ac4c-a73a341db1a6,CA,2022-11-22 18:43:58,12.49,49.99,75.0,CAD,61,2016-05-09,52.99,CAD,CA,True,False,False,False,False,False,False,2388.0,-40.5,-0.7642951500283073,2022-11-22,False,False,7.030798611111111,True
281990,018d937f-0a74-71e4-ac4c-a73a341db1a6,CA,2022-12-22 19:04:24,12.49,49.99,75.0,CAD,61,2016-05-09,52.99,CAD,CA,True,False,False,False,False,False,False,2418.0,-40.5,-0.7642951500283073,2022-12-22,False,False,14.093564814814815,True
281990,018d937f-0a74-71e4-ac4c-a73a341db1a6,CA,2023-03-14 18:09:10,12.49,49.99,75.0,CAD,61,2016-05-09,52.99,CAD,CA,True,False,False,False,False,False,False,2500.0,-40.5,-0.7642951500283073,2023-03-14,False,False,9.031898148148148,True
281990,018d937f-0a74-71e4-ac4c-a73a341db1a6,CA,2023-05-09 17:03:17,12.49,49.99,75.0,CAD,61,2016-05-09,52.99,CAD,CA,True,False,False,False,False,False,False,2556.0,-40.5,-0.7642951500283073,2023-05-09,False,False,9.011296296296296,True
281990,018d937f-0a74-71e4-ac4c-a73a341db1a6,CA,2023-06-22 17:19:19,12.49,49.99,75.0,CAD,61,2016-05-09,52.99,CAD,CA,True,False,False,False,False,False,False,2600.0,-40.5,-0.7642951500283073,2023-06-22,False,False,3.997199074074074,True
281990,018d937f-0a74-71e4-ac4c-a73a341db1a6,CA,2023-06-29 19:06:44,12.49,49.99,75.0,CAD,61,2016-05-09,52.99,CAD,CA,True,False,False,False,False,False,False,2607.0,-40.5,-0.7642951500283073,2023-06-29,False,False,13.919456018518519,True
281990,018d937f-0a74-71e4-ac4c-a73a341db1a6,CA,2023-08-28 17:33:43,14.99,49.99,70.0,CAD,61,2016-05-09,52.99,CAD,CA,True,False,False,False,False,False,False,2667.0,-38.0,-0.717116437063597,2023-08-28,False,False,7.008055555555556,True
281990,018d937f-0a74-71e4-ac4c-a73a341db1a6,CA,2023-11-16 18:09:09,14.99,49.99,70.0,CAD,61,2016-05-09,52.99,CAD,CA,True,False,False,False,False,False,False,2747.0,-38.0,-0.717116437063597,2023-11-16,False,False,12.003194444444444,True
281990,018d937f-0a74-71e4-ac4c-a73a341db1a6,CA,2023-12-21 18:15:01,14.99,49.99,70.0,CAD,61,2016-05-09,52.99,CAD,CA,True,False,False,False,False,False,False,2782.0,-38.0,-0.717116437063597,2023-12-21,False,False,14.008854166666667,True
281990,018d937f-0a74-71e4-ac4c-a73a341db1a6,CA,2024-01-17 17:18:56,52.99,52.99,0.0,CAD,61,2016-05-09,52.99,CAD,CA,False,False,False,True,False,False,False,2809.0,0.0,0.0,2024-01-17,False,False,,False
281990,018d937f-0a74-71e4-ac4c-a73a341db1a6,CA,2024-03-14 17:19:08,15.89,52.99,70.0,CAD,61,2016-05-09,52.99,CAD,CA,True,False,False,False,False,False,False,2866.0,-37.1,-0.7001321003963012,2024-03-14,False,False,7.000393518518519,True
281990,018d937f-0a74-71e4-ac4c-a73a341db1a6,CA,2024-05-07 17:15:26,15.89,52.99,70.0,CAD,61,2016-05-09,52.99,CAD,CA,True,False,False,False,False,False,False,2920.0,-37.1,-0.7001321003963012,2024-05-07,False,False,13.000763888888889,True
281990,018d937f-0a74-71e4-ac4c-a73a341db1a6,CA,2024-06-20 17:15:33,15.89,52.99,70.0,CAD,61,2016-05-09,52.99,CAD,CA,True,False,False,False,False,False,False,2964.0,-37.1,-0.7001321003963012,2024-06-20,False,False,21.002754629629628,True
281990,018d937f-0a74-71e4-ac4c-a73a341db1a6,CA,2024-09-02 17:17:43,13.24,52.99,75.0,CAD,61,2016-05-09,52.99,CAD,CA,True,False,False,False,False,False,False,3038.0,-39.75,-0.7501415361388941,2024-09-02,False,False,14.005590277777777,True
281990,018d937f-0a74-71e4-ac4c-a73a341db1a6,CA,2024-10-29 17:18:53,13.24,52.99,75.0,CAD,61,2016-05-09,52.99,CAD,CA,True,False,False,False,False,False,False,3095.0,-39.75,-0.7501415361388941,2024-10-29,False,False,8.999537037037037,True
281990,018d937f-0a74-71e4-ac4c-a73a341db1a6,CA,2024-11-27 21:02:15,13.24,52.99,75.0,CAD,61,2016-05-09,52.99,CAD,CA,True,False,False,False,False,False,False,3124.0,-39.75,-0.7501415361388941,2024-11-27,False,False,6.887685185185185,True
281990,018d937f-0a74-71e4-ac4c-a73a341db1a6,CA,2024-12-19 19:43:52,5.29,52.99,90.0,CAD,61,2016-05-09,52.99,CAD,CA,True,False,False,False,False,False,False,3146.0,-47.7,-0.9001698433666729,2024-12-19,False,False,13.94042824074074,True
281990,018d937f-0a74-71e4-ac4c-a73a341db1a6,CA,2025-01-20 18:21:05,13.24,52.99,75.0,CAD,61,2016-05-09,52.99,CAD,CA,True,False,False,False,False,False,False,3178.0,-39.75,-0.7501415361388941,2025-01-20,False,False,7.011446759259259,True
281990,018d937f-0a74-71e4-ac4c-a73a341db1a6,CA,2025-03-13 19:03:30,13.24,52.99,75.0,CAD,61,2016-05-09,52.99,CAD,CA,True,False,False,False,False,False,False,3230.0,-39.75,-0.7501415361388941,2025-03-13,False,False,6.927569444444444,True
281990,018d937f-0a74-71e4-ac4c-a73a341db1a6,CA,2025-03-24 17:16:09,13.24,52.99,75.0,CAD,61,2016-05-09,52.99,CAD,CA,True,False,False,False,False,False,False,3241.0,-39.75,-0.7501415361388941,2025-03-24,False,False,7.0066898148148145,True
281990,018d937f-0a74-71e4-ac4c-a73a341db1a6,CA,2025-05-05 17:33:07,13.24,52.99,75.0,CAD,61,2016-05-09,52.99,CAD,CA,True,False,False,False,False,False,False,3283.0,-39.75,-0.7501415361388941,2025-05-05,False,False,14.007418981481482,True
281990,018d937f-0a74-71e4-ac4c-a73a341db1a6,CA,2025-06-26 21:13:53,13.24,52.99,75.0,CAD,61,2016-05-09,52.99,CAD,CA,True,False,False,False,False,False,False,3335.0,-39.75,-0.7501415361388941,2025-06-26,False,False,13.837581018518518,True
281990,018d937f-0a74-71e4-ac4c-a73a341db1a6,CA,2025-08-11 17:17:13,13.24,52.99,75.0,CAD,61,2016-05-09,52.99,CAD,CA,True,False,False,False,False,False,False,3381.0,-39.75,-0.7501415361388941,2025-08-11,False,False,6.999050925925926,True
281990,018d937f-0a74-71e4-ac4c-a73a341db1a6,CA,2025-09-22 17:22:38,13.24,52.99,75.0,CAD,61,2016-05-09,52.99,CAD,CA,True,False,False,False,False,False,False,3423.0,-39.75,-0.7501415361388941,2025-09-22,False,False,13.997604166666667,True
281990,018d937f-0a74-71e4-ac4c-a73a341db1a6,CN,2016-06-23 17:24:12,100.0,112.0,11.0,CNY,61,2016-05-09,168.0,CNY,CN,True,False,False,False,False,False,False,45.0,-68.0,-0.40476190476190477,2016-06-23,False,False,11.007222222222222,True
281990,018d937f-0a74-71e4-ac4c-a73a341db1a6,CN,2016-09-01 18:46:32,89.0,112.0,21.0,CNY,61,2016-05-09,168.0,CNY,CN,True,False,False,False,False,False,False,115.0,-79.0,-0.47023809523809523,2016-09-01,False,False,3.999976851851852,True
281990,018d937f-0a74-71e4-ac4c-a73a341db1a6,CN,2016-09-13 18:16:33,89.0,112.0,21.0,CNY,61,2016-05-09,168.0,CNY,CN,True,False,False,False,False,False,False,127.0,-79.0,-0.47023809523809523,2016-09-13,False,False,2.9998958333333334,True
281990,018d937f-0a74-71e4-ac4c-a73a341db1a6,CN,2016-10-20 18:16:59,84.0,112.0,25.0,CNY,61,2016-05-09,168.0,CNY,CN,True,False,False,False,False,False,False,164.0,-84.0,-0.5,2016-10-20,False,False,3.9789814814814815,True
281990,018d937f-0a74-71e4-ac4c-a73a341db1a6,CN,2016-10-28 18:46:21,84.0,112.0,25.0,CNY,61,2016-05-09,168.0,CNY,CN,True,False,False,False,False,False,False,172.0,-84.0,-0.5,2016-10-28,False,False,4.021365740740741,True
281990,018d937f-0a74-71e4-ac4c-a73a341db1a6,CN,2016-11-23 20:46:55,75.0,112.0,33.0,CNY,61,2016-05-09,168.0,CNY,CN,True,False,False,False,False,False,False,198.0,-93.0,-0.5535714285714286,2016-11-23,False,False,5.979629629629629,True
281990,018d937f-0a74-71e4-ac4c-a73a341db1a6,CN,2016-12-22 19:17:14,53.0,133.0,60.0,CNY,61,2016-05-09,168.0,CNY,CN,True,False,False,False,False,False,False,227.0,-115.0,-0.6845238095238095,2016-12-22,False,False,10.980011574074075,True
281990,018d937f-0a74-71e4-ac4c-a73a341db1a6,CN,2016-12-23 07:16:31,75.0,112.0,33.0,CNY,61,2016-05-09,168.0,CNY,CN,True,False,False,False,False,False,False,228.0,-93.0,-0.5535714285714286,2016-12-23,False,False,,False
281990,018d937f-0a74-71e4-ac4c-a73a341db1a6,CN,2017-01-17 20:46:45,75.0,112.0,33.0,CNY,61,2016-05-09,168.0,CNY,CN,True,False,False,False,False,False,False,253.0,-93.0,-0.5535714285714286,2017-01-17,False,False,3.000185185185185,True
281990,018d937f-0a74-71e4-ac4c-a73a341db1a6,CN,2017-04-06 20:16:48,67.0,112.0,40.0,CNY,61,2016-05-09,168.0,CNY,CN,True,False,False,False,False,False,False,332.0,-101.0,-0.6011904761904762,2017-04-06,False,False,3.895590277777778,True
281990,018d937f-0a74-71e4-ac4c-a73a341db1a6,CN,2017-05-09 19:46:02,67.0,112.0,40.0,CNY,61,2016-05-09,168.0,CNY,CN,True,False,False,False,False,False,False,365.0,-101.0,-0.6011904761904762,2017-05-09,False,False,5.020752314814815,True
281990,018d937f-0a74-71e4-ac4c-a73a341db1a6,CN,2017-05-23 15:46:01,165.0,165.0,0.0,CNY,61,2016-05-09,168.0,CNY,CN,False,False,False,True,False,False,False,379.0,-3.0,-0.017857142857142905,2017-05-23,False,False,,False
281990,018d937f-0a74-71e4-ac4c-a73a341db1a6,CN,2017-06-22 22:16:26,82.0,165.0,50.0,CNY,61,2016-05-09,168.0,CNY,CN,True,False,False,False,False,False,False,409.0,-86.0,-0.5119047619047619,2017-06-22,False,False,12.814085648148149,True
281990,018d937f-0a74-71e4-ac4c-a73a341db1a6,CN,2017-07-05 20:46:11,112.0,112.0,0.0,CNY,61,2016-05-09,168.0,CNY,CN,False,False,False,True,False,False,False,422.0,-56.0,-0.33333333333333337,2017-07-05,False,False,,False
281990,018d937f-0a74-71e4-ac4c-a73a341db1a6,CN,2017-09-21 17:46:26,44.0,112.0,61.0,CNY,61,2016-05-09,168.0,CNY,CN,True,False,False,False,False,False,False,500.0,-124.0,-0.7380952380952381,2017-09-21,False,False,4.062754629629629,True
281990,018d937f-0a74-71e4-ac4c-a73a341db1a6,CN,2017-10-26 20:16:34,44.0,112.0,61.0,CNY,61,2016-05-09,168.0,CNY,CN,True,False,False,False,False,False,False,535.0,-124.0,-0.7380952380952381,2017-10-26,False,False,5.937731481481482,True
281990,018d937f-0a74-71e4-ac4c-a73a341db1a6,CN,2017-11-22 22:16:31,44.0,112.0,61.0,CNY,61,2016-05-09,168.0,CNY,CN,True,False,False,False,False,False,False,562.0,-124.0,-0.7380952380952381,2017-11-22,False,False,5.855567129629629,True
281990,018d937f-0a74-71e4-ac4c-a73a341db1a6,CN,2017-12-07 15:46:28,44.0,112.0,61.0,CNY,61,2016-05-09,168.0,CNY,CN,True,False,False,False,False,False,False,577.0,-124.0,-0.7380952380952381,2017-12-07,False,False,4.041539351851852,True
281990,018d937f-0a74-71e4-ac4c-a73a341db1a6,CN,2017-12-21 20:46:22,44.0,112.0,61.0,CNY,61,2016-05-09,168.0,CNY,CN,True,False,False,False,False,False,False,591.0,-124.0,-0.7380952380952381,2017-12-21,False,False,14.041608796296297,True
281990,018d937f-0a74-71e4-ac4c-a73a341db1a6,CN,2018-02-15 19:03:16,44.0,112.0,61.0,CNY,61,2016-05-09,168.0,CNY,CN,True,False,False,False,False,False,False,647.0,-124.0,-0.7380952380952381,2018-02-15,False,False,4.143958333333333,True
281990,018d937f-0a74-71e4-ac4c-a73a341db1a6,CN,2018-02-22 22:09:30,44.0,112.0,61.0,CNY,61,2016-05-09,168.0,CNY,CN,True,False,False,False,False,False,False,654.0,-124.0,-0.7380952380952381,2018-02-22,False,False,3.9169444444444443,True
281990,018d937f-0a74-71e4-ac4c-a73a341db1a6,CN,2018-05-17 19:33:21,44.0,112.0,61.0,CNY,61,2016-05-09,168.0,CNY,CN,True,False,False,False,False,False,False,738.0,-124.0,-0.7380952380952381,2018-05-17,False,False,8.043784722222222,True
281990,018d937f-0a74-71e4-ac4c-a73a341db1a6,CN,2018-05-31 13:52:52,39.99,39.99,0.0,CNY,61,2016-05-09,168.0,CNY,CN,False,False,False,True,False,False,False,752.0,-128.01,-0.7619642857142856,2018-05-31,False,False,,False
281990,018d937f-0a74-71e4-ac4c-a73a341db1a6,CN,2018-05-31 21:08:10,112.0,112.0,0.0,CNY,61,2016-05-09,168.0,CNY,CN,False,False,False,True,False,False,False,752.0,-56.0,-0.33333333333333337,2018-05-31,False,False,,False
281990,018d937f-0a74-71e4-ac4c-a73a341db1a6,CN,2018-06-21 18:12:42,44.0,112.0,61.0,CNY,61,2016-05-09,168.0,CNY,CN,True,False,False,False,False,False,False,773.0,-124.0,-0.7380952380952381,2018-06-21,False,False,14.04744212962963,True
281990,018d937f-0a74-71e4-ac4c-a73a341db1a6,CN,2018-09-06 19:47:49,44.0,112.0,61.0,CNY,61,2016-05-09,168.0,CNY,CN,True,False,False,False,False,False,False,850.0,-124.0,-0.7380952380952381,2018-09-06,False,False,3.9955902777777776,True
281990,018d937f-0a74-71e4-ac4c-a73a341db1a6,CN,2018-10-29 17:30:51,44.0,112.0,61.0,CNY,61,2016-05-09,168.0,CNY,CN,True,False,False,False,False,False,False,903.0,-124.0,-0.7380952380952381,2018-10-29,False,False,3.011226851851852,True
281990,018d937f-0a74-71e4-ac4c-a73a341db1a6,CN,2018-11-21 22:29:58,44.0,112.0,61.0,CNY,61,2016-05-09,168.0,CNY,CN,True,False,False,False,False,False,False,926.0,-124.0,-0.7380952380952381,2018-11-21,False,False,6.021412037037037,True
281990,018d937f-0a74-71e4-ac4c-a73a341db1a6,CN,2018-12-06 18:48:02,44.0,112.0,61.0,CNY,61,2016-05-09,168.0,CNY,CN,True,False,False,False,False,False,False,941.0,-124.0,-0.7380952380952381,2018-12-06,False,False,4.052094907407407,True
281990,018d937f-0a74-71e4-ac4c-a73a341db1a6,CN,2018-12-20 23:23:09,28.0,112.0,75.0,CNY,61,2016-05-09,168.0,CNY,CN,True,False,False,False,False,False,False,955.0,-140.0,-0.8333333333333334,2018-12-20,False,False,13.841770833333333,True
281990,018d937f-0a74-71e4-ac4c-a73a341db1a6,CN,2019-02-04 18:37:43,28.0,112.0,75.0,CNY,61,2016-05-09,168.0,CNY,CN,True,False,False,False,False,False,False,1001.0,-140.0,-0.8333333333333334,2019-02-04,False,False,7.1275,True
281990,018d937f-0a74-71e4-ac4c-a73a341db1a6,CN,2019-05-09 17:37:48,28.0,112.0,75.0,CNY,61,2016-05-09,168.0,CNY,CN,True,False,False,False,False,False,False,1095.0,-140.0,-0.8333333333333334,2019-05-09,False,False,3.988310185185185,True
281990,018d937f-0a74-71e4-ac4c-a73a341db1a6,CN,2019-05-30 18:14:41,28.0,112.0,75.0,CNY,61,2016-05-09,168.0,CNY,CN,True,False,False,False,False,False,False,1116.0,-140.0,-0.8333333333333334,2019-05-30,False,False,7.9825231481481485,True
281990,018d937f-0a74-71e4-ac4c-a73a341db1a6,CN,2019-06-25 19:03:37,28.0,112.0,75.0,CNY,61,2016-05-09,168.0,CNY,CN,True,False,False,False,False,False,False,1142.0,-140.0,-0.8333333333333334,2019-06-25,False,False,14.073773148148149,True
281990,018d937f-0a74-71e4-ac4c-a73a341db1a6,CN,2019-07-18 16:59:00,28.0,112.0,75.0,CNY,61,2016-05-09,168.0,CNY,CN,True,False,False,False,False,False,False,1165.0,-140.0,-0.8333333333333334,2019-07-18,False,False,4.091585648148148,True
281990,018d937f-0a74-71e4-ac4c-a73a341db1a6,CN,2019-10-17 17:21:22,28.0,112.0,75.0,CNY,61,2016-05-09,168.0,CNY,CN,True,False,False,False,False,False,False,1256.0,-140.0,-0.8333333333333334,2019-10-17,False,False,8.000046296296297,True
281990,018d937f-0a74-71e4-ac4c-a73a341db1a6,CN,2019-11-26 18:10:42,28.0,112.0,75.0,CNY,61,2016-05-09,168.0,CNY,CN,True,False,False,False,False,False,False,1296.0,-140.0,-0.8333333333333334,2019-11-26,False,False,7.0086458333333335,True
281990,018d937f-0a74-71e4-ac4c-a73a341db1a6,CN,2019-12-19 18:27:44,28.0,112.0,75.0,CNY,61,2016-05-09,168.0,CNY,CN,True,False,False,False,False,False,False,1319.0,-140.0,-0.8333333333333334,2019-12-19,False,False,14.009953703703705,True
281990,018d937f-0a74-71e4-ac4c-a73a341db1a6,CN,2020-01-23 18:34:44,28.0,112.0,75.0,CNY,61,2016-05-09,168.0,CNY,CN,True,False,False,False,False,False,False,1354.0,-140.0,-0.8333333333333334,2020-01-23,False,False,3.9966550925925928,True
281990,018d937f-0a74-71e4-ac4c-a73a341db1a6,CN,2020-03-17 09:07:24,28.0,112.0,75.0,CNY,61,2016-05-09,168.0,CNY,CN,True,False,False,False,False,False,False,1408.0,-140.0,-0.8333333333333334,2020-03-17,False,False,3.3431712962962963,True
281990,018d937f-0a74-71e4-ac4c-a73a341db1a6,CN,2020-05-12 08:21:21,28.0,112.0,75.0,CNY,61,2016-05-09,168.0,CNY,CN,True,False,False,False,False,False,False,1464.0,-140.0,-0.8333333333333334,2020-05-12,False,False,6.3755902777777775,True
281990,018d937f-0a74-71e4-ac4c-a73a341db1a6,CN,2020-05-13 18:09:05,28.0,112.0,75.0,CNY,61,2016-05-09,168.0,CNY,CN,True,False,False,False,False,False,False,1465.0,-140.0,-0.8333333333333334,2020-05-13,False,False,,False
281990,018d937f-0a74-71e4-ac4c-a73a341db1a6,CN,2020-05-16 18:00:19,28.0,112.0,75.0,CNY,61,2016-05-09,168.0,CNY,CN,True,False,False,False,False,False,False,1468.0,-140.0,-0.8333333333333334,2020-05-16,False,False,,False
281990,018d937f-0a74-71e4-ac4c-a73a341db1a6,CN,2020-06-25 18:26:05,28.0,112.0,75.0,CNY,61,2016-05-09,168.0,CNY,CN,True,False,False,False,False,False,False,1508.0,-140.0,-0.8333333333333334,2020-06-25,False,False,13.962175925925926,True
281990,018d937f-0a74-71e4-ac4c-a73a341db1a6,CN,2020-09-24 17:21:55,28.0,112.0,75.0,CNY,61,2016-05-09,168.0,CNY,CN,True,False,False,False,False,False,False,1599.0,-140.0,-0.8333333333333334,2020-09-24,False,False,4.000219907407407,True
281990,018d937f-0a74-71e4-ac4c-a73a341db1a6,CN,2020-10-29 17:00:57,28.0,112.0,75.0,CNY,61,2016-05-09,168.0,CNY,CN,True,False,False,False,False,False,False,1634.0,-140.0,-0.8333333333333334,2020-10-29,False,False,4.0604861111111115,True
281990,018d937f-0a74-71e4-ac4c-a73a341db1a6,CN,2020-11-25 18:31:05,28.0,112.0,75.0,CNY,61,2016-05-09,168.0,CNY,CN,True,False,False,False,False,False,False,1661.0,-140.0,-0.8333333333333334,2020-11-25,False,False,5.993449074074074,True
281990,018d937f-0a74-71e4-ac4c-a73a341db1a6,CN,2020-12-22 18:59:05,28.0,112.0,75.0,CNY,61,2016-05-09,168.0,CNY,CN,True,False,False,False,False,False,False,1688.0,-140.0,-0.8333333333333334,2020-12-22,False,False,13.993831018518518,True
281990,018d937f-0a74-71e4-ac4c-a73a341db1a6,CN,2021-02-04 18:21:16,28.0,112.0,75.0,CNY,61,2016-05-09,168.0,CNY,CN,True,False,False,False,False,False,False,1732.0,-140.0,-0.8333333333333334,2021-02-04,False,False,11.00400462962963,True
281990,018d937f-0a74-71e4-ac4c-a73a341db1a6,CN,2021-04-15 17:18:18,28.0,112.0,75.0,CNY,61,2016-05-09,168.0,CNY,CN,True,False,False,False,False,False,False,1802.0,-140.0,-0.8333333333333334,2021-04-15,False,False,4.0642708333333335,True
281990,018d937f-0a74-71e4-ac4c-a73a341db1a6,CN,2021-05-20 17:18:59,28.0,112.0,75.0,CNY,61,2016-05-09,168.0,CNY,CN,True,False,False,False,False,False,False,1837.0,-140.0,-0.8333333333333334,2021-05-20,False,False,4.00412037037037,True
281990,018d937f-0a74-71e4-ac4c-a73a341db1a6,CN,2021-06-24 22:18:07,28.0,112.0,75.0,CNY,61,2016-05-09,168.0,CNY,CN,True,False,False,False,False,False,False,1872.0,-140.0,-0.8333333333333334,2021-06-24,False,False,13.794722222222223,True
281990,018d937f-0a74-71e4-ac4c-a73a341db1a6,CN,2021-09-14 17:21:46,28.0,112.0,75.0,CNY,61,2016-05-09,168.0,CNY,CN,True,False,False,False,False,False,False,1954.0,-140.0,-0.8333333333333334,2021-09-14,False,False,48.031597222222224,True
281990,018d937f-0a74-71e4-ac4c-a73a341db1a6,CN,2021-11-22 18:39:23,28.0,112.0,75.0,CNY,61,2016-05-09,168.0,CNY,CN,True,False,False,False,False,False,False,2023.0,-140.0,-0.8333333333333334,2021-11-22,False,False,9.085625,True
281990,018d937f-0a74-71e4-ac4c-a73a341db1a6,CN,2021-12-22 21:53:18,28.0,112.0,75.0,CNY,61,2016-05-09,168.0,CNY,CN,True,False,False,False,False,False,False,2053.0,-140.0,-0.8333333333333334,2021-12-22,False,False,13.862280092592593,True
281990,018d937f-0a74-71e4-ac4c-a73a341db1a6,CN,2022-01-27 18:16:57,28.0,112.0,75.0,CNY,61,2016-05-09,168.0,CNY,CN,True,False,False,False,False,False,False,2089.0,-140.0,-0.8333333333333334,2022-01-27,False,False,7.003506944444444,True
281990,018d937f-0a74-71e4-ac4c-a73a341db1a6,CN,2022-05-12 17:18:18,22.4,112.0,80.0,CNY,61,2016-05-09,168.0,CNY,CN,True,False,False,False,False,False,False,2194.0,-145.6,-0.8666666666666667,2022-05-12,False,False,10.99394675925926,True
281990,018d937f-0a74-71e4-ac4c-a73a341db1a6,CN,2022-05-23 17:21:27,148.0,148.0,0.0,CNY,61,2016-05-09,168.0,CNY,CN,False,False,False,True,False,False,False,2205.0,-20.0,-0.11904761904761907,2022-05-23,False,False,,False
281990,018d937f-0a74-71e4-ac4c-a73a341db1a6,CN,2022-06-23 22:43:05,37.0,148.0,75.0,CNY,61,2016-05-09,168.0,CNY,CN,True,False,False,False,False,False,False,2236.0,-131.0,-0.7797619047619048,2022-06-23,False,False,13.777650462962963,True
281990,018d937f-0a74-71e4-ac4c-a73a341db1a6,CN,2022-09-19 17:09:22,37.0,148.0,75.0,CNY,61,2016-05-09,168.0,CNY,CN,True,False,False,False,False,False,False,2324.0,-131.0,-0.7797619047619048,2022-09-19,False,False,2.995787037037037,True
281990,018d937f-0a74-71e4-ac4c-a73a341db1a6,CN,2022-10-25 17:49:23,37.0,148.0,75.0,CNY,61,2016-05-09,168.0,CNY,CN,True,False,False,False,False,False,False,2360.0,-131.0,-0.7797619047619048,2022-10-25,False,False,6.980127314814815,True
281990,018d937f-0a74-71e4-ac4c-a73a341db1a6,CN,2022-11-22 18:55:15,37.0,148.0,75.0,CNY,61,2016-05-09,168.0,CNY,CN,True,False,False,False,False,False,False,2388.0,-131.0,-0.7797619047619048,2022-11-22,False,False,6.973101851851852,True
281990,018d937f-0a74-71e4-ac4c-a73a341db1a6,CN,2022-12-22 21:43:00,37.0,148.0,75.0,CNY,61,2016-05-09,168.0,CNY,CN,True,False,False,False,False,False,False,2418.0,-131.0,-0.7797619047619048,2022-12-22,False,False,13.875092592592592,True
281990,018d937f-0a74-71e4-ac4c-a73a341db1a6,CN,2023-03-14 18:18:39,37.0,148.0,75.0,CNY,61,2016-05-09,168.0,CNY,CN,True,False,False,False,False,False,False,2500.0,-131.0,-0.7797619047619048,2023-03-14,False,False,9.135358796296297,True
281990,018d937f-0a74-71e4-ac4c-a73a341db1a6,CN,2023-05-09 17:09:09,37.0,148.0,75.0,CNY,61,2016-05-09,168.0,CNY,CN,True,False,False,False,False,False,False,2556.0,-131.0,-0.7797619047619048,2023-05-09,False,False,9.007581018518518,True
281990,018d937f-0a74-71e4-ac4c-a73a341db1a6,CN,2023-06-22 17:15:15,37.0,148.0,75.0,CNY,61,2016-05-09,168.0,CNY,CN,True,False,False,False,False,False,False,2600.0,-131.0,-0.7797619047619048,2023-06-22,False,False,4.002106481481482,True
281990,018d937f-0a74-71e4-ac4c-a73a341db1a6,CN,2023-06-29 22:51:46,37.0,148.0,75.0,CNY,61,2016-05-09,168.0,CNY,CN,True,False,False,False,False,False,False,2607.0,-131.0,-0.7797619047619048,2023-06-29,False,False,13.800324074074075,True
281990,018d937f-0a74-71e4-ac4c-a73a341db1a6,CN,2023-08-28 17:28:17,44.4,148.0,70.0,CNY,61,2016-05-09,168.0,CNY,CN,True,False,False,False,False,False,False,2667.0,-123.6,-0.7357142857142858,2023-08-28,False,False,6.984837962962963,True
281990,018d937f-0a74-71e4-ac4c-a73a341db1a6,CN,2023-11-16 18:19:29,44.4,148.0,70.0,CNY,61,2016-05-09,168.0,CNY,CN,True,False,False,False,False,False,False,2747.0,-123.6,-0.7357142857142858,2023-11-16,False,False,12.023483796296297,True
281990,018d937f-0a74-71e4-ac4c-a73a341db1a6,CN,2023-12-22 00:31:10,44.4,148.0,70.0,CNY,61,2016-05-09,168.0,CNY,CN,True,False,False,False,False,False,False,2783.0,-123.6,-0.7357142857142858,2023-12-22,False,False,13.749791666666667,True
281990,018d937f-0a74-71e4-ac4c-a73a341db1a6,CN,2024-01-17 17:18:56,188.0,188.0,0.0,CNY,61,2016-05-09,168.0,CNY,CN,False,False,False,True,False,False,False,2809.0,20.0,0.11904761904761907,2024-01-17,False,False,,False
281990,018d937f-0a74-71e4-ac4c-a73a341db1a6,CN,2024-03-14 17:17:02,56.4,188.0,70.0,CNY,61,2016-05-09,168.0,CNY,CN,True,False,False,False,False,False,False,2866.0,-111.6,-0.6642857142857144,2024-03-14,False,False,6.999826388888889,True
281990,018d937f-0a74-71e4-ac4c-a73a341db1a6,CN,2024-05-07 17:18:20,56.4,188.0,70.0,CNY,61,2016-05-09,168.0,CNY,CN,True,False,False,False,False,False,False,2920.0,-111.6,-0.6642857142857144,2024-05-07,False,False,12.998275462962964,True
281990,018d937f-0a74-71e4-ac4c-a73a341db1a6,CN,2024-06-20 17:15:27,56.4,188.0,70.0,CNY,61,2016-05-09,168.0,CNY,CN,True,False,False,False,False,False,False,2964.0,-111.6,-0.6642857142857144,2024-06-20,False,False,21.002824074074073,True
281990,018d937f-0a74-71e4-ac4c-a73a341db1a6,CN,2024-09-02 17:16:32,47.0,188.0,75.0,CNY,61,2016-05-09,168.0,CNY,CN,True,False,False,False,False,False,False,3038.0,-121.0,-0.7202380952380952,2024-09-02,False,False,14.001145833333334,True
281990,018d937f-0a74-71e4-ac4c-a73a341db1a6,CN,2024-10-29 17:15:51,47.0,188.0,75.0,CNY,61,2016-05-09,168.0,CNY,CN,True,False,False,False,False,False,False,3095.0,-121.0,-0.7202380952380952,2024-10-29,False,False,8.999930555555556,True
281990,018d937f-0a74-71e4-ac4c-a73a341db1a6,CN,2024-11-27 21:00:54,47.0,188.0,75.0,CNY,61,2016-05-09,168.0,CNY,CN,True,False,False,False,False,False,False,3124.0,-121.0,-0.7202380952380952,2024-11-27,False,False,6.887060185185185,True
281990,018d937f-0a74-71e4-ac4c-a73a341db1a6,CN,2024-12-19 19:45:35,18.8,188.0,90.0,CNY,61,2016-05-09,168.0,CNY,CN,True,False,False,False,False,False,False,3146.0,-149.2,-0.888095238095238,2024-12-19,False,False,13.939189814814815,True
281990,018d937f-0a74-71e4-ac4c-a73a341db1a6,CN,2025-01-20 18:21:12,47.0,188.0,75.0,CNY,61,2016-05-09,168.0,CNY,CN,True,False,False,False,False,False,False,3178.0,-121.0,-0.7202380952380952,2025-01-20,False,False,7.011099537037037,True
281990,018d937f-0a74-71e4-ac4c-a73a341db1a6,CN,2025-01-28 08:30:18,168.0,168.0,0.0,CNY,61,2016-05-09,168.0,CNY,CN,False,False,False,True,False,False,False,3186.0,0.0,0.0,2025-01-28,False,False,,False
281990,018d937f-0a74-71e4-ac4c-a73a341db1a6,CN,2025-03-13 19:19:07,42.0,168.0,75.0,CNY,61,2016-05-09,168.0,CNY,CN,True,False,False,False,False,False,False,3230.0,-126.0,-0.75,2025-03-13,False,False,6.916585648148148,True
281990,018d937f-0a74-71e4-ac4c-a73a341db1a6,CN,2025-03-24 17:16:41,42.0,168.0,75.0,CNY,61,2016-05-09,168.0,CNY,CN,True,False,False,False,False,False,False,3241.0,-126.0,-0.75,2025-03-24,False,False,6.999618055555556,True
281990,018d937f-0a74-71e4-ac4c-a73a341db1a6,CN,2025-05-05 17:35:38,42.0,168.0,75.0,CNY,61,2016-05-09,168.0,CNY,CN,True,False,False,False,False,False,False,3283.0,-126.0,-0.75,2025-05-05,False,False,14.00763888888889,True
281990,018d937f-0a74-71e4-ac4c-a73a341db1a6,CN,2025-06-26 21:19:17,42.0,168.0,75.0,CNY,61,2016-05-09,168.0,CNY,CN,True,False,False,False,False,False,False,3335.0,-126.0,-0.75,2025-06-26,False,False,13.833657407407408,True
281990,018d937f-0a74-71e4-ac4c-a73a341db1a6,CN,2025-08-11 17:18:19,42.0,168.0,75.0,CNY,61,2016-05-09,168.0,CNY,CN,True,False,False,False,False,False,False,3381.0,-126.0,-0.75,2025-08-11,False,False,6.9992476851851855,True
281990,018d937f-0a74-71e4-ac4c-a73a341db1a6,CN,2025-09-22 17:22:44,42.0,168.0,75.0,CNY,61,2016-05-09,168.0,CNY,CN,True,False,False,False,False,False,False,3423.0,-126.0,-0.75,2025-09-22,False,False,13.998877314814814,True
281990,018d937f-0a74-71e4-ac4c-a73a341db1a6,DE,2016-06-23 17:54:40,35.99,39.99,10.0,EUR,61,2016-05-09,39.99,EUR,DE,True,False,False,False,False,False,False,45.0,-4.0,-0.10002500625156285,2016-06-23,False,False,10.989375,True
281990,018d937f-0a74-71e4-ac4c-a73a341db1a6,DE,2016-09-01 18:45:06,31.99,39.99,20.0,EUR,61,2016-05-09,39.99,EUR,DE,True,False,False,False,False,False,False,115.0,-8.000000000000004,-0.20005001250312582,2016-09-01,False,False,3.9791550925925927,True
281990,018d937f-0a74-71e4-ac4c-a73a341db1a6,DE,2016-09-13 17:45:04,31.99,39.99,20.0,EUR,61,2016-05-09,39.99,EUR,DE,True,False,False,False,False,False,False,127.0,-8.000000000000004,-0.20005001250312582,2016-09-13,False,False,3.0000115740740743,True
281990,018d937f-0a74-71e4-ac4c-a73a341db1a6,DE,2016-10-20 20:15:08,29.99,39.99,25.0,EUR,61,2016-05-09,39.99,EUR,DE,True,False,False,False,False,False,False,164.0,-10.000000000000004,-0.25006251562890736,2016-10-20,False,False,3.9166550925925927,True
281990,018d937f-0a74-71e4-ac4c-a73a341db1a6,DE,2016-10-28 18:15:03,29.99,39.99,25.0,EUR,61,2016-05-09,39.99,EUR,DE,True,False,False,False,False,False,False,172.0,-10.000000000000004,-0.25006251562890736,2016-10-28,False,False,4.062511574074074,True
281990,018d937f-0a74-71e4-ac4c-a73a341db1a6,DE,2016-11-23 18:15:13,26.79,39.99,33.0,EUR,61,2016-05-09,39.99,EUR,DE,True,False,False,False,False,False,False,198.0,-13.200000000000003,-0.33008252063015764,2016-11-23,False,False,6.104074074074074,True
281990,018d937f-0a74-71e4-ac4c-a73a341db1a6,DE,2016-12-22 21:15:06,19.99,49.99,60.0,EUR,61,2016-05-09,39.99,EUR,DE,True,False,False,False,False,False,False,227.0,-20.000000000000004,-0.5001250312578145,2016-12-22,False,False,11.02082175925926,True
281990,018d937f-0a74-71e4-ac4c-a73a341db1a6,DE,2016-12-23 03:15:08,26.79,39.99,33.0,EUR,61,2016-05-09,39.99,EUR,DE,True,False,False,False,False,False,False,228.0,-13.200000000000003,-0.33008252063015764,2016-12-23,False,False,,False
281990,018d937f-0a74-71e4-ac4c-a73a341db1a6,DE,2017-01-17 18:45:06,26.79,39.99,33.0,EUR,61,2016-05-09,39.99,EUR,DE,True,False,False,False,False,False,False,253.0,-13.200000000000003,-0.33008252063015764,2017-01-17,False,False,3.020891203703704,True
281990,018d937f-0a74-71e4-ac4c-a73a341db1a6,DE,2017-04-06 17:45:07,23.99,39.99,40.0,EUR,61,2016-05-09,39.99,EUR,DE,True,False,False,False,False,False,False,332.0,-16.000000000000004,-0.40010002500625164,2017-04-06,False,False,4.083310185185185,True
281990,018d937f-0a74-71e4-ac4c-a73a341db1a6,DE,2017-05-09 18:45:04,23.99,39.99,40.0,EUR,61,2016-05-09,39.99,EUR,DE,True,False,False,False,False,False,False,365.0,-16.000000000000004,-0.40010002500625164,2017-05-09,False,False,5.000011574074074,True
281990,018d937f-0a74-71e4-ac4c-a73a341db1a6,DE,2017-06-22 19:15:04,19.99,39.99,50.0,EUR,61,2016-05-09,39.99,EUR,DE,True,False,False,False,False,False,False,409.0,-20.000000000000004,-0.5001250312578145,2017-06-22,False,False,12.979166666666666,True
281990,018d937f-0a74-71e4-ac4c-a73a341db1a6,DE,2017-09-21 17:15:11,15.99,39.99,60.0,EUR,61,2016-05-09,39.99,EUR,DE,True,False,False,False,False,False,False,500.0,-24.0,-0.6001500375093773,2017-09-21,False,False,4.062430555555555,True
281990,018d937f-0a74-71e4-ac4c-a73a341db1a6,DE,2017-10-26 18:15:05,15.99,39.99,60.0,EUR,61,2016-05-09,39.99,EUR,DE,True,False,False,False,False,False,False,535.0,-24.0,-0.6001500375093773,2017-10-26,False,False,6.000081018518519,True
281990,018d937f-0a74-71e4-ac4c-a73a341db1a6,DE,2017-11-22 18:45:04,15.99,39.99,60.0,EUR,61,2016-05-09,39.99,EUR,DE,True,False,False,False,False,False,False,562.0,-24.0,-0.6001500375093773,2017-11-22,False,False,6.0000231481481485,True
281990,018d937f-0a74-71e4-ac4c-a73a341db1a6,DE,2017-12-07 14:15:13,15.99,39.99,60.0,EUR,61,2016-05-09,39.99,EUR,DE,True,False,False,False,False,False,False,577.0,-24.0,-0.6001500375093773,2017-12-07,False,False,4.0207291666666665,True
281990,018d937f-0a74-71e4-ac4c-a73a341db1a6,DE,2017-12-21 21:15:05,15.99,39.99,60.0,EUR,61,2016-05-09,39.99,EUR,DE,True,False,False,False,False,False,False,591.0,-24.0,-0.6001500375093773,2017-12-21,False,False,14.00005787037037,True
281990,018d937f-0a74-71e4-ac4c-a73a341db1a6,DE,2018-02-15 19:45:04,15.99,39.99,60.0,EUR,61,2016-05-09,39.99,EUR,DE,True,False,False,False,False,False,False,647.0,-24.0,-0.6001500375093773,2018-02-15,False,False,4.0000231481481485,True
281990,018d937f-0a74-71e4-ac4c-a73a341db1a6,DE,2018-02-22 19:45:06,15.99,39.99,60.0,EUR,61,2016-05-09,39.99,EUR,DE,True,False,False,False,False,False,False,654.0,-24.0,-0.6001500375093773,2018-02-22,False,False,4.0,True
281990,018d937f-0a74-71e4-ac4c-a73a341db1a6,DE,2018-05-17 18:15:08,15.99,39.99,60.0,EUR,61,2016-05-09,39.99,EUR,DE,True,False,False,False,False,False,False,738.0,-24.0,-0.6001500375093773,2018-05-17,False,False,8.166666666666666,True
281990,018d937f-0a74-71e4-ac4c-a73a341db1a6,DE,2018-06-21 20:03:06,15.99,39.99,60.0,EUR,61,2016-05-09,39.99,EUR,DE,True,False,False,False,False,False,False,773.0,-24.0,-0.6001500375093773,2018-06-21,False,False,13.910416666666666,True
281990,018d937f-0a74-71e4-ac4c-a73a341db1a6,DE,2018-09-06 17:23:05,15.99,39.99,60.0,EUR,61,2016-05-09,39.99,EUR,DE,True,False,False,False,False,False,False,850.0,-24.0,-0.6001500375093773,2018-09-06,False,False,3.9939467592592592,True
281990,018d937f-0a74-71e4-ac4c-a73a341db1a6,DE,2018-10-29 17:30:20,15.99,39.99,60.0,EUR,61,2016-05-09,39.99,EUR,DE,True,False,False,False,False,False,False,903.0,-24.0,-0.6001500375093773,2018-10-29,False,False,3.194803240740741,True
281990,018d937f-0a74-71e4-ac4c-a73a341db1a6,DE,2018-11-21 19:07:21,15.99,39.99,60.0,EUR,61,2016-05-09,39.99,EUR,DE,True,False,False,False,False,False,False,926.0,-24.0,-0.6001500375093773,2018-11-21,False,False,6.017430555555555,True
281990,018d937f-0a74-71e4-ac4c-a73a341db1a6,DE,2018-12-06 18:17:16,15.99,39.99,60.0,EUR,61,2016-05-09,39.99,EUR,DE,True,False,False,False,False,False,False,941.0,-24.0,-0.6001500375093773,2018-12-06,False,False,4.038287037037037,True
281990,018d937f-0a74-71e4-ac4c-a73a341db1a6,DE,2018-12-20 19:03:37,9.99,39.99,75.0,EUR,61,2016-05-09,39.99,EUR,DE,True,False,False,False,False,False,False,955.0,-30.0,-0.7501875468867216,2018-12-20,False,False,13.998645833333333,True
281990,018d937f-0a74-71e4-ac4c-a73a341db1a6,DE,2019-02-04 18:20:30,9.99,39.99,75.0,EUR,61,2016-05-09,39.99,EUR,DE,True,False,False,False,False,False,False,1001.0,-30.0,-0.7501875468867216,2019-02-04,False,False,7.030520833333333,True
281990,018d937f-0a74-71e4-ac4c-a73a341db1a6,DE,2019-02-14 19:06:02,49.99,49.99,0.0,EUR,61,2016-05-09,39.99,EUR,DE,False,False,False,True,False,False,False,1011.0,10.0,0.25006251562890713,2019-02-14,False,False,,False
281990,018d937f-0a74-71e4-ac4c-a73a341db1a6,DE,2019-02-17 19:11:42,39.99,39.99,0.0,EUR,61,2016-05-09,39.99,EUR,DE,False,False,False,True,False,False,False,1014.0,0.0,0.0,2019-02-17,False,False,,False
281990,018d937f-0a74-71e4-ac4c-a73a341db1a6,DE,2019-05-09 18:15:11,9.99,39.99,75.0,EUR,61,2016-05-09,39.99,EUR,DE,True,False,False,False,False,False,False,1095.0,-30.0,-0.7501875468867216,2019-05-09,False,False,3.9764351851851854,True
281990,018d937f-0a74-71e4-ac4c-a73a341db1a6,DE,2019-05-30 17:32:51,9.99,39.99,75.0,EUR,61,2016-05-09,39.99,EUR,DE,True,False,False,False,False,False,False,1116.0,-30.0,-0.7501875468867216,2019-05-30,False,False,7.993391203703704,True
281990,018d937f-0a74-71e4-ac4c-a73a341db1a6,DE,2019-06-25 17:53:04,9.99,39.99,75.0,EUR,61,2016-05-09,39.99,EUR,DE,True,False,False,False,False,False,False,1142.0,-30.0,-0.7501875468867216,2019-06-25,False,False,14.014351851851853,True
281990,018d937f-0a74-71e4-ac4c-a73a341db1a6,DE,2019-07-18 18:48:20,9.99,39.99,75.0,EUR,61,2016-05-09,39.99,EUR,DE,True,False,False,False,False,False,False,1165.0,-30.0,-0.7501875468867216,2019-07-18,False,False,3.980451388888889,True
281990,018d937f-0a74-71e4-ac4c-a73a341db1a6,DE,2019-10-17 17:21:11,9.99,39.99,75.0,EUR,61,2016-05-09,39.99,EUR,DE,True,False,False,False,False,False,False,1256.0,-30.0,-0.7501875468867216,2019-10-17,False,False,8.000081018518518,True
281990,018d937f-0a74-71e4-ac4c-a73a341db1a6,DE,2019-11-26 18:07:39,9.99,39.99,75.0,EUR,61,2016-05-09,39.99,EUR,DE,True,False,False,False,False,False,False,1296.0,-30.0,-0.7501875468867216,2019-11-26,False,False,7.018113425925926,True
281990,018d937f-0a74-71e4-ac4c-a73a341db1a6,DE,2019-12-10 18:21:24,9.99,39.99,75.0,EUR,61,2016-05-09,39.99,EUR,DE,True,False,False,False,False,False,False,1310.0,-30.0,-0.7501875468867216,2019-12-10,False,False,0.03179398148148148,True
281990,018d937f-0a74-71e4-ac4c-a73a341db1a6,DE,2019-12-19 18:30:56,9.99,39.99,75.0,EUR,61,2016-05-09,39.99,EUR,DE,True,False,False,False,False,False,False,1319.0,-30.0,-0.7501875468867216,2019-12-19,False,False,14.006319444444445,True
281990,018d937f-0a74-71e4-ac4c-a73a341db1a6,DE,2020-01-23 18:29:57,9.99,39.99,75.0,EUR,61,2016-05-09,39.99,EUR,DE,True,False,False,False,False,False,False,1354.0,-30.0,-0.7501875468867216,2020-01-23,False,False,3.9992824074074074,True
281990,018d937f-0a74-71e4-ac4c-a73a341db1a6,DE,2020-03-17 09:07:20,9.99,39.99,75.0,EUR,61,2016-05-09,39.99,EUR,DE,True,False,False,False,False,False,False,1408.0,-30.0,-0.7501875468867216,2020-03-17,False,False,3.3431712962962963,True
281990,018d937f-0a74-71e4-ac4c-a73a341db1a6,DE,2020-05-12 08:21:18,9.99,39.99,75.0,EUR,61,2016-05-09,39.99,EUR,DE,True,False,False,False,False,False,False,1464.0,-30.0,-0.7501875468867216,2020-05-12,False,False,6.3751388888888885,True
281990,018d937f-0a74-71e4-ac4c-a73a341db1a6,DE,2020-05-12 18:08:42,9.99,39.99,75.0,EUR,61,2016-05-09,39.99,EUR,DE,True,False,False,False,False,False,False,1464.0,-30.0,-0.7501875468867216,2020-05-12,False,False,,False
281990,018d937f-0a74-71e4-ac4c-a73a341db1a6,DE,2020-06-25 17:52:03,9.99,39.99,75.0,EUR,61,2016-05-09,39.99,EUR,DE,True,False,False,False,False,False,False,1508.0,-30.0,-0.7501875468867216,2020-06-25,False,False,13.981134259259258,True
281990,018d937f-0a74-71e4-ac4c-a73a341db1a6,DE,2020-09-24 17:21:44,9.99,39.99,75.0,EUR,61,2016-05-09,39.99,EUR,DE,True,False,False,False,False,False,False,1599.0,-30.0,-0.7501875468867216,2020-09-24,False,False,3.999652777777778,True
281990,018d937f-0a74-71e4-ac4c-a73a341db1a6,DE,2020-10-29 17:07:58,9.99,39.99,75.0,EUR,61,2016-05-09,39.99,EUR,DE,True,False,False,False,False,False,False,1634.0,-30.0,-0.7501875468867216,2020-10-29,False,False,4.055127314814815,True
281990,018d937f-0a74-71e4-ac4c-a73a341db1a6,DE,2020-11-25 18:24:33,9.99,39.99,75.0,EUR,61,2016-05-09,39.99,EUR,DE,True,False,False,False,False,False,False,1661.0,-30.0,-0.7501875468867216,2020-11-25,False,False,5.997997685185185,True
281990,018d937f-0a74-71e4-ac4c-a73a341db1a6,DE,2020-12-22 18:58:48,9.99,39.99,75.0,EUR,61,2016-05-09,39.99,EUR,DE,True,False,False,False,False,False,False,1688.0,-30.0,-0.7501875468867216,2020-12-22,False,False,13.997916666666667,True
281990,018d937f-0a74-71e4-ac4c-a73a341db1a6,DE,2021-02-04 18:21:19,9.99,39.99,75.0,EUR,61,2016-05-09,39.99,EUR,DE,True,False,False,False,False,False,False,1732.0,-30.0,-0.7501875468867216,2021-02-04,False,False,11.001076388888889,True
281990,018d937f-0a74-71e4-ac4c-a73a341db1a6,DE,2021-04-15 17:18:12,9.99,39.99,75.0,EUR,61,2016-05-09,39.99,EUR,DE,True,False,False,False,False,False,False,1802.0,-30.0,-0.7501875468867216,2021-04-15,False,False,4.0650462962962965,True
281990,018d937f-0a74-71e4-ac4c-a73a341db1a6,DE,2021-05-20 18:03:26,9.99,39.99,75.0,EUR,61,2016-05-09,39.99,EUR,DE,True,False,False,False,False,False,False,1837.0,-30.0,-0.7501875468867216,2021-05-20,False,False,3.9731828703703704,True
281990,018d937f-0a74-71e4-ac4c-a73a341db1a6,DE,2021-06-24 22:13:53,9.99,39.99,75.0,EUR,61,2016-05-09,39.99,EUR,DE,True,False,False,False,False,False,False,1872.0,-30.0,-0.7501875468867216,2021-06-24,False,False,13.800023148148147,True
281990,018d937f-0a74-71e4-ac4c-a73a341db1a6,DE,2021-09-14 17:36:15,9.99,39.99,75.0,EUR,61,2016-05-09,39.99,EUR,DE,True,False,False,False,False,False,False,1954.0,-30.0,-0.7501875468867216,2021-09-14,False,False,6.001064814814815,True
281990,018d937f-0a74-71e4-ac4c-a73a341db1a6,DE,2021-10-28 18:01:35,9.99,39.99,75.0,EUR,61,2016-05-09,39.99,EUR,DE,True,False,False,False,False,False,False,1998.0,-30.0,-0.7501875468867216,2021-10-28,False,False,4.006018518518519,True
281990,018d937f-0a74-71e4-ac4c-a73a341db1a6,DE,2021-11-22 18:39:19,9.99,39.99,75.0,EUR,61,2016-05-09,39.99,EUR,DE,True,False,False,False,False,False,False,2023.0,-30.0,-0.7501875468867216,2021-11-22,False,False,9.002534722222222,True
281990,018d937f-0a74-71e4-ac4c-a73a341db1a6,DE,2021-12-22 18:29:49,9.99,39.99,75.0,EUR,61,2016-05-09,39.99,EUR,DE,True,False,False,False,False,False,False,2053.0,-30.0,-0.7501875468867216,2021-12-22,False,False,14.0225,True
281990,018d937f-0a74-71e4-ac4c-a73a341db1a6,DE,2022-01-27 18:14:45,9.99,39.99,75.0,EUR,61,2016-05-09,39.99,EUR,DE,True,False,False,False,False,False,False,2089.0,-30.0,-0.7501875468867216,2022-01-27,False,False,7.026087962962963,True
281990,018d937f-0a74-71e4-ac4c-a73a341db1a6,DE,2022-05-12 17:09:14,8.0,39.99,80.0,EUR,61,2016-05-09,39.99,EUR,DE,True,False,False,False,False,False,False,2194.0,-31.990000000000002,-0.7999499874968743,2022-05-12,False,False,11.016782407407407,True
281990,018d937f-0a74-71e4-ac4c-a73a341db1a6,DE,2022-06-23 17:58:18,9.99,39.99,75.0,EUR,61,2016-05-09,39.99,EUR,DE,True,False,False,False,False,False,False,2236.0,-30.0,-0.7501875468867216,2022-06-23,False,False,13.969328703703704,True
281990,018d937f-0a74-71e4-ac4c-a73a341db1a6,DE,2022-09-19 17:33:24,9.99,39.99,75.0,EUR,61,2016-05-09,39.99,EUR,DE,True,False,False,False,False,False,False,2324.0,-30.0,-0.7501875468867216,2022-09-19,False,False,2.9908912037037036,True
281990,018d937f-0a74-71e4-ac4c-a73a341db1a6,DE,2022-10-25 17:50:53,9.99,39.99,75.0,EUR,61,2016-05-09,39.99,EUR,DE,True,False,False,False,False,False,False,2360.0,-30.0,-0.7501875468867216,2022-10-25,False,False,6.978796296296296,True
281990,018d937f-0a74-71e4-ac4c-a73a341db1a6,DE,2022-11-22 18:56:32,9.99,39.99,75.0,EUR,61,2016-05-09,39.99,EUR,DE,True,False,False,False,False,False,False,2388.0,-30.0,-0.7501875468867216,2022-11-22,False,False,6.9806944444444445,True
281990,018d937f-0a74-71e4-ac4c-a73a341db1a6,DE,2022-12-22 18:29:59,9.99,39.99,75.0,EUR,61,2016-05-09,39.99,EUR,DE,True,False,False,False,False,False,False,2418.0,-30.0,-0.7501875468867216,2022-12-22,False,False,14.009143518518519,True
281990,018d937f-0a74-71e4-ac4c-a73a341db1a6,DE,2023-03-14 18:12:08,9.99,39.99,75.0,EUR,61,2016-05-09,39.99,EUR,DE,True,False,False,False,False,False,False,2500.0,-30.0,-0.7501875468867216,2023-03-14,False,False,9.034918981481482,True
281990,018d937f-0a74-71e4-ac4c-a73a341db1a6,DE,2023-05-09 17:06:08,9.99,39.99,75.0,EUR,61,2016-05-09,39.99,EUR,DE,True,False,False,False,False,False,False,2556.0,-30.0,-0.7501875468867216,2023-05-09,False,False,9.006481481481481,True
281990,018d937f-0a74-71e4-ac4c-a73a341db1a6,DE,2023-06-22 17:19:39,9.99,39.99,75.0,EUR,61,2016-05-09,39.99,EUR,DE,True,False,False,False,False,False,False,2600.0,-30.0,-0.7501875468867216,2023-06-22,False,False,4.0056365740740745,True
281990,018d937f-0a74-71e4-ac4c-a73a341db1a6,DE,2023-06-29 17:59:20,9.99,9.99,0.0,EUR,61,2016-05-09,39.99,EUR,DE,False,False,False,True,False,False,False,2607.0,-30.0,-0.7501875468867216,2023-06-29,False,False,,False
281990,018d937f-0a74-71e4-ac4c-a73a341db1a6,DE,2023-07-13 17:43:16,39.99,39.99,0.0,EUR,61,2016-05-09,39.99,EUR,DE,False,False,False,True,False,False,False,2621.0,0.0,0.0,2023-07-13,False,False,,False
281990,018d937f-0a74-71e4-ac4c-a73a341db1a6,DE,2023-08-28 17:03:14,11.99,39.99,70.0,EUR,61,2016-05-09,39.99,EUR,DE,True,False,False,False,False,False,False,2667.0,-28.0,-0.7001750437609402,2023-08-28,False,False,7.008541666666667,True
281990,018d937f-0a74-71e4-ac4c-a73a341db1a6,DE,2023-11-16 18:03:22,11.99,39.99,70.0,EUR,61,2016-05-09,39.99,EUR,DE,True,False,False,False,False,False,False,2747.0,-28.0,-0.7001750437609402,2023-11-16,False,False,12.034664351851852,True
281990,018d937f-0a74-71e4-ac4c-a73a341db1a6,DE,2023-12-21 18:14:52,11.99,39.99,70.0,EUR,61,2016-05-09,39.99,EUR,DE,True,False,False,False,False,False,False,2782.0,-28.0,-0.7001750437609402,2023-12-21,False,False,14.01230324074074,True
281990,018d937f-0a74-71e4-ac4c-a73a341db1a6,DE,2024-03-14 17:16:14,11.99,39.99,70.0,EUR,61,2016-05-09,39.99,EUR,DE,True,False,False,False,False,False,False,2866.0,-28.0,-0.7001750437609402,2024-03-14,False,False,7.002268518518519,True
281990,018d937f-0a74-71e4-ac4c-a73a341db1a6,DE,2024-05-07 17:15:26,11.99,39.99,70.0,EUR,61,2016-05-09,39.99,EUR,DE,True,False,False,False,False,False,False,2920.0,-28.0,-0.7001750437609402,2024-05-07,False,False,13.000775462962963,True
281990,018d937f-0a74-71e4-ac4c-a73a341db1a6,DE,2024-06-20 17:15:42,11.99,39.99,70.0,EUR,61,2016-05-09,39.99,EUR,DE,True,False,False,False,False,False,False,2964.0,-28.0,-0.7001750437609402,2024-06-20,False,False,21.00267361111111,True
281990,018d937f-0a74-71e4-ac4c-a73a341db1a6,DE,2024-09-02 17:17:49,9.99,39.99,75.0,EUR,61,2016-05-09,39.99,EUR,DE,True,False,False,False,False,False,False,3038.0,-30.0,-0.7501875468867216,2024-09-02,False,False,14.000277777777777,True
281990,018d937f-0a74-71e4-ac4c-a73a341db1a6,DE,2024-10-29 17:15:53,9.99,39.99,75.0,EUR,61,2016-05-09,39.99,EUR,DE,True,False,False,False,False,False,False,3095.0,-30.0,-0.7501875468867216,2024-10-29,False,False,8.999513888888888,True
281990,018d937f-0a74-71e4-ac4c-a73a341db1a6,DE,2024-11-27 21:02:02,9.99,39.99,75.0,EUR,61,2016-05-09,39.99,EUR,DE,True,False,False,False,False,False,False,3124.0,-30.0,-0.7501875468867216,2024-11-27,False,False,6.886296296296297,True
281990,018d937f-0a74-71e4-ac4c-a73a341db1a6,DE,2024-12-19 22:53:23,3.99,39.99,90.0,EUR,61,2016-05-09,39.99,EUR,DE,True,False,False,False,False,False,False,3146.0,-36.0,-0.900225056264066,2024-12-19,False,False,13.810289351851852,True
281990,018d937f-0a74-71e4-ac4c-a73a341db1a6,DE,2025-01-20 18:43:41,9.99,39.99,75.0,EUR,61,2016-05-09,39.99,EUR,DE,True,False,False,False,False,False,False,3178.0,-30.0,-0.7501875468867216,2025-01-20,False,False,6.974050925925926,True
281990,018d937f-0a74-71e4-ac4c-a73a341db1a6,DE,2025-03-13 18:26:53,9.99,39.99,75.0,EUR,61,2016-05-09,39.99,EUR,DE,True,False,False,False,False,False,False,3230.0,-30.0,-0.7501875468867216,2025-03-13,False,False,6.952893518518518,True
281990,018d937f-0a74-71e4-ac4c-a73a341db1a6,DE,2025-03-24 17:16:42,9.99,39.99,75.0,EUR,61,2016-05-09,39.99,EUR,DE,True,False,False,False,False,False,False,3241.0,-30.0,-0.7501875468867216,2025-03-24,False,False,7.004201388888889,True
281990,018d937f-0a74-71e4-ac4c-a73a341db1a6,DE,2025-05-05 17:38:52,9.99,39.99,75.0,EUR,61,2016-05-09,39.99,EUR,DE,True,False,False,False,False,False,False,3283.0,-30.0,-0.7501875468867216,2025-05-05,False,False,14.201157407407408,True
281990,018d937f-0a74-71e4-ac4c-a73a341db1a6,DE,2025-06-26 21:16:38,9.99,39.99,75.0,EUR,61,2016-05-09,39.99,EUR,DE,True,False,False,False,False,False,False,3335.0,-30.0,-0.7501875468867216,2025-06-26,False,False,13.834166666666667,True
281990,018d937f-0a74-71e4-ac4c-a73a341db1a6,DE,2025-08-11 17:21:07,9.99,39.99,75.0,EUR,61,2016-05-09,39.99,EUR,DE,True,False,False,False,False,False,False,3381.0,-30.0,-0.7501875468867216,2025-08-11,False,False,6.997604166666667,True
281990,018d937f-0a74-71e4-ac4c-a73a341db1a6,DE,2025-09-22 17:17:53,9.99,39.99,75.0,EUR,61,2016-05-09,39.99,EUR,DE,True,False,False,False,False,False,False,3423.0,-30.0,-0.7501875468867216,2025-09-22,False,False,14.000891203703704,True
281990,018d937f-0a74-71e4-ac4c-a73a341db1a6,FR,2016-06-23 17:54:40,35.99,39.99,10.0,EUR,61,2016-05-09,39.99,EUR,FR,True,False,False,False,False,False,False,45.0,-4.0,-0.10002500625156285,2016-06-23,False,False,10.989375,True
281990,018d937f-0a74-71e4-ac4c-a73a341db1a6,FR,2016-09-01 18:45:06,31.99,39.99,20.0,EUR,61,2016-05-09,39.99,EUR,FR,True,False,False,False,False,False,False,115.0,-8.000000000000004,-0.20005001250312582,2016-09-01,False,False,3.9791550925925927,True
281990,018d937f-0a74-71e4-ac4c-a73a341db1a6,FR,2016-09-13 17:45:04,31.99,39.99,20.0,EUR,61,2016-05-09,39.99,EUR,FR,True,False,False,False,False,False,False,127.0,-8.000000000000004,-0.20005001250312582,2016-09-13,False,False,3.0000115740740743,True
281990,018d937f-0a74-71e4-ac4c-a73a341db1a6,FR,2016-10-20 20:15:08,29.99,39.99,25.0,EUR,61,2016-05-09,39.99,EUR,FR,True,False,False,False,False,False,False,164.0,-10.000000000000004,-0.25006251562890736,2016-10-20,False,False,3.9166550925925927,True
281990,018d937f-0a74-71e4-ac4c-a73a341db1a6,FR,2016-10-28 18:15:03,29.99,39.99,25.0,EUR,61,2016-05-09,39.99,EUR,FR,True,False,False,False,False,False,False,172.0,-10.000000000000004,-0.25006251562890736,2016-10-28,False,False,4.062511574074074,True
281990,018d937f-0a74-71e4-ac4c-a73a341db1a6,FR,2016-11-23 18:15:13,26.79,39.99,33.0,EUR,61,2016-05-09,39.99,EUR,FR,True,False,False,False,False,False,False,198.0,-13.200000000000003,-0.33008252063015764,2016-11-23,False,False,6.104074074074074,True
281990,018d937f-0a74-71e4-ac4c-a73a341db1a6,FR,2016-12-22 21:15:06,19.99,49.99,60.0,EUR,61,2016-05-09,39.99,EUR,FR,True,False,False,False,False,False,False,227.0,-20.000000000000004,-0.5001250312578145,2016-12-22,False,False,11.02082175925926,True
281990,018d937f-0a74-71e4-ac4c-a73a341db1a6,FR,2016-12-23 03:15:08,26.79,39.99,33.0,EUR,61,2016-05-09,39.99,EUR,FR,True,False,False,False,False,False,False,228.0,-13.200000000000003,-0.33008252063015764,2016-12-23,False,False,,False
281990,018d937f-0a74-71e4-ac4c-a73a341db1a6,FR,2017-01-17 18:45:06,26.79,39.99,33.0,EUR,61,2016-05-09,39.99,EUR,FR,True,False,False,False,False,False,False,253.0,-13.200000000000003,-0.33008252063015764,2017-01-17,False,False,3.020891203703704,True
281990,018d937f-0a74-71e4-ac4c-a73a341db1a6,FR,2017-04-06 17:45:07,23.99,39.99,40.0,EUR,61,2016-05-09,39.99,EUR,FR,True,False,False,False,False,False,False,332.0,-16.000000000000004,-0.40010002500625164,2017-04-06,False,False,4.083310185185185,True
281990,018d937f-0a74-71e4-ac4c-a73a341db1a6,FR,2017-05-09 18:45:04,23.99,39.99,40.0,EUR,61,2016-05-09,39.99,EUR,FR,True,False,False,False,False,False,False,365.0,-16.000000000000004,-0.40010002500625164,2017-05-09,False,False,5.000011574074074,True
281990,018d937f-0a74-71e4-ac4c-a73a341db1a6,FR,2017-06-22 19:15:04,19.99,39.99,50.0,EUR,61,2016-05-09,39.99,EUR,FR,True,False,False,False,False,False,False,409.0,-20.000000000000004,-0.5001250312578145,2017-06-22,False,False,12.979166666666666,True
281990,018d937f-0a74-71e4-ac4c-a73a341db1a6,FR,2017-09-21 17:15:11,15.99,39.99,60.0,EUR,61,2016-05-09,39.99,EUR,FR,True,False,False,False,False,False,False,500.0,-24.0,-0.6001500375093773,2017-09-21,False,False,4.062430555555555,True
281990,018d937f-0a74-71e4-ac4c-a73a341db1a6,FR,2017-10-26 18:15:05,15.99,39.99,60.0,EUR,61,2016-05-09,39.99,EUR,FR,True,False,False,False,False,False,False,535.0,-24.0,-0.6001500375093773,2017-10-26,False,False,6.000081018518519,True
281990,018d937f-0a74-71e4-ac4c-a73a341db1a6,FR,2017-11-22 18:45:04,15.99,39.99,60.0,EUR,61,2016-05-09,39.99,EUR,FR,True,False,False,False,False,False,False,562.0,-24.0,-0.6001500375093773,2017-11-22,False,False,6.0000231481481485,True
281990,018d937f-0a74-71e4-ac4c-a73a341db1a6,FR,2017-12-07 14:15:13,15.99,39.99,60.0,EUR,61,2016-05-09,39.99,EUR,FR,True,False,False,False,False,False,False,577.0,-24.0,-0.6001500375093773,2017-12-07,False,False,4.0207291666666665,True
281990,018d937f-0a74-71e4-ac4c-a73a341db1a6,FR,2017-12-21 21:15:05,15.99,39.99,60.0,EUR,61,2016-05-09,39.99,EUR,FR,True,False,False,False,False,False,False,591.0,-24.0,-0.6001500375093773,2017-12-21,False,False,14.00005787037037,True
281990,018d937f-0a74-71e4-ac4c-a73a341db1a6,FR,2018-02-15 19:45:04,15.99,39.99,60.0,EUR,61,2016-05-09,39.99,EUR,FR,True,False,False,False,False,False,False,647.0,-24.0,-0.6001500375093773,2018-02-15,False,False,4.0000231481481485,True
281990,018d937f-0a74-71e4-ac4c-a73a341db1a6,FR,2018-02-22 19:45:06,15.99,39.99,60.0,EUR,61,2016-05-09,39.99,EUR,FR,True,False,False,False,False,False,False,654.0,-24.0,-0.6001500375093773,2018-02-22,False,False,4.0,True
281990,018d937f-0a74-71e4-ac4c-a73a341db1a6,FR,2018-05-17 18:15:08,15.99,39.99,60.0,EUR,61,2016-05-09,39.99,EUR,FR,True,False,False,False,False,False,False,738.0,-24.0,-0.6001500375093773,2018-05-17,False,False,8.166666666666666,True
281990,018d937f-0a74-71e4-ac4c-a73a341db1a6,FR,2018-06-21 20:03:06,15.99,39.99,60.0,EUR,61,2016-05-09,39.99,EUR,FR,True,False,False,False,False,False,False,773.0,-24.0,-0.6001500375093773,2018-06-21,False,False,13.910416666666666,True
281990,018d937f-0a74-71e4-ac4c-a73a341db1a6,FR,2018-09-06 17:23:05,15.99,39.99,60.0,EUR,61,2016-05-09,39.99,EUR,FR,True,False,False,False,False,False,False,850.0,-24.0,-0.6001500375093773,2018-09-06,False,False,3.9939467592592592,True
281990,018d937f-0a74-71e4-ac4c-a73a341db1a6,FR,2018-10-29 17:30:20,15.99,39.99,60.0,EUR,61,2016-05-09,39.99,EUR,FR,True,False,False,False,False,False,False,903.0,-24.0,-0.6001500375093773,2018-10-29,False,False,3.194803240740741,True
281990,018d937f-0a74-71e4-ac4c-a73a341db1a6,FR,2018-11-21 19:07:21,15.99,39.99,60.0,EUR,61,2016-05-09,39.99,EUR,FR,True,False,False,False,False,False,False,926.0,-24.0,-0.6001500375093773,2018-11-21,False,False,6.017430555555555,True
281990,018d937f-0a74-71e4-ac4c-a73a341db1a6,FR,2018-12-06 18:17:16,15.99,39.99,60.0,EUR,61,2016-05-09,39.99,EUR,FR,True,False,False,False,False,False,False,941.0,-24.0,-0.6001500375093773,2018-12-06,False,False,4.038287037037037,True
281990,018d937f-0a74-71e4-ac4c-a73a341db1a6,FR,2018-12-20 19:03:37,9.99,39.99,75.0,EUR,61,2016-05-09,39.99,EUR,FR,True,False,False,False,False,False,False,955.0,-30.0,-0.7501875468867216,2018-12-20,False,False,13.998645833333333,True
281990,018d937f-0a74-71e4-ac4c-a73a341db1a6,FR,2019-02-04 18:20:30,9.99,39.99,75.0,EUR,61,2016-05-09,39.99,EUR,FR,True,False,False,False,False,False,False,1001.0,-30.0,-0.7501875468867216,2019-02-04,False,False,7.030520833333333,True
281990,018d937f-0a74-71e4-ac4c-a73a341db1a6,FR,2019-02-14 19:06:02,49.99,49.99,0.0,EUR,61,2016-05-09,39.99,EUR,FR,False,False,False,True,False,False,False,1011.0,10.0,0.25006251562890713,2019-02-14,False,False,,False
281990,018d937f-0a74-71e4-ac4c-a73a341db1a6,FR,2019-02-17 19:11:42,39.99,39.99,0.0,EUR,61,2016-05-09,39.99,EUR,FR,False,False,False,True,False,False,False,1014.0,0.0,0.0,2019-02-17,False,False,,False
281990,018d937f-0a74-71e4-ac4c-a73a341db1a6,FR,2019-05-09 18:15:11,9.99,39.99,75.0,EUR,61,2016-05-09,39.99,EUR,FR,True,False,False,False,False,False,False,1095.0,-30.0,-0.7501875468867216,2019-05-09,False,False,3.9764351851851854,True
281990,018d937f-0a74-71e4-ac4c-a73a341db1a6,FR,2019-05-30 17:32:51,9.99,39.99,75.0,EUR,61,2016-05-09,39.99,EUR,FR,True,False,False,False,False,False,False,1116.0,-30.0,-0.7501875468867216,2019-05-30,False,False,7.993391203703704,True
281990,018d937f-0a74-71e4-ac4c-a73a341db1a6,FR,2019-06-25 17:53:04,9.99,39.99,75.0,EUR,61,2016-05-09,39.99,EUR,FR,True,False,False,False,False,False,False,1142.0,-30.0,-0.7501875468867216,2019-06-25,False,False,14.014351851851853,True
281990,018d937f-0a74-71e4-ac4c-a73a341db1a6,FR,2019-07-18 18:48:20,9.99,39.99,75.0,EUR,61,2016-05-09,39.99,EUR,FR,True,False,False,False,False,False,False,1165.0,-30.0,-0.7501875468867216,2019-07-18,False,False,3.980451388888889,True
281990,018d937f-0a74-71e4-ac4c-a73a341db1a6,FR,2019-10-17 17:21:11,9.99,39.99,75.0,EUR,61,2016-05-09,39.99,EUR,FR,True,False,False,False,False,False,False,1256.0,-30.0,-0.7501875468867216,2019-10-17,False,False,8.000081018518518,True
281990,018d937f-0a74-71e4-ac4c-a73a341db1a6,FR,2019-11-26 18:07:39,9.99,39.99,75.0,EUR,61,2016-05-09,39.99,EUR,FR,True,False,False,False,False,False,False,1296.0,-30.0,-0.7501875468867216,2019-11-26,False,False,7.018113425925926,True
281990,018d937f-0a74-71e4-ac4c-a73a341db1a6,FR,2019-12-10 18:21:24,9.99,39.99,75.0,EUR,61,2016-05-09,39.99,EUR,FR,True,False,False,False,False,False,False,1310.0,-30.0,-0.7501875468867216,2019-12-10,False,False,0.03179398148148148,True
281990,018d937f-0a74-71e4-ac4c-a73a341db1a6,FR,2019-12-19 18:30:56,9.99,39.99,75.0,EUR,61,2016-05-09,39.99,EUR,FR,True,False,False,False,False,False,False,1319.0,-30.0,-0.7501875468867216,2019-12-19,False,False,14.006319444444445,True
281990,018d937f-0a74-71e4-ac4c-a73a341db1a6,FR,2020-01-23 18:29:57,9.99,39.99,75.0,EUR,61,2016-05-09,39.99,EUR,FR,True,False,False,False,False,False,False,1354.0,-30.0,-0.7501875468867216,2020-01-23,False,False,3.9992824074074074,True
281990,018d937f-0a74-71e4-ac4c-a73a341db1a6,FR,2020-03-17 09:07:20,9.99,39.99,75.0,EUR,61,2016-05-09,39.99,EUR,FR,True,False,False,False,False,False,False,1408.0,-30.0,-0.7501875468867216,2020-03-17,False,False,3.3431712962962963,True
281990,018d937f-0a74-71e4-ac4c-a73a341db1a6,FR,2020-05-12 08:21:18,9.99,39.99,75.0,EUR,61,2016-05-09,39.99,EUR,FR,True,False,False,False,False,False,False,1464.0,-30.0,-0.7501875468867216,2020-05-12,False,False,6.3751388888888885,True
281990,018d937f-0a74-71e4-ac4c-a73a341db1a6,FR,2020-05-12 18:08:42,9.99,39.99,75.0,EUR,61,2016-05-09,39.99,EUR,FR,True,False,False,False,False,False,False,1464.0,-30.0,-0.7501875468867216,2020-05-12,False,False,,False
281990,018d937f-0a74-71e4-ac4c-a73a341db1a6,FR,2020-06-25 17:52:03,9.99,39.99,75.0,EUR,61,2016-05-09,39.99,EUR,FR,True,False,False,False,False,False,False,1508.0,-30.0,-0.7501875468867216,2020-06-25,False,False,13.981134259259258,True
281990,018d937f-0a74-71e4-ac4c-a73a341db1a6,FR,2020-09-24 17:21:44,9.99,39.99,75.0,EUR,61,2016-05-09,39.99,EUR,FR,True,False,False,False,False,False,False,1599.0,-30.0,-0.7501875468867216,2020-09-24,False,False,3.999652777777778,True
281990,018d937f-0a74-71e4-ac4c-a73a341db1a6,FR,2020-10-29 17:07:58,9.99,39.99,75.0,EUR,61,2016-05-09,39.99,EUR,FR,True,False,False,False,False,False,False,1634.0,-30.0,-0.7501875468867216,2020-10-29,False,False,4.055127314814815,True
281990,018d937f-0a74-71e4-ac4c-a73a341db1a6,FR,2020-11-25 18:24:33,9.99,39.99,75.0,EUR,61,2016-05-09,39.99,EUR,FR,True,False,False,False,False,False,False,1661.0,-30.0,-0.7501875468867216,2020-11-25,False,False,5.997997685185185,True
281990,018d937f-0a74-71e4-ac4c-a73a341db1a6,FR,2020-12-22 18:58:48,9.99,39.99,75.0,EUR,61,2016-05-09,39.99,EUR,FR,True,False,False,False,False,False,False,1688.0,-30.0,-0.7501875468867216,2020-12-22,False,False,13.997916666666667,True
281990,018d937f-0a74-71e4-ac4c-a73a341db1a6,FR,2021-02-04 18:21:19,9.99,39.99,75.0,EUR,61,2016-05-09,39.99,EUR,FR,True,False,False,False,False,False,False,1732.0,-30.0,-0.7501875468867216,2021-02-04,False,False,11.001076388888889,True
281990,018d937f-0a74-71e4-ac4c-a73a341db1a6,FR,2021-04-15 17:18:12,9.99,39.99,75.0,EUR,61,2016-05-09,39.99,EUR,FR,True,False,False,False,False,False,False,1802.0,-30.0,-0.7501875468867216,2021-04-15,False,False,4.0650462962962965,True
281990,018d937f-0a74-71e4-ac4c-a73a341db1a6,FR,2021-05-20 18:03:26,9.99,39.99,75.0,EUR,61,2016-05-09,39.99,EUR,FR,True,False,False,False,False,False,False,1837.0,-30.0,-0.7501875468867216,2021-05-20,False,False,3.9731828703703704,True
281990,018d937f-0a74-71e4-ac4c-a73a341db1a6,FR,2021-06-24 22:13:53,9.99,39.99,75.0,EUR,61,2016-05-09,39.99,EUR,FR,True,False,False,False,False,False,False,1872.0,-30.0,-0.7501875468867216,2021-06-24,False,False,13.800023148148147,True
281990,018d937f-0a74-71e4-ac4c-a73a341db1a6,FR,2021-09-14 17:36:15,9.99,39.99,75.0,EUR,61,2016-05-09,39.99,EUR,FR,True,False,False,False,False,False,False,1954.0,-30.0,-0.7501875468867216,2021-09-14,False,False,6.001064814814815,True
281990,018d937f-0a74-71e4-ac4c-a73a341db1a6,FR,2021-10-28 18:01:35,9.99,39.99,75.0,EUR,61,2016-05-09,39.99,EUR,FR,True,False,False,False,False,False,False,1998.0,-30.0,-0.7501875468867216,2021-10-28,False,False,4.006018518518519,True
281990,018d937f-0a74-71e4-ac4c-a73a341db1a6,FR,2021-11-22 18:39:19,9.99,39.99,75.0,EUR,61,2016-05-09,39.99,EUR,FR,True,False,False,False,False,False,False,2023.0,-30.0,-0.7501875468867216,2021-11-22,False,False,9.002534722222222,True
281990,018d937f-0a74-71e4-ac4c-a73a341db1a6,FR,2021-12-22 18:29:49,9.99,39.99,75.0,EUR,61,2016-05-09,39.99,EUR,FR,True,False,False,False,False,False,False,2053.0,-30.0,-0.7501875468867216,2021-12-22,False,False,14.0225,True
281990,018d937f-0a74-71e4-ac4c-a73a341db1a6,FR,2022-01-27 18:14:45,9.99,39.99,75.0,EUR,61,2016-05-09,39.99,EUR,FR,True,False,False,False,False,False,False,2089.0,-30.0,-0.7501875468867216,2022-01-27,False,False,7.026087962962963,True
281990,018d937f-0a74-71e4-ac4c-a73a341db1a6,FR,2022-05-12 17:09:14,8.0,39.99,80.0,EUR,61,2016-05-09,39.99,EUR,FR,True,False,False,False,False,False,False,2194.0,-31.990000000000002,-0.7999499874968743,2022-05-12,False,False,11.016782407407407,True
281990,018d937f-0a74-71e4-ac4c-a73a341db1a6,FR,2022-06-23 17:58:18,9.99,39.99,75.0,EUR,61,2016-05-09,39.99,EUR,FR,True,False,False,False,False,False,False,2236.0,-30.0,-0.7501875468867216,2022-06-23,False,False,13.969328703703704,True
281990,018d937f-0a74-71e4-ac4c-a73a341db1a6,FR,2022-09-19 17:33:24,9.99,39.99,75.0,EUR,61,2016-05-09,39.99,EUR,FR,True,False,False,False,False,False,False,2324.0,-30.0,-0.7501875468867216,2022-09-19,False,False,2.9908912037037036,True
281990,018d937f-0a74-71e4-ac4c-a73a341db1a6,FR,2022-10-25 17:50:53,9.99,39.99,75.0,EUR,61,2016-05-09,39.99,EUR,FR,True,False,False,False,False,False,False,2360.0,-30.0,-0.7501875468867216,2022-10-25,False,False,6.978796296296296,True
281990,018d937f-0a74-71e4-ac4c-a73a341db1a6,FR,2022-11-22 18:56:32,9.99,39.99,75.0,EUR,61,2016-05-09,39.99,EUR,FR,True,False,False,False,False,False,False,2388.0,-30.0,-0.7501875468867216,2022-11-22,False,False,6.9806944444444445,True
281990,018d937f-0a74-71e4-ac4c-a73a341db1a6,FR,2022-12-22 18:29:59,9.99,39.99,75.0,EUR,61,2016-05-09,39.99,EUR,FR,True,False,False,False,False,False,False,2418.0,-30.0,-0.7501875468867216,2022-12-22,False,False,14.009143518518519,True
281990,018d937f-0a74-71e4-ac4c-a73a341db1a6,FR,2023-03-14 18:12:08,9.99,39.99,75.0,EUR,61,2016-05-09,39.99,EUR,FR,True,False,False,False,False,False,False,2500.0,-30.0,-0.7501875468867216,2023-03-14,False,False,9.034918981481482,True
281990,018d937f-0a74-71e4-ac4c-a73a341db1a6,FR,2023-05-09 17:06:08,9.99,39.99,75.0,EUR,61,2016-05-09,39.99,EUR,FR,True,False,False,False,False,False,False,2556.0,-30.0,-0.7501875468867216,2023-05-09,False,False,9.006481481481481,True
281990,018d937f-0a74-71e4-ac4c-a73a341db1a6,FR,2023-06-22 17:19:39,9.99,39.99,75.0,EUR,61,2016-05-09,39.99,EUR,FR,True,False,False,False,False,False,False,2600.0,-30.0,-0.7501875468867216,2023-06-22,False,False,4.0056365740740745,True
281990,018d937f-0a74-71e4-ac4c-a73a341db1a6,FR,2023-06-29 17:59:20,9.99,9.99,0.0,EUR,61,2016-05-09,39.99,EUR,FR,False,False,False,True,False,False,False,2607.0,-30.0,-0.7501875468867216,2023-06-29,False,False,,False
281990,018d937f-0a74-71e4-ac4c-a73a341db1a6,FR,2023-07-13 17:43:16,39.99,39.99,0.0,EUR,61,2016-05-09,39.99,EUR,FR,False,False,False,True,False,False,False,2621.0,0.0,0.0,2023-07-13,False,False,,False
281990,018d937f-0a74-71e4-ac4c-a73a341db1a6,FR,2023-08-28 17:03:14,11.99,39.99,70.0,EUR,61,2016-05-09,39.99,EUR,FR,True,False,False,False,False,False,False,2667.0,-28.0,-0.7001750437609402,2023-08-28,False,False,7.008541666666667,True
281990,018d937f-0a74-71e4-ac4c-a73a341db1a6,FR,2023-11-16 18:03:22,11.99,39.99,70.0,EUR,61,2016-05-09,39.99,EUR,FR,True,False,False,False,False,False,False,2747.0,-28.0,-0.7001750437609402,2023-11-16,False,False,12.034664351851852,True
281990,018d937f-0a74-71e4-ac4c-a73a341db1a6,FR,2023-12-21 18:14:52,11.99,39.99,70.0,EUR,61,2016-05-09,39.99,EUR,FR,True,False,False,False,False,False,False,2782.0,-28.0,-0.7001750437609402,2023-12-21,False,False,14.01230324074074,True
281990,018d937f-0a74-71e4-ac4c-a73a341db1a6,FR,2024-03-14 17:16:14,11.99,39.99,70.0,EUR,61,2016-05-09,39.99,EUR,FR,True,False,False,False,False,False,False,2866.0,-28.0,-0.7001750437609402,2024-03-14,False,False,7.002268518518519,True
281990,018d937f-0a74-71e4-ac4c-a73a341db1a6,FR,2024-05-07 17:15:26,11.99,39.99,70.0,EUR,61,2016-05-09,39.99,EUR,FR,True,False,False,False,False,False,False,2920.0,-28.0,-0.7001750437609402,2024-05-07,False,False,13.000775462962963,True
281990,018d937f-0a74-71e4-ac4c-a73a341db1a6,FR,2024-06-20 17:15:42,11.99,39.99,70.0,EUR,61,2016-05-09,39.99,EUR,FR,True,False,False,False,False,False,False,2964.0,-28.0,-0.7001750437609402,2024-06-20,False,False,21.00267361111111,True
281990,018d937f-0a74-71e4-ac4c-a73a341db1a6,FR,2024-09-02 17:17:49,9.99,39.99,75.0,EUR,61,2016-05-09,39.99,EUR,FR,True,False,False,False,False,False,False,3038.0,-30.0,-0.7501875468867216,2024-09-02,False,False,14.000277777777777,True
281990,018d937f-0a74-71e4-ac4c-a73a341db1a6,FR,2024-10-29 17:15:53,9.99,39.99,75.0,EUR,61,2016-05-09,39.99,EUR,FR,True,False,False,False,False,False,False,3095.0,-30.0,-0.7501875468867216,2024-10-29,False,False,8.999513888888888,True
281990,018d937f-0a74-71e4-ac4c-a73a341db1a6,FR,2024-11-27 21:02:02,9.99,39.99,75.0,EUR,61,2016-05-09,39.99,EUR,FR,True,False,False,False,False,False,False,3124.0,-30.0,-0.7501875468867216,2024-11-27,False,False,6.886296296296297,True
281990,018d937f-0a74-71e4-ac4c-a73a341db1a6,FR,2024-12-19 22:53:23,3.99,39.99,90.0,EUR,61,2016-05-09,39.99,EUR,FR,True,False,False,False,False,False,False,3146.0,-36.0,-0.900225056264066,2024-12-19,False,False,13.810289351851852,True
281990,018d937f-0a74-71e4-ac4c-a73a341db1a6,FR,2025-01-20 18:43:41,9.99,39.99,75.0,EUR,61,2016-05-09,39.99,EUR,FR,True,False,False,False,False,False,False,3178.0,-30.0,-0.7501875468867216,2025-01-20,False,False,6.974050925925926,True
281990,018d937f-0a74-71e4-ac4c-a73a341db1a6,FR,2025-03-13 18:26:53,9.99,39.99,75.0,EUR,61,2016-05-09,39.99,EUR,FR,True,False,False,False,False,False,False,3230.0,-30.0,-0.7501875468867216,2025-03-13,False,False,6.952893518518518,True
281990,018d937f-0a74-71e4-ac4c-a73a341db1a6,FR,2025-03-24 17:16:42,9.99,39.99,75.0,EUR,61,2016-05-09,39.99,EUR,FR,True,False,False,False,False,False,False,3241.0,-30.0,-0.7501875468867216,2025-03-24,False,False,7.004201388888889,True
281990,018d937f-0a74-71e4-ac4c-a73a341db1a6,FR,2025-05-05 17:38:52,9.99,39.99,75.0,EUR,61,2016-05-09,39.99,EUR,FR,True,False,False,False,False,False,False,3283.0,-30.0,-0.7501875468867216,2025-05-05,False,False,14.201157407407408,True
281990,018d937f-0a74-71e4-ac4c-a73a341db1a6,FR,2025-06-26 21:16:38,9.99,39.99,75.0,EUR,61,2016-05-09,39.99,EUR,FR,True,False,False,False,False,False,False,3335.0,-30.0,-0.7501875468867216,2025-06-26,False,False,13.834166666666667,True
281990,018d937f-0a74-71e4-ac4c-a73a341db1a6,FR,2025-08-11 17:21:07,9.99,39.99,75.0,EUR,61,2016-05-09,39.99,EUR,FR,True,False,False,False,False,False,False,3381.0,-30.0,-0.7501875468867216,2025-08-11,False,False,6.997604166666667,True
281990,018d937f-0a74-71e4-ac4c-a73a341db1a6,FR,2025-09-22 17:17:53,9.99,39.99,75.0,EUR,61,2016-05-09,39.99,EUR,FR,True,False,False,False,False,False,False,3423.0,-30.0,-0.7501875468867216,2025-09-22,False,False,14.000891203703704,True
281990,018d937f-0a74-71e4-ac4c-a73a341db1a6,GB,2016-06-23 19:06:18,31.49,34.99,10.0,GBP,61,2016-05-09,34.99,GBP,GB,True,False,False,False,False,False,False,45.0,-3.5000000000000036,-0.10002857959416989,2016-06-23,False,False,10.939733796296297,True
281990,018d937f-0a74-71e4-ac4c-a73a341db1a6,GB,2016-09-01 18:45:23,27.99,34.99,20.0,GBP,61,2016-05-09,34.99,GBP,GB,True,False,False,False,False,False,False,115.0,-7.0000000000000036,-0.20005715918833966,2016-09-01,False,False,4.08332175925926,True
281990,018d937f-0a74-71e4-ac4c-a73a341db1a6,GB,2016-09-13 17:15:33,27.99,34.99,20.0,GBP,61,2016-05-09,34.99,GBP,GB,True,False,False,False,False,False,False,127.0,-7.0000000000000036,-0.20005715918833966,2016-09-13,False,False,3.0206712962962965,True
281990,018d937f-0a74-71e4-ac4c-a73a341db1a6,GB,2016-10-20 18:15:26,26.24,34.99,25.0,GBP,61,2016-05-09,34.99,GBP,GB,True,False,False,False,False,False,False,164.0,-8.750000000000004,-0.25007144898542455,2016-10-20,False,False,3.9791203703703704,True
281990,018d937f-0a74-71e4-ac4c-a73a341db1a6,GB,2016-10-28 18:15:20,26.24,34.99,25.0,GBP,61,2016-05-09,34.99,GBP,GB,True,False,False,False,False,False,False,172.0,-8.750000000000004,-0.25007144898542455,2016-10-28,False,False,4.062511574074074,True
281990,018d937f-0a74-71e4-ac4c-a73a341db1a6,GB,2016-11-23 21:15:39,23.44,34.99,33.0,GBP,61,2016-05-09,34.99,GBP,GB,True,False,False,False,False,False,False,198.0,-11.55,-0.33009431266076017,2016-11-23,False,False,5.895902777777778,True
281990,018d937f-0a74-71e4-ac4c-a73a341db1a6,GB,2016-12-22 21:15:47,16.79,41.99,60.0,GBP,61,2016-05-09,34.99,GBP,GB,True,False,False,False,False,False,False,227.0,-18.200000000000003,-0.5201486138896828,2016-12-22,False,False,10.916736111111112,True
281990,018d937f-0a74-71e4-ac4c-a73a341db1a6,GB,2016-12-23 08:45:25,23.44,34.99,33.0,GBP,61,2016-05-09,34.99,GBP,GB,True,False,False,False,False,False,False,228.0,-11.55,-0.33009431266076017,2016-12-23,False,False,,False
281990,018d937f-0a74-71e4-ac4c-a73a341db1a6,GB,2017-01-17 19:16:00,23.44,34.99,33.0,GBP,61,2016-05-09,34.99,GBP,GB,True,False,False,False,False,False,False,253.0,-11.55,-0.33009431266076017,2017-01-17,False,False,2.9787268518518517,True
281990,018d937f-0a74-71e4-ac4c-a73a341db1a6,GB,2017-04-06 19:45:25,20.99,34.99,40.0,GBP,61,2016-05-09,34.99,GBP,GB,True,False,False,False,False,False,False,332.0,-14.000000000000004,-0.4001143183766791,2017-04-06,False,False,3.937523148148148,True
281990,018d937f-0a74-71e4-ac4c-a73a341db1a6,GB,2017-05-09 19:15:26,20.99,34.99,40.0,GBP,61,2016-05-09,34.99,GBP,GB,True,False,False,False,False,False,False,365.0,-14.000000000000004,-0.4001143183766791,2017-05-09,False,False,4.958287037037037,True
281990,018d937f-0a74-71e4-ac4c-a73a341db1a6,GB,2017-06-22 22:45:25,17.49,34.99,50.0,GBP,61,2016-05-09,34.99,GBP,GB,True,False,False,False,False,False,False,409.0,-17.500000000000004,-0.5001428979708489,2017-06-22,False,False,12.874930555555556,True
281990,018d937f-0a74-71e4-ac4c-a73a341db1a6,GB,2017-09-21 17:15:35,13.99,34.99,60.0,GBP,61,2016-05-09,34.99,GBP,GB,True,False,False,False,False,False,False,500.0,-21.0,-0.6001714775650187,2017-09-21,False,False,4.083275462962963,True
281990,018d937f-0a74-71e4-ac4c-a73a341db1a6,GB,2017-10-26 17:45:32,13.99,34.99,60.0,GBP,61,2016-05-09,34.99,GBP,GB,True,False,False,False,False,False,False,535.0,-21.0,-0.6001714775650187,2017-10-26,False,False,6.041585648148148,True
281990,018d937f-0a74-71e4-ac4c-a73a341db1a6,GB,2017-11-22 18:45:44,13.99,34.99,60.0,GBP,61,2016-05-09,34.99,GBP,GB,True,False,False,False,False,False,False,562.0,-21.0,-0.6001714775650187,2017-11-22,False,False,6.000046296296296,True
281990,018d937f-0a74-71e4-ac4c-a73a341db1a6,GB,2017-12-07 15:15:39,13.99,34.99,60.0,GBP,61,2016-05-09,34.99,GBP,GB,True,False,False,False,False,False,False,577.0,-21.0,-0.6001714775650187,2017-12-07,False,False,4.020578703703704,True
281990,018d937f-0a74-71e4-ac4c-a73a341db1a6,GB,2017-12-21 18:15:25,13.99,34.99,60.0,GBP,61,2016-05-09,34.99,GBP,GB,True,False,False,False,False,False,False,591.0,-21.0,-0.6001714775650187,2017-12-21,False,False,14.04207175925926,True
281990,018d937f-0a74-71e4-ac4c-a73a341db1a6,GB,2018-02-15 18:47:31,13.99,34.99,60.0,GBP,61,2016-05-09,34.99,GBP,GB,True,False,False,False,False,False,False,647.0,-21.0,-0.6001714775650187,2018-02-15,False,False,4.042546296296297,True
281990,018d937f-0a74-71e4-ac4c-a73a341db1a6,GB,2018-02-22 18:19:12,13.99,34.99,60.0,GBP,61,2016-05-09,34.99,GBP,GB,True,False,False,False,False,False,False,654.0,-21.0,-0.6001714775650187,2018-02-22,False,False,4.0634375,True
281990,018d937f-0a74-71e4-ac4c-a73a341db1a6,GB,2018-05-17 20:17:48,13.99,34.99,60.0,GBP,61,2016-05-09,34.99,GBP,GB,True,False,False,False,False,False,False,738.0,-21.0,-0.6001714775650187,2018-05-17,False,False,7.937233796296296,True
281990,018d937f-0a74-71e4-ac4c-a73a341db1a6,GB,2018-06-21 20:05:29,13.99,34.99,60.0,GBP,61,2016-05-09,34.99,GBP,GB,True,False,False,False,False,False,False,773.0,-21.0,-0.6001714775650187,2018-06-21,False,False,13.888599537037036,True
281990,018d937f-0a74-71e4-ac4c-a73a341db1a6,GB,2018-09-06 17:21:12,13.99,34.99,60.0,GBP,61,2016-05-09,34.99,GBP,GB,True,False,False,False,False,False,False,850.0,-21.0,-0.6001714775650187,2018-09-06,False,False,3.995810185185185,True
281990,018d937f-0a74-71e4-ac4c-a73a341db1a6,GB,2018-10-29 17:27:46,13.99,34.99,60.0,GBP,61,2016-05-09,34.99,GBP,GB,True,False,False,False,False,False,False,903.0,-21.0,-0.6001714775650187,2018-10-29,False,False,3.197465277777778,True
281990,018d937f-0a74-71e4-ac4c-a73a341db1a6,GB,2018-11-21 19:35:18,13.99,34.99,60.0,GBP,61,2016-05-09,34.99,GBP,GB,True,False,False,False,False,False,False,926.0,-21.0,-0.6001714775650187,2018-11-21,False,False,5.993009259259259,True
281990,018d937f-0a74-71e4-ac4c-a73a341db1a6,GB,2018-12-06 18:21:36,13.99,34.99,60.0,GBP,61,2016-05-09,34.99,GBP,GB,True,False,False,False,False,False,False,941.0,-21.0,-0.6001714775650187,2018-12-06,False,False,4.038530092592593,True
281990,018d937f-0a74-71e4-ac4c-a73a341db1a6,GB,2018-12-20 18:27:41,8.74,34.99,75.0,GBP,61,2016-05-09,34.99,GBP,GB,True,False,False,False,False,False,False,955.0,-26.25,-0.7502143469562732,2018-12-20,False,False,14.026979166666667,True
281990,018d937f-0a74-71e4-ac4c-a73a341db1a6,GB,2019-02-04 18:35:01,8.74,34.99,75.0,GBP,61,2016-05-09,34.99,GBP,GB,True,False,False,False,False,False,False,1001.0,-26.25,-0.7502143469562732,2019-02-04,False,False,6.995590277777778,True
281990,018d937f-0a74-71e4-ac4c-a73a341db1a6,GB,2019-05-09 18:01:07,8.74,34.99,75.0,GBP,61,2016-05-09,34.99,GBP,GB,True,False,False,False,False,False,False,1095.0,-26.25,-0.7502143469562732,2019-05-09,False,False,4.002465277777778,True
281990,018d937f-0a74-71e4-ac4c-a73a341db1a6,GB,2019-05-30 17:15:12,8.74,34.99,75.0,GBP,61,2016-05-09,34.99,GBP,GB,True,False,False,False,False,False,False,1116.0,-26.25,-0.7502143469562732,2019-05-30,False,False,8.101481481481482,True
281990,018d937f-0a74-71e4-ac4c-a73a341db1a6,GB,2019-06-25 22:13:20,8.74,34.99,75.0,GBP,61,2016-05-09,34.99,GBP,GB,True,False,False,False,False,False,False,1142.0,-26.25,-0.7502143469562732,2019-06-25,False,False,13.831435185185185,True
281990,018d937f-0a74-71e4-ac4c-a73a341db1a6,GB,2019-07-18 18:20:13,8.74,34.99,75.0,GBP,61,2016-05-09,34.99,GBP,GB,True,False,False,False,False,False,False,1165.0,-26.25,-0.7502143469562732,2019-07-18,False,False,4.006990740740741,True
281990,018d937f-0a74-71e4-ac4c-a73a341db1a6,GB,2019-10-17 17:21:13,8.74,34.99,75.0,GBP,61,2016-05-09,34.99,GBP,GB,True,False,False,False,False,False,False,1256.0,-26.25,-0.7502143469562732,2019-10-17,False,False,8.000069444444444,True
281990,018d937f-0a74-71e4-ac4c-a73a341db1a6,GB,2019-11-26 18:07:33,8.74,34.99,75.0,GBP,61,2016-05-09,34.99,GBP,GB,True,False,False,False,False,False,False,1296.0,-26.25,-0.7502143469562732,2019-11-26,False,False,7.011458333333334,True
281990,018d937f-0a74-71e4-ac4c-a73a341db1a6,GB,2019-12-10 18:21:21,8.74,34.99,75.0,GBP,61,2016-05-09,34.99,GBP,GB,True,False,False,False,False,False,False,1310.0,-26.25,-0.7502143469562732,2019-12-10,False,False,0.031875,True
281990,018d937f-0a74-71e4-ac4c-a73a341db1a6,GB,2019-12-19 18:28:09,8.74,34.99,75.0,GBP,61,2016-05-09,34.99,GBP,GB,True,False,False,False,False,False,False,1319.0,-26.25,-0.7502143469562732,2019-12-19,False,False,14.009386574074075,True
281990,018d937f-0a74-71e4-ac4c-a73a341db1a6,GB,2020-01-23 18:22:05,8.74,34.99,75.0,GBP,61,2016-05-09,34.99,GBP,GB,True,False,False,False,False,False,False,1354.0,-26.25,-0.7502143469562732,2020-01-23,False,False,4.001597222222222,True
281990,018d937f-0a74-71e4-ac4c-a73a341db1a6,GB,2020-03-17 09:07:18,8.74,34.99,75.0,GBP,61,2016-05-09,34.99,GBP,GB,True,False,False,False,False,False,False,1408.0,-26.25,-0.7502143469562732,2020-03-17,False,False,3.342951388888889,True
281990,018d937f-0a74-71e4-ac4c-a73a341db1a6,GB,2020-05-12 08:21:12,8.74,34.99,75.0,GBP,61,2016-05-09,34.99,GBP,GB,True,False,False,False,False,False,False,1464.0,-26.25,-0.7502143469562732,2020-05-12,False,False,6.3754282407407405,True
281990,018d937f-0a74-71e4-ac4c-a73a341db1a6,GB,2020-05-12 18:08:46,8.74,34.99,75.0,GBP,61,2016-05-09,34.99,GBP,GB,True,False,False,False,False,False,False,1464.0,-26.25,-0.7502143469562732,2020-05-12,False,False,,False
281990,018d937f-0a74-71e4-ac4c-a73a341db1a6,GB,2020-06-25 18:00:32,8.74,34.99,75.0,GBP,61,2016-05-09,34.99,GBP,GB,True,False,False,False,False,False,False,1508.0,-26.25,-0.7502143469562732,2020-06-25,False,False,13.980115740740741,True
281990,018d937f-0a74-71e4-ac4c-a73a341db1a6,GB,2020-09-24 17:22:31,8.74,34.99,75.0,GBP,61,2016-05-09,34.99,GBP,GB,True,False,False,False,False,False,False,1599.0,-26.25,-0.7502143469562732,2020-09-24,False,False,4.000104166666667,True
281990,018d937f-0a74-71e4-ac4c-a73a341db1a6,GB,2020-10-29 17:07:20,8.74,34.99,75.0,GBP,61,2016-05-09,34.99,GBP,GB,True,False,False,False,False,False,False,1634.0,-26.25,-0.7502143469562732,2020-10-29,False,False,4.055462962962963,True
281990,018d937f-0a74-71e4-ac4c-a73a341db1a6,GB,2020-11-25 18:33:49,8.74,34.99,75.0,GBP,61,2016-05-09,34.99,GBP,GB,True,False,False,False,False,False,False,1661.0,-26.25,-0.7502143469562732,2020-11-25,False,False,5.993518518518519,True
281990,018d937f-0a74-71e4-ac4c-a73a341db1a6,GB,2020-12-22 19:05:14,8.74,34.99,75.0,GBP,61,2016-05-09,34.99,GBP,GB,True,False,False,False,False,False,False,1688.0,-26.25,-0.7502143469562732,2020-12-22,False,False,13.994189814814815,True
281990,018d937f-0a74-71e4-ac4c-a73a341db1a6,GB,2021-02-04 18:21:14,8.74,34.99,75.0,GBP,61,2016-05-09,34.99,GBP,GB,True,False,False,False,False,False,False,1732.0,-26.25,-0.7502143469562732,2021-02-04,False,False,11.00068287037037,True
281990,018d937f-0a74-71e4-ac4c-a73a341db1a6,GB,2021-04-15 17:18:17,8.74,34.99,75.0,GBP,61,2016-05-09,34.99,GBP,GB,True,False,False,False,False,False,False,1802.0,-26.25,-0.7502143469562732,2021-04-15,False,False,4.069710648148148,True
281990,018d937f-0a74-71e4-ac4c-a73a341db1a6,GB,2021-05-20 17:19:12,8.74,34.99,75.0,GBP,61,2016-05-09,34.99,GBP,GB,True,False,False,False,False,False,False,1837.0,-26.25,-0.7502143469562732,2021-05-20,False,False,4.003923611111111,True
281990,018d937f-0a74-71e4-ac4c-a73a341db1a6,GB,2021-06-24 22:27:09,8.74,34.99,75.0,GBP,61,2016-05-09,34.99,GBP,GB,True,False,False,False,False,False,False,1872.0,-26.25,-0.7502143469562732,2021-06-24,False,False,13.786041666666666,True
281990,018d937f-0a74-71e4-ac4c-a73a341db1a6,GB,2021-09-14 17:35:49,8.74,34.99,75.0,GBP,61,2016-05-09,34.99,GBP,GB,True,False,False,False,False,False,False,1954.0,-26.25,-0.7502143469562732,2021-09-14,False,False,6.006701388888889,True
281990,018d937f-0a74-71e4-ac4c-a73a341db1a6,GB,2021-10-28 18:01:19,8.74,34.99,75.0,GBP,61,2016-05-09,34.99,GBP,GB,True,False,False,False,False,False,False,1998.0,-26.25,-0.7502143469562732,2021-10-28,False,False,4.029201388888889,True
281990,018d937f-0a74-71e4-ac4c-a73a341db1a6,GB,2021-11-22 18:39:20,8.74,34.99,75.0,GBP,61,2016-05-09,34.99,GBP,GB,True,False,False,False,False,False,False,2023.0,-26.25,-0.7502143469562732,2021-11-22,False,False,8.998622685185186,True
281990,018d937f-0a74-71e4-ac4c-a73a341db1a6,GB,2021-12-22 18:15:20,8.74,34.99,75.0,GBP,61,2016-05-09,34.99,GBP,GB,True,False,False,False,False,False,False,2053.0,-26.25,-0.7502143469562732,2021-12-22,False,False,14.043009259259259,True
281990,018d937f-0a74-71e4-ac4c-a73a341db1a6,GB,2022-01-27 19:02:08,8.74,34.99,75.0,GBP,61,2016-05-09,34.99,GBP,GB,True,False,False,False,False,False,False,2089.0,-26.25,-0.7502143469562732,2022-01-27,False,False,6.991527777777778,True
281990,018d937f-0a74-71e4-ac4c-a73a341db1a6,GB,2022-06-23 17:57:28,8.74,34.99,75.0,GBP,61,2016-05-09,34.99,GBP,GB,True,False,False,False,False,False,False,2236.0,-26.25,-0.7502143469562732,2022-06-23,False,False,13.977881944444444,True
281990,018d937f-0a74-71e4-ac4c-a73a341db1a6,GB,2022-09-19 17:07:51,8.74,34.99,75.0,GBP,61,2016-05-09,34.99,GBP,GB,True,False,False,False,False,False,False,2324.0,-26.25,-0.7502143469562732,2022-09-19,False,False,2.9968287037037036,True
281990,018d937f-0a74-71e4-ac4c-a73a341db1a6,GB,2022-10-25 17:49:27,8.74,34.99,75.0,GBP,61,2016-05-09,34.99,GBP,GB,True,False,False,False,False,False,False,2360.0,-26.25,-0.7502143469562732,2022-10-25,False,False,6.979907407407407,True
281990,018d937f-0a74-71e4-ac4c-a73a341db1a6,GB,2022-11-22 18:46:23,8.74,34.99,75.0,GBP,61,2016-05-09,34.99,GBP,GB,True,False,False,False,False,False,False,2388.0,-26.25,-0.7502143469562732,2022-11-22,False,False,6.987418981481482,True
281990,018d937f-0a74-71e4-ac4c-a73a341db1a6,GB,2022-12-22 22:00:50,8.74,34.99,75.0,GBP,61,2016-05-09,34.99,GBP,GB,True,False,False,False,False,False,False,2418.0,-26.25,-0.7502143469562732,2022-12-22,False,False,13.878530092592593,True
281990,018d937f-0a74-71e4-ac4c-a73a341db1a6,GB,2023-03-14 18:03:07,8.74,34.99,75.0,GBP,61,2016-05-09,34.99,GBP,GB,True,False,False,False,False,False,False,2500.0,-26.25,-0.7502143469562732,2023-03-14,False,False,9.012916666666667,True
281990,018d937f-0a74-71e4-ac4c-a73a341db1a6,GB,2023-05-09 17:19:16,8.74,34.99,75.0,GBP,61,2016-05-09,34.99,GBP,GB,True,False,False,False,False,False,False,2556.0,-26.25,-0.7502143469562732,2023-05-09,False,False,8.997361111111111,True
281990,018d937f-0a74-71e4-ac4c-a73a341db1a6,GB,2023-06-22 17:19:35,8.74,34.99,75.0,GBP,61,2016-05-09,34.99,GBP,GB,True,False,False,False,False,False,False,2600.0,-26.25,-0.7502143469562732,2023-06-22,False,False,4.005451388888889,True
281990,018d937f-0a74-71e4-ac4c-a73a341db1a6,GB,2023-06-29 22:36:45,8.74,34.99,75.0,GBP,61,2016-05-09,34.99,GBP,GB,True,False,False,False,False,False,False,2607.0,-26.25,-0.7502143469562732,2023-06-29,False,False,13.77744212962963,True
281990,018d937f-0a74-71e4-ac4c-a73a341db1a6,GB,2023-08-28 17:09:21,10.49,34.99,70.0,GBP,61,2016-05-09,34.99,GBP,GB,True,False,False,False,False,False,False,2667.0,-24.5,-0.7002000571591884,2023-08-28,False,False,6.99574074074074,True
281990,018d937f-0a74-71e4-ac4c-a73a341db1a6,GB,2023-11-16 18:19:21,10.49,34.99,70.0,GBP,61,2016-05-09,34.99,GBP,GB,True,False,False,False,False,False,False,2747.0,-24.5,-0.7002000571591884,2023-11-16,False,False,12.01074074074074,True
281990,018d937f-0a74-71e4-ac4c-a73a341db1a6,GB,2023-12-21 18:36:09,10.49,34.99,70.0,GBP,61,2016-05-09,34.99,GBP,GB,True,False,False,False,False,False,False,2782.0,-24.5,-0.7002000571591884,2023-12-21,False,False,51.228425925925926,True
281990,018d937f-0a74-71e4-ac4c-a73a341db1a6,GB,2024-03-14 17:22:10,10.49,34.99,70.0,GBP,61,2016-05-09,34.99,GBP,GB,True,False,False,False,False,False,False,2866.0,-24.5,-0.7002000571591884,2024-03-14,False,False,6.99625,True
281990,018d937f-0a74-71e4-ac4c-a73a341db1a6,GB,2024-05-07 17:15:28,10.49,34.99,70.0,GBP,61,2016-05-09,34.99,GBP,GB,True,False,False,False,False,False,False,2920.0,-24.5,-0.7002000571591884,2024-05-07,False,False,13.00119212962963,True
281990,018d937f-0a74-71e4-ac4c-a73a341db1a6,GB,2024-06-20 17:15:49,10.49,34.99,70.0,GBP,61,2016-05-09,34.99,GBP,GB,True,False,False,False,False,False,False,2964.0,-24.5,-0.7002000571591884,2024-06-20,False,False,21.00258101851852,True
281990,018d937f-0a74-71e4-ac4c-a73a341db1a6,GB,2024-09-02 17:16:34,8.74,34.99,75.0,GBP,61,2016-05-09,34.99,GBP,GB,True,False,False,False,False,False,False,3038.0,-26.25,-0.7502143469562732,2024-09-02,False,False,14.00116898148148,True
281990,018d937f-0a74-71e4-ac4c-a73a341db1a6,GB,2024-10-29 17:16:04,8.74,34.99,75.0,GBP,61,2016-05-09,34.99,GBP,GB,True,False,False,False,False,False,False,3095.0,-26.25,-0.7502143469562732,2024-10-29,False,False,8.999768518518518,True
281990,018d937f-0a74-71e4-ac4c-a73a341db1a6,GB,2024-11-27 21:02:20,8.74,34.99,75.0,GBP,61,2016-05-09,34.99,GBP,GB,True,False,False,False,False,False,False,3124.0,-26.25,-0.7502143469562732,2024-11-27,False,False,6.887557870370371,True
281990,018d937f-0a74-71e4-ac4c-a73a341db1a6,GB,2024-12-19 19:46:17,3.49,34.99,90.0,GBP,61,2016-05-09,34.99,GBP,GB,True,False,False,False,False,False,False,3146.0,-31.5,-0.9002572163475279,2024-12-19,False,False,13.940347222222222,True
281990,018d937f-0a74-71e4-ac4c-a73a341db1a6,GB,2025-01-20 18:43:40,8.74,34.99,75.0,GBP,61,2016-05-09,34.99,GBP,GB,True,False,False,False,False,False,False,3178.0,-26.25,-0.7502143469562732,2025-01-20,False,False,6.9740625,True
281990,018d937f-0a74-71e4-ac4c-a73a341db1a6,GB,2025-03-13 18:26:51,8.74,34.99,75.0,GBP,61,2016-05-09,34.99,GBP,GB,True,False,False,False,False,False,False,3230.0,-26.25,-0.7502143469562732,2025-03-13,False,False,6.954131944444445,True
281990,018d937f-0a74-71e4-ac4c-a73a341db1a6,GB,2025-03-24 17:15:42,8.74,34.99,75.0,GBP,61,2016-05-09,34.99,GBP,GB,True,False,False,False,False,False,False,3241.0,-26.25,-0.7502143469562732,2025-03-24,False,False,7.006863425925926,True
281990,018d937f-0a74-71e4-ac4c-a73a341db1a6,GB,2025-05-05 17:35:53,8.74,34.99,75.0,GBP,61,2016-05-09,34.99,GBP,GB,True,False,False,False,False,False,False,3283.0,-26.25,-0.7502143469562732,2025-05-05,False,False,14.207465277777779,True
281990,018d937f-0a74-71e4-ac4c-a73a341db1a6,GB,2025-06-26 21:20:57,8.74,34.99,75.0,GBP,61,2016-05-09,34.99,GBP,GB,True,False,False,False,False,False,False,3335.0,-26.25,-0.7502143469562732,2025-06-26,False,False,13.83116898148148,True
281990,018d937f-0a74-71e4-ac4c-a73a341db1a6,GB,2025-08-11 17:21:15,8.74,34.99,75.0,GBP,61,2016-05-09,34.99,GBP,GB,True,False,False,False,False,False,False,3381.0,-26.25,-0.7502143469562732,2025-08-11,False,False,6.996354166666666,True
281990,018d937f-0a74-71e4-ac4c-a73a341db1a6,GB,2025-09-22 17:22:48,8.74,34.99,75.0,GBP,61,2016-05-09,34.99,GBP,GB,True,False,False,False,False,False,False,3423.0,-26.25,-0.7502143469562732,2025-09-22,False,False,13.997476851851852,True
281990,018d937f-0a74-71e4-ac4c-a73a341db1a6,JP,2024-12-07 14:42:54,5390.0,5390.0,0.0,JPY,61,2016-05-09,5390.0,JPY,JP,False,False,False,False,False,False,False,3134.0,0.0,0.0,2024-12-07,False,False,,False
281990,018d937f-0a74-71e4-ac4c-a73a341db1a6,JP,2024-12-19 22:56:00,539.0,5390.0,90.0,JPY,61,2016-05-09,5390.0,JPY,JP,True,False,False,False,False,False,False,3146.0,-4851.0,-0.9,2024-12-19,False,False,13.808553240740741,True
281990,018d937f-0a74-71e4-ac4c-a73a341db1a6,JP,2025-01-20 18:48:43,1347.0,5390.0,75.0,JPY,61,2016-05-09,5390.0,JPY,JP,True,False,False,False,False,False,False,3178.0,-4043.0,-0.7500927643784787,2025-01-20,False,False,6.9706018518518515,True
281990,018d937f-0a74-71e4-ac4c-a73a341db1a6,JP,2025-03-13 19:43:46,1347.0,5390.0,75.0,JPY,61,2016-05-09,5390.0,JPY,JP,True,False,False,False,False,False,False,3230.0,-4043.0,-0.7500927643784787,2025-03-13,False,False,6.901851851851852,True
281990,018d937f-0a74-71e4-ac4c-a73a341db1a6,JP,2025-03-24 17:18:04,1347.0,5390.0,75.0,JPY,61,2016-05-09,5390.0,JPY,JP,True,False,False,False,False,False,False,3241.0,-4043.0,-0.7500927643784787,2025-03-24,False,False,7.006145833333333,True
281990,018d937f-0a74-71e4-ac4c-a73a341db1a6,JP,2025-05-05 17:31:52,1347.0,5390.0,75.0,JPY,61,2016-05-09,5390.0,JPY,JP,True,False,False,False,False,False,False,3283.0,-4043.0,-0.7500927643784787,2025-05-05,False,False,14.010034722222223,True
281990,018d937f-0a74-71e4-ac4c-a73a341db1a6,JP,2025-06-26 21:54:12,1347.0,5390.0,75.0,JPY,61,2016-05-09,5390.0,JPY,JP,True,False,False,False,False,False,False,3335.0,-4043.0,-0.7500927643784787,2025-06-26,False,False,13.80888888888889,True
281990,018d937f-0a74-71e4-ac4c-a73a341db1a6,JP,2025-08-11 17:21:03,1347.0,5390.0,75.0,JPY,61,2016-05-09,5390.0,JPY,JP,True,False,False,False,False,False,False,3381.0,-4043.0,-0.7500927643784787,2025-08-11,False,False,6.998576388888889,True
281990,018d937f-0a74-71e4-ac4c-a73a341db1a6,JP,2025-09-22 17:21:10,1347.0,5390.0,75.0,JPY,61,2016-05-09,5390.0,JPY,JP,True,False,False,False,False,False,False,3423.0,-4043.0,-0.7500927643784787,2025-09-22,False,False,14.001898148148149,True
281990,018d937f-0a74-71e4-ac4c-a73a341db1a6,PL,2016-06-23 17:54:40,158.35600000000002,175.95600000000002,10.0,PLN,61,2016-05-09,184.99,PLN,PL,True,True,True,False,False,False,False,45.0,-26.633999999999986,-0.1439753500189198,2016-06-23,True,True,10.989375,True
281990,018d937f-0a74-71e4-ac4c-a73a341db1a6,PL,2016-09-01 18:45:06,140.756,175.95600000000002,20.0,PLN,61,2016-05-09,184.99,PLN,PL,True,False,False,False,False,False,False,115.0,-44.23400000000001,-0.23911562787177687,2016-09-01,True,True,3.9791550925925927,True
281990,018d937f-0a74-71e4-ac4c-a73a341db1a6,PL,2016-09-13 17:45:04,140.756,175.95600000000002,20.0,PLN,61,2016-05-09,184.99,PLN,PL,True,False,False,False,False,False,False,127.0,-44.23400000000001,-0.23911562787177687,2016-09-13,True,True,3.0000115740740743,True
281990,018d937f-0a74-71e4-ac4c-a73a341db1a6,PL,2016-10-20 20:15:08,131.95600000000002,175.95600000000002,25.0,PLN,61,2016-05-09,184.99,PLN,PL,True,False,False,False,False,False,False,164.0,-53.03399999999999,-0.28668576679820523,2016-10-20,True,True,3.9166550925925927,True
281990,018d937f-0a74-71e4-ac4c-a73a341db1a6,PL,2016-10-28 18:15:03,131.95600000000002,175.95600000000002,25.0,PLN,61,2016-05-09,184.99,PLN,PL,True,False,False,False,False,False,False,172.0,-53.03399999999999,-0.28668576679820523,2016-10-28,True,True,4.062511574074074,True
281990,018d937f-0a74-71e4-ac4c-a73a341db1a6,PL,2016-11-23 18:15:13,117.876,175.95600000000002,33.0,PLN,61,2016-05-09,184.99,PLN,PL,True,False,False,False,False,False,False,198.0,-67.114,-0.3627979890804909,2016-11-23,True,True,6.104074074074074,True
281990,018d937f-0a74-71e4-ac4c-a73a341db1a6,PL,2016-12-22 21:15:06,87.956,219.95600000000002,60.0,PLN,61,2016-05-09,184.99,PLN,PL,True,False,False,False,False,False,False,227.0,-97.034,-0.5245364614303476,2016-12-22,True,True,11.02082175925926,True
281990,018d937f-0a74-71e4-ac4c-a73a341db1a6,PL,2016-12-23 03:15:08,117.876,175.95600000000002,33.0,PLN,61,2016-05-09,184.99,PLN,PL,True,False,False,False,False,False,False,228.0,-67.114,-0.3627979890804909,2016-12-23,True,True,,False
281990,018d937f-0a74-71e4-ac4c-a73a341db1a6,PL,2017-01-17 18:45:06,117.876,175.95600000000002,33.0,PLN,61,2016-05-09,184.99,PLN,PL,True,False,False,False,False,False,False,253.0,-67.114,-0.3627979890804909,2017-01-17,True,True,3.020891203703704,True
281990,018d937f-0a74-71e4-ac4c-a73a341db1a6,PL,2017-04-06 17:45:07,105.556,175.95600000000002,40.0,PLN,61,2016-05-09,184.99,PLN,PL,True,False,False,False,False,False,False,332.0,-79.43400000000001,-0.42939618357749076,2017-04-06,True,True,4.083310185185185,True
281990,018d937f-0a74-71e4-ac4c-a73a341db1a6,PL,2017-05-09 18:45:04,105.556,175.95600000000002,40.0,PLN,61,2016-05-09,184.99,PLN,PL,True,False,False,False,False,False,False,365.0,-79.43400000000001,-0.42939618357749076,2017-05-09,True,True,5.000011574074074,True
281990,018d937f-0a74-71e4-ac4c-a73a341db1a6,PL,2017-06-22 19:15:04,87.956,175.95600000000002,50.0,PLN,61,2016-05-09,184.99,PLN,PL,True,False,False,False,False,False,False,409.0,-97.034,-0.5245364614303476,2017-06-22,True,True,12.979166666666666,True
281990,018d937f-0a74-71e4-ac4c-a73a341db1a6,PL,2017-09-21 17:15:11,70.35600000000001,175.95600000000002,60.0,PLN,61,2016-05-09,184.99,PLN,PL,True,False,False,False,False,False,False,500.0,-114.634,-0.6196767392832045,2017-09-21,True,True,4.062430555555555,True
281990,018d937f-0a74-71e4-ac4c-a73a341db1a6,PL,2017-10-26 18:15:05,70.35600000000001,175.95600000000002,60.0,PLN,61,2016-05-09,184.99,PLN,PL,True,False,False,False,False,False,False,535.0,-114.634,-0.6196767392832045,2017-10-26,True,True,6.000081018518519,True
281990,018d937f-0a74-71e4-ac4c-a73a341db1a6,PL,2017-11-22 18:45:04,70.35600000000001,175.95600000000002,60.0,PLN,61,2016-05-09,184.99,PLN,PL,True,False,False,False,False,False,False,562.0,-114.634,-0.6196767392832045,2017-11-22,True,True,6.0000231481481485,True
281990,018d937f-0a74-71e4-ac4c-a73a341db1a6,PL,2017-12-07 14:15:13,70.35600000000001,175.95600000000002,60.0,PLN,61,2016-05-09,184.99,PLN,PL,True,False,False,False,False,False,False,577.0,-114.634,-0.6196767392832045,2017-12-07,True,True,4.0207291666666665,True
281990,018d937f-0a74-71e4-ac4c-a73a341db1a6,PL,2017-12-21 21:15:05,70.35600000000001,175.95600000000002,60.0,PLN,61,2016-05-09,184.99,PLN,PL,True,False,False,False,False,False,False,591.0,-114.634,-0.6196767392832045,2017-12-21,True,True,14.00005787037037,True
281990,018d937f-0a74-71e4-ac4c-a73a341db1a6,PL,2018-02-15 19:45:04,70.35600000000001,175.95600000000002,60.0,PLN,61,2016-05-09,184.99,PLN,PL,True,False,False,False,False,False,False,647.0,-114.634,-0.6196767392832045,2018-02-15,True,True,4.0000231481481485,True
281990,018d937f-0a74-71e4-ac4c-a73a341db1a6,PL,2018-02-22 19:45:06,70.35600000000001,175.95600000000002,60.0,PLN,61,2016-05-09,184.99,PLN,PL,True,False,False,False,False,False,False,654.0,-114.634,-0.6196767392832045,2018-02-22,True,True,4.0,True
281990,018d937f-0a74-71e4-ac4c-a73a341db1a6,PL,2018-05-17 18:15:08,70.35600000000001,175.95600000000002,60.0,PLN,61,2016-05-09,184.99,PLN,PL,True,False,False,False,False,False,False,738.0,-114.634,-0.6196767392832045,2018-05-17,True,True,8.166666666666666,True
281990,018d937f-0a74-71e4-ac4c-a73a341db1a6,PL,2018-06-21 20:03:06,70.35600000000001,175.95600000000002,60.0,PLN,61,2016-05-09,184.99,PLN,PL,True,False,False,False,False,False,False,773.0,-114.634,-0.6196767392832045,2018-06-21,True,True,13.910416666666666,True
281990,018d937f-0a74-71e4-ac4c-a73a341db1a6,PL,2018-09-06 17:23:05,70.35600000000001,175.95600000000002,60.0,PLN,61,2016-05-09,184.99,PLN,PL,True,False,False,False,False,False,False,850.0,-114.634,-0.6196767392832045,2018-09-06,True,True,3.9939467592592592,True
281990,018d937f-0a74-71e4-ac4c-a73a341db1a6,PL,2018-10-29 17:30:20,70.35600000000001,175.95600000000002,60.0,PLN,61,2016-05-09,184.99,PLN,PL,True,False,False,False,False,False,False,903.0,-114.634,-0.6196767392832045,2018-10-29,True,True,3.194803240740741,True
281990,018d937f-0a74-71e4-ac4c-a73a341db1a6,PL,2018-11-21 19:07:21,70.35600000000001,175.95600000000002,60.0,PLN,61,2016-05-09,184.99,PLN,PL,True,False,False,False,False,False,False,926.0,-114.634,-0.6196767392832045,2018-11-21,True,True,6.017430555555555,True
281990,018d937f-0a74-71e4-ac4c-a73a341db1a6,PL,2018-12-06 18:17:16,70.35600000000001,175.95600000000002,60.0,PLN,61,2016-05-09,184.99,PLN,PL,True,False,False,False,False,False,False,941.0,-114.634,-0.6196767392832045,2018-12-06,True,True,4.038287037037037,True
281990,018d937f-0a74-71e4-ac4c-a73a341db1a6,PL,2018-12-20 19:03:37,43.956,175.95600000000002,75.0,PLN,61,2016-05-09,184.99,PLN,PL,True,False,False,False,False,False,False,955.0,-141.034,-0.7623871560624899,2018-12-20,True,True,13.998645833333333,True
281990,018d937f-0a74-71e4-ac4c-a73a341db1a6,PL,2019-02-04 18:20:30,43.956,175.95600000000002,75.0,PLN,61,2016-05-09,184.99,PLN,PL,True,False,False,False,False,False,False,1001.0,-141.034,-0.7623871560624899,2019-02-04,True,True,7.030520833333333,True
281990,018d937f-0a74-71e4-ac4c-a73a341db1a6,PL,2019-02-14 19:06:02,219.95600000000002,219.95600000000002,0.0,PLN,61,2016-05-09,184.99,PLN,PL,False,False,False,True,False,False,False,1011.0,34.96600000000001,0.18901562246607928,2019-02-14,True,True,,False
281990,018d937f-0a74-71e4-ac4c-a73a341db1a6,PL,2019-02-17 19:11:42,175.95600000000002,175.95600000000002,0.0,PLN,61,2016-05-09,184.99,PLN,PL,False,False,False,True,False,False,False,1014.0,-9.033999999999992,-0.048835072166062976,2019-02-17,True,True,,False
281990,018d937f-0a74-71e4-ac4c-a73a341db1a6,PL,2019-05-09 18:15:11,43.956,175.95600000000002,75.0,PLN,61,2016-05-09,184.99,PLN,PL,True,False,False,False,False,False,False,1095.0,-141.034,-0.7623871560624899,2019-05-09,True,True,3.9764351851851854,True
281990,018d937f-0a74-71e4-ac4c-a73a341db1a6,PL,2019-05-30 17:32:51,43.956,175.95600000000002,75.0,PLN,61,2016-05-09,184.99,PLN,PL,True,False,False,False,False,False,False,1116.0,-141.034,-0.7623871560624899,2019-05-30,True,True,7.993391203703704,True
281990,018d937f-0a74-71e4-ac4c-a73a341db1a6,PL,2019-06-25 17:53:04,43.956,175.95600000000002,75.0,PLN,61,2016-05-09,184.99,PLN,PL,True,False,False,False,False,False,False,1142.0,-141.034,-0.7623871560624899,2019-06-25,True,True,14.014351851851853,True
281990,018d937f-0a74-71e4-ac4c-a73a341db1a6,PL,2019-07-18 18:48:20,43.956,175.95600000000002,75.0,PLN,61,2016-05-09,184.99,PLN,PL,True,False,False,False,False,False,False,1165.0,-141.034,-0.7623871560624899,2019-07-18,True,True,3.980451388888889,True
281990,018d937f-0a74-71e4-ac4c-a73a341db1a6,PL,2019-10-17 17:21:11,43.956,175.95600000000002,75.0,PLN,61,2016-05-09,184.99,PLN,PL,True,False,False,False,False,False,False,1256.0,-141.034,-0.7623871560624899,2019-10-17,True,True,8.000081018518518,True
281990,018d937f-0a74-71e4-ac4c-a73a341db1a6,PL,2019-11-26 18:07:39,43.956,175.95600000000002,75.0,PLN,61,2016-05-09,184.99,PLN,PL,True,False,False,False,False,False,False,1296.0,-141.034,-0.7623871560624899,2019-11-26,True,True,7.018113425925926,True
281990,018d937f-0a74-71e4-ac4c-a73a341db1a6,PL,2019-12-10 18:21:24,43.956,175.95600000000002,75.0,PLN,61,2016-05-09,184.99,PLN,PL,True,False,False,False,False,False,False,1310.0,-141.034,-0.7623871560624899,2019-12-10,True,True,0.03179398148148148,True
281990,018d937f-0a74-71e4-ac4c-a73a341db1a6,PL,2019-12-19 18:30:56,43.956,175.95600000000002,75.0,PLN,61,2016-05-09,184.99,PLN,PL,True,False,False,False,False,False,False,1319.0,-141.034,-0.7623871560624899,2019-12-19,True,True,14.006319444444445,True
281990,018d937f-0a74-71e4-ac4c-a73a341db1a6,PL,2020-01-23 18:29:57,43.956,175.95600000000002,75.0,PLN,61,2016-05-09,184.99,PLN,PL,True,False,False,False,False,False,False,1354.0,-141.034,-0.7623871560624899,2020-01-23,True,True,3.9992824074074074,True
281990,018d937f-0a74-71e4-ac4c-a73a341db1a6,PL,2020-03-17 09:07:20,43.956,175.95600000000002,75.0,PLN,61,2016-05-09,184.99,PLN,PL,True,False,False,False,False,False,False,1408.0,-141.034,-0.7623871560624899,2020-03-17,True,True,3.3431712962962963,True
281990,018d937f-0a74-71e4-ac4c-a73a341db1a6,PL,2020-05-12 08:21:18,43.956,175.95600000000002,75.0,PLN,61,2016-05-09,184.99,PLN,PL,True,False,False,False,False,False,False,1464.0,-141.034,-0.7623871560624899,2020-05-12,True,True,6.3751388888888885,True
281990,018d937f-0a74-71e4-ac4c-a73a341db1a6,PL,2020-05-12 18:08:42,43.956,175.95600000000002,75.0,PLN,61,2016-05-09,184.99,PLN,PL,True,False,False,False,False,False,False,1464.0,-141.034,-0.7623871560624899,2020-05-12,True,True,,False
281990,018d937f-0a74-71e4-ac4c-a73a341db1a6,PL,2020-06-25 17:52:03,43.956,175.95600000000002,75.0,PLN,61,2016-05-09,184.99,PLN,PL,True,False,False,False,False,False,False,1508.0,-141.034,-0.7623871560624899,2020-06-25,True,True,13.981134259259258,True
281990,018d937f-0a74-71e4-ac4c-a73a341db1a6,PL,2020-09-24 17:21:44,43.956,175.95600000000002,75.0,PLN,61,2016-05-09,184.99,PLN,PL,True,False,False,False,False,False,False,1599.0,-141.034,-0.7623871560624899,2020-09-24,True,True,3.999652777777778,True
281990,018d937f-0a74-71e4-ac4c-a73a341db1a6,PL,2020-10-29 17:07:58,43.956,175.95600000000002,75.0,PLN,61,2016-05-09,184.99,PLN,PL,True,False,False,False,False,False,False,1634.0,-141.034,-0.7623871560624899,2020-10-29,True,True,4.055127314814815,True
281990,018d937f-0a74-71e4-ac4c-a73a341db1a6,PL,2020-11-25 18:24:33,43.956,175.95600000000002,75.0,PLN,61,2016-05-09,184.99,PLN,PL,True,False,False,False,False,False,False,1661.0,-141.034,-0.7623871560624899,2020-11-25,True,True,5.997997685185185,True
281990,018d937f-0a74-71e4-ac4c-a73a341db1a6,PL,2020-12-22 18:58:48,43.956,175.95600000000002,75.0,PLN,61,2016-05-09,184.99,PLN,PL,True,False,False,False,False,False,False,1688.0,-141.034,-0.7623871560624899,2020-12-22,True,True,13.997916666666667,True
281990,018d937f-0a74-71e4-ac4c-a73a341db1a6,PL,2021-02-04 18:21:19,43.956,175.95600000000002,75.0,PLN,61,2016-05-09,184.99,PLN,PL,True,False,False,False,False,False,False,1732.0,-141.034,-0.7623871560624899,2021-02-04,True,True,11.001076388888889,True
281990,018d937f-0a74-71e4-ac4c-a73a341db1a6,PL,2021-04-15 17:18:12,43.956,175.95600000000002,75.0,PLN,61,2016-05-09,184.99,PLN,PL,True,False,False,False,False,False,False,1802.0,-141.034,-0.7623871560624899,2021-04-15,True,True,4.0650462962962965,True
281990,018d937f-0a74-71e4-ac4c-a73a341db1a6,PL,2021-05-20 18:03:26,43.956,175.95600000000002,75.0,PLN,61,2016-05-09,184.99,PLN,PL,True,False,False,False,False,False,False,1837.0,-141.034,-0.7623871560624899,2021-05-20,True,True,3.9731828703703704,True
281990,018d937f-0a74-71e4-ac4c-a73a341db1a6,PL,2021-06-24 22:13:53,43.956,175.95600000000002,75.0,PLN,61,2016-05-09,184.99,PLN,PL,True,False,False,False,False,False,False,1872.0,-141.034,-0.7623871560624899,2021-06-24,True,True,13.800023148148147,True
281990,018d937f-0a74-71e4-ac4c-a73a341db1a6,PL,2021-09-14 17:36:15,43.956,175.95600000000002,75.0,PLN,61,2016-05-09,184.99,PLN,PL,True,False,False,False,False,False,False,1954.0,-141.034,-0.7623871560624899,2021-09-14,True,True,6.001064814814815,True
281990,018d937f-0a74-71e4-ac4c-a73a341db1a6,PL,2021-10-28 18:01:35,43.956,175.95600000000002,75.0,PLN,61,2016-05-09,184.99,PLN,PL,True,False,False,False,False,False,False,1998.0,-141.034,-0.7623871560624899,2021-10-28,True,True,4.006018518518519,True
281990,018d937f-0a74-71e4-ac4c-a73a341db1a6,PL,2021-11-22 18:39:19,43.956,175.95600000000002,75.0,PLN,61,2016-05-09,184.99,PLN,PL,True,False,False,False,False,False,False,2023.0,-141.034,-0.7623871560624899,2021-11-22,True,True,9.002534722222222,True
281990,018d937f-0a74-71e4-ac4c-a73a341db1a6,PL,2021-12-22 18:29:49,43.956,175.95600000000002,75.0,PLN,61,2016-05-09,184.99,PLN,PL,True,False,False,False,False,False,False,2053.0,-141.034,-0.7623871560624899,2021-12-22,True,True,14.0225,True
281990,018d937f-0a74-71e4-ac4c-a73a341db1a6,PL,2022-01-27 18:14:45,43.956,175.95600000000002,75.0,PLN,61,2016-05-09,184.99,PLN,PL,True,False,False,False,False,False,False,2089.0,-141.034,-0.7623871560624899,2022-01-27,True,True,7.026087962962963,True
281990,018d937f-0a74-71e4-ac4c-a73a341db1a6,PL,2022-05-12 17:09:14,35.2,175.95600000000002,80.0,PLN,61,2016-05-09,184.99,PLN,PL,True,False,False,False,False,False,False,2194.0,-149.79000000000002,-0.8097194442942861,2022-05-12,True,True,11.016782407407407,True
281990,018d937f-0a74-71e4-ac4c-a73a341db1a6,PL,2022-06-23 17:58:18,43.956,175.95600000000002,75.0,PLN,61,2016-05-09,184.99,PLN,PL,True,False,False,False,False,False,False,2236.0,-141.034,-0.7623871560624899,2022-06-23,True,True,13.969328703703704,True
281990,018d937f-0a74-71e4-ac4c-a73a341db1a6,PL,2022-09-19 17:33:24,43.956,175.95600000000002,75.0,PLN,61,2016-05-09,184.99,PLN,PL,True,False,False,False,False,False,False,2324.0,-141.034,-0.7623871560624899,2022-09-19,True,True,2.9908912037037036,True
281990,018d937f-0a74-71e4-ac4c-a73a341db1a6,PL,2022-10-25 17:50:53,43.956,175.95600000000002,75.0,PLN,61,2016-05-09,184.99,PLN,PL,True,False,False,False,False,False,False,2360.0,-141.034,-0.7623871560624899,2022-10-25,True,True,6.978796296296296,True
281990,018d937f-0a74-71e4-ac4c-a73a341db1a6,PL,2022-11-22 18:56:32,43.956,175.95600000000002,75.0,PLN,61,2016-05-09,184.99,PLN,PL,True,False,False,False,False,False,False,2388.0,-141.034,-0.7623871560624899,2022-11-22,True,True,6.9806944444444445,True
281990,018d937f-0a74-71e4-ac4c-a73a341db1a6,PL,2022-12-22 18:29:59,43.956,175.95600000000002,75.0,PLN,61,2016-05-09,184.99,PLN,PL,True,False,False,False,False,False,False,2418.0,-141.034,-0.7623871560624899,2022-12-22,True,True,14.009143518518519,True
281990,018d937f-0a74-71e4-ac4c-a73a341db1a6,PL,2023-03-14 18:12:08,43.956,175.95600000000002,75.0,PLN,61,2016-05-09,184.99,PLN,PL,True,False,False,False,False,False,False,2500.0,-141.034,-0.7623871560624899,2023-03-14,True,True,9.034918981481482,True
281990,018d937f-0a74-71e4-ac4c-a73a341db1a6,PL,2023-05-09 17:06:08,43.956,175.95600000000002,75.0,PLN,61,2016-05-09,184.99,PLN,PL,True,False,False,False,False,False,False,2556.0,-141.034,-0.7623871560624899,2023-05-09,True,True,9.006481481481481,True
281990,018d937f-0a74-71e4-ac4c-a73a341db1a6,PL,2023-06-22 17:19:39,43.956,175.95600000000002,75.0,PLN,61,2016-05-09,184.99,PLN,PL,True,False,False,False,False,False,False,2600.0,-141.034,-0.7623871560624899,2023-06-22,True,True,4.0056365740740745,True
281990,018d937f-0a74-71e4-ac4c-a73a341db1a6,PL,2023-06-29 17:59:20,43.956,43.956,0.0,PLN,61,2016-05-09,184.99,PLN,PL,False,False,False,True,False,False,False,2607.0,-141.034,-0.7623871560624899,2023-06-29,True,True,,False
281990,018d937f-0a74-71e4-ac4c-a73a341db1a6,PL,2023-07-13 17:43:16,175.95600000000002,175.95600000000002,0.0,PLN,61,2016-05-09,184.99,PLN,PL,False,False,False,True,False,False,False,2621.0,-9.033999999999992,-0.048835072166062976,2023-07-13,True,True,,False
281990,018d937f-0a74-71e4-ac4c-a73a341db1a6,PL,2023-08-28 17:03:14,52.75600000000001,175.95600000000002,70.0,PLN,61,2016-05-09,184.99,PLN,PL,True,False,False,False,False,False,False,2667.0,-132.234,-0.7148170171360614,2023-08-28,True,True,7.008541666666667,True
281990,018d937f-0a74-71e4-ac4c-a73a341db1a6,PL,2023-11-16 18:03:22,52.75600000000001,175.95600000000002,70.0,PLN,61,2016-05-09,184.99,PLN,PL,True,False,False,False,False,False,False,2747.0,-132.234,-0.7148170171360614,2023-11-16,True,True,12.034664351851852,True
281990,018d937f-0a74-71e4-ac4c-a73a341db1a6,PL,2023-12-21 18:14:52,52.75600000000001,175.95600000000002,70.0,PLN,61,2016-05-09,184.99,PLN,PL,True,False,False,False,False,False,False,2782.0,-132.234,-0.7148170171360614,2023-12-21,True,True,14.01230324074074,True
281990,018d937f-0a74-71e4-ac4c-a73a341db1a6,PL,2024-03-14 17:16:14,52.75600000000001,175.95600000000002,70.0,PLN,61,2016-05-09,184.99,PLN,PL,True,False,False,False,False,False,False,2866.0,-132.234,-0.7148170171360614,2024-03-14,True,True,7.002268518518519,True
281990,018d937f-0a74-71e4-ac4c-a73a341db1a6,PL,2024-05-07 17:15:26,52.75600000000001,175.95600000000002,70.0,PLN,61,2016-05-09,184.99,PLN,PL,True,False,False,False,False,False,False,2920.0,-132.234,-0.7148170171360614,2024-05-07,True,True,13.000775462962963,True
281990,018d937f-0a74-71e4-ac4c-a73a341db1a6,PL,2024-06-20 17:15:42,49.80461538461539,166.11230769230772,70.0,PLN,61,2016-05-09,184.99,PLN,PL,True,False,False,False,False,False,False,2964.0,-135.18538461538463,-0.7307713098836943,2024-06-20,True,True,21.00267361111111,True
281990,018d937f-0a74-71e4-ac4c-a73a341db1a6,PL,2024-09-02 17:17:49,41.49692307692308,166.11230769230772,75.0,PLN,61,2016-05-09,184.99,PLN,PL,True,False,False,False,False,False,False,3038.0,-143.49307692307693,-0.7756801822967562,2024-09-02,True,True,14.000277777777777,True
281990,018d937f-0a74-71e4-ac4c-a73a341db1a6,PL,2024-10-29 17:15:53,41.49692307692308,166.11230769230772,75.0,PLN,61,2016-05-09,184.99,PLN,PL,True,False,False,False,False,False,False,3095.0,-143.49307692307693,-0.7756801822967562,2024-10-29,True,True,8.999513888888888,True
281990,018d937f-0a74-71e4-ac4c-a73a341db1a6,PL,2024-11-27 21:02:02,41.49692307692308,166.11230769230772,75.0,PLN,61,2016-05-09,184.99,PLN,PL,True,False,False,False,False,False,False,3124.0,-143.49307692307693,-0.7756801822967562,2024-11-27,True,True,6.886296296296297,True
281990,018d937f-0a74-71e4-ac4c-a73a341db1a6,PL,2024-12-19 22:53:23,16.573846153846155,166.11230769230772,90.0,PLN,61,2016-05-09,184.99,PLN,PL,True,False,False,False,False,False,False,3146.0,-168.41615384615386,-0.9104067995359416,2024-12-19,True,True,13.810289351851852,True
281990,018d937f-0a74-71e4-ac4c-a73a341db1a6,PL,2025-01-20 18:43:41,41.49692307692308,166.11230769230772,75.0,PLN,61,2016-05-09,184.99,PLN,PL,True,False,False,False,False,False,False,3178.0,-143.49307692307693,-0.7756801822967562,2025-01-20,True,True,6.974050925925926,True
281990,018d937f-0a74-71e4-ac4c-a73a341db1a6,PL,2025-03-13 18:26:53,41.49692307692308,166.11230769230772,75.0,PLN,61,2016-05-09,184.99,PLN,PL,True,False,False,False,False,False,False,3230.0,-143.49307692307693,-0.7756801822967562,2025-03-13,True,True,6.952893518518518,True
281990,018d937f-0a74-71e4-ac4c-a73a341db1a6,PL,2025-03-24 17:16:42,41.49692307692308,166.11230769230772,75.0,PLN,61,2016-05-09,184.99,PLN,PL,True,False,False,False,False,False,False,3241.0,-143.49307692307693,-0.7756801822967562,2025-03-24,True,True,7.004201388888889,True
281990,018d937f-0a74-71e4-ac4c-a73a341db1a6,PL,2025-05-05 17:38:52,41.49692307692308,166.11230769230772,75.0,PLN,61,2016-05-09,184.99,PLN,PL,True,False,False,False,False,False,False,3283.0,-143.49307692307693,-0.7756801822967562,2025-05-05,True,True,14.201157407407408,True
281990,018d937f-0a74-71e4-ac4c-a73a341db1a6,PL,2025-06-26 21:16:38,41.91882352941177,167.80117647058825,75.0,PLN,61,2016-05-09,184.99,PLN,PL,True,False,False,False,False,False,False,3335.0,-143.07117647058823,-0.7733995160310732,2025-06-26,True,True,13.834166666666667,True
281990,018d937f-0a74-71e4-ac4c-a73a341db1a6,PL,2025-08-11 17:21:07,41.91882352941177,167.80117647058825,75.0,PLN,61,2016-05-09,184.99,PLN,PL,True,False,False,False,False,False,False,3381.0,-143.07117647058823,-0.7733995160310732,2025-08-11,True,True,6.997604166666667,True
281990,018d937f-0a74-71e4-ac4c-a73a341db1a6,PL,2025-09-22 17:17:53,41.91882352941177,167.80117647058825,75.0,PLN,61,2016-05-09,184.99,PLN,PL,True,False,False,False,False,False,False,3423.0,-143.07117647058823,-0.7733995160310732,2025-09-22,True,True,14.000891203703704,True
281990,018d937f-0a74-71e4-ac4c-a73a341db1a6,TR,2016-06-23 18:26:10,1.8585000000000003,2.0650000000000004,10.0,USD,61,2016-05-09,23.99,USD,TR,True,True,True,False,False,False,False,45.0,-22.1315,-0.9225302209253856,2016-06-23,True,True,10.95199074074074,True
281990,018d937f-0a74-71e4-ac4c-a73a341db1a6,TR,2016-09-01 18:46:25,1.6520000000000004,2.0650000000000004,20.0,USD,61,2016-05-09,23.99,USD,TR,True,False,False,False,False,False,False,115.0,-22.337999999999997,-0.9311379741558983,2016-09-01,True,True,3.9583680555555554,True
281990,018d937f-0a74-71e4-ac4c-a73a341db1a6,TR,2016-09-13 18:16:25,1.6520000000000004,2.0650000000000004,20.0,USD,61,2016-05-09,23.99,USD,TR,True,False,False,False,False,False,False,127.0,-22.337999999999997,-0.9311379741558983,2016-09-13,True,True,2.9998958333333334,True
281990,018d937f-0a74-71e4-ac4c-a73a341db1a6,TR,2016-10-20 18:16:51,1.54875,2.0650000000000004,25.0,USD,61,2016-05-09,23.99,USD,TR,True,False,False,False,False,False,False,164.0,-22.441249999999997,-0.9354418507711546,2016-10-20,True,True,4.020555555555555,True
281990,018d937f-0a74-71e4-ac4c-a73a341db1a6,TR,2016-10-28 18:46:11,1.54875,2.0650000000000004,25.0,USD,61,2016-05-09,23.99,USD,TR,True,False,False,False,False,False,False,172.0,-22.441249999999997,-0.9354418507711546,2016-10-28,True,True,4.041840277777778,True
281990,018d937f-0a74-71e4-ac4c-a73a341db1a6,TR,2016-11-23 19:49:30,1.3835500000000003,2.0650000000000004,33.0,USD,61,2016-05-09,23.99,USD,TR,True,False,False,False,False,False,False,198.0,-22.60645,-0.9423280533555648,2016-11-23,True,True,6.019328703703704,True
281990,018d937f-0a74-71e4-ac4c-a73a341db1a6,TR,2016-12-22 19:47:47,1.05,2.6250000000000004,60.0,USD,61,2016-05-09,23.99,USD,TR,True,False,False,False,False,False,False,227.0,-22.939999999999998,-0.9562317632346811,2016-12-22,True,True,10.999386574074075,True
281990,018d937f-0a74-71e4-ac4c-a73a341db1a6,TR,2016-12-22 22:46:20,1.3835500000000003,2.0650000000000004,33.0,USD,61,2016-05-09,23.99,USD,TR,True,False,False,False,False,False,False,227.0,-22.60645,-0.9423280533555648,2016-12-22,True,True,,False
281990,018d937f-0a74-71e4-ac4c-a73a341db1a6,TR,2017-01-17 18:47:11,1.3835500000000003,2.0650000000000004,33.0,USD,61,2016-05-09,23.99,USD,TR,True,False,False,False,False,False,False,253.0,-22.60645,-0.9423280533555648,2017-01-17,True,True,3.0211111111111113,True
281990,018d937f-0a74-71e4-ac4c-a73a341db1a6,TR,2017-04-06 17:16:58,1.239,2.0650000000000004,40.0,USD,61,2016-05-09,23.99,USD,TR,True,False,False,False,False,False,False,332.0,-22.750999999999998,-0.9483534806169237,2017-04-06,True,True,4.083368055555556,True
281990,018d937f-0a74-71e4-ac4c-a73a341db1a6,TR,2017-05-09 18:16:43,1.239,2.0650000000000004,40.0,USD,61,2016-05-09,23.99,USD,TR,True,False,False,False,False,False,False,365.0,-22.750999999999998,-0.9483534806169237,2017-05-09,True,True,4.978553240740741,True
281990,018d937f-0a74-71e4-ac4c-a73a341db1a6,TR,2017-05-23 15:45:55,3.07965,3.07965,0.0,USD,61,2016-05-09,23.99,USD,TR,False,False,False,True,False,False,False,379.0,-20.910349999999998,-0.8716277615673197,2017-05-23,True,True,,False
281990,018d937f-0a74-71e4-ac4c-a73a341db1a6,TR,2017-06-22 19:16:28,1.5396500000000002,3.07965,50.0,USD,61,2016-05-09,23.99,USD,TR,True,False,False,False,False,False,False,409.0,-22.450349999999997,-0.9358211754897874,2017-06-22,True,True,13.020636574074073,True
281990,018d937f-0a74-71e4-ac4c-a73a341db1a6,TR,2017-07-05 21:16:29,2.0650000000000004,2.0650000000000004,0.0,USD,61,2016-05-09,23.99,USD,TR,False,False,False,True,False,False,False,422.0,-21.924999999999997,-0.9139224676948728,2017-07-05,True,True,,False
281990,018d937f-0a74-71e4-ac4c-a73a341db1a6,TR,2017-09-21 18:16:41,0.8260000000000002,2.0650000000000004,60.0,USD,61,2016-05-09,23.99,USD,TR,True,False,False,False,False,False,False,500.0,-23.163999999999998,-0.9655689870779491,2017-09-21,True,True,4.000104166666667,True
281990,018d937f-0a74-71e4-ac4c-a73a341db1a6,TR,2017-10-26 19:16:43,0.8260000000000002,2.0650000000000004,60.0,USD,61,2016-05-09,23.99,USD,TR,True,False,False,False,False,False,False,535.0,-23.163999999999998,-0.9655689870779491,2017-10-26,True,True,6.000578703703703,True
281990,018d937f-0a74-71e4-ac4c-a73a341db1a6,TR,2017-11-22 23:16:19,0.8260000000000002,2.0650000000000004,60.0,USD,61,2016-05-09,23.99,USD,TR,True,False,False,False,False,False,False,562.0,-23.163999999999998,-0.9655689870779491,2017-11-22,True,True,5.813796296296296,True
281990,018d937f-0a74-71e4-ac4c-a73a341db1a6,TR,2017-12-07 15:46:17,0.8260000000000002,2.0650000000000004,60.0,USD,61,2016-05-09,23.99,USD,TR,True,False,False,False,False,False,False,577.0,-23.163999999999998,-0.9655689870779491,2017-12-07,True,True,3.979386574074074,True
281990,018d937f-0a74-71e4-ac4c-a73a341db1a6,TR,2017-12-21 19:46:23,0.8260000000000002,2.0650000000000004,60.0,USD,61,2016-05-09,23.99,USD,TR,True,False,False,False,False,False,False,591.0,-23.163999999999998,-0.9655689870779491,2017-12-21,True,True,14.021539351851851,True
281990,018d937f-0a74-71e4-ac4c-a73a341db1a6,TR,2018-02-15 19:31:00,0.8260000000000002,2.0650000000000004,60.0,USD,61,2016-05-09,23.99,USD,TR,True,False,False,False,False,False,False,647.0,-23.163999999999998,-0.9655689870779491,2018-02-15,True,True,3.9777893518518517,True
281990,018d937f-0a74-71e4-ac4c-a73a341db1a6,TR,2018-02-22 20:07:02,0.8260000000000002,2.0650000000000004,60.0,USD,61,2016-05-09,23.99,USD,TR,True,False,False,False,False,False,False,654.0,-23.163999999999998,-0.9655689870779491,2018-02-22,True,True,3.999560185185185,True
281990,018d937f-0a74-71e4-ac4c-a73a341db1a6,TR,2018-05-17 19:31:09,0.8260000000000002,2.0650000000000004,60.0,USD,61,2016-05-09,23.99,USD,TR,True,False,False,False,False,False,False,738.0,-23.163999999999998,-0.9655689870779491,2018-05-17,True,True,8.022638888888888,True
281990,018d937f-0a74-71e4-ac4c-a73a341db1a6,TR,2018-06-21 18:10:40,0.8260000000000002,2.0650000000000004,60.0,USD,61,2016-05-09,23.99,USD,TR,True,False,False,False,False,False,False,773.0,-23.163999999999998,-0.9655689870779491,2018-06-21,True,True,13.993900462962962,True
281990,018d937f-0a74-71e4-ac4c-a73a341db1a6,TR,2018-09-06 17:13:27,0.8260000000000002,2.0650000000000004,60.0,USD,61,2016-05-09,23.99,USD,TR,True,False,False,False,False,False,False,850.0,-23.163999999999998,-0.9655689870779491,2018-09-06,True,True,4.0059606481481485,True
281990,018d937f-0a74-71e4-ac4c-a73a341db1a6,TR,2018-10-29 17:36:36,0.8260000000000002,2.0650000000000004,60.0,USD,61,2016-05-09,23.99,USD,TR,True,False,False,False,False,False,False,903.0,-23.163999999999998,-0.9655689870779491,2018-10-29,True,True,2.9897685185185185,True
281990,018d937f-0a74-71e4-ac4c-a73a341db1a6,TR,2018-11-21 19:23:04,0.8260000000000002,2.0650000000000004,60.0,USD,61,2016-05-09,23.99,USD,TR,True,False,False,False,False,False,False,926.0,-23.163999999999998,-0.9655689870779491,2018-11-21,True,True,5.982349537037037,True
281990,018d937f-0a74-71e4-ac4c-a73a341db1a6,TR,2018-12-06 18:21:22,0.8260000000000002,2.0650000000000004,60.0,USD,61,2016-05-09,23.99,USD,TR,True,False,False,False,False,False,False,941.0,-23.163999999999998,-0.9655689870779491,2018-12-06,True,True,4.060520833333333,True
281990,018d937f-0a74-71e4-ac4c-a73a341db1a6,TR,2018-12-20 18:23:10,0.5162500000000001,2.0650000000000004,75.0,USD,61,2016-05-09,23.99,USD,TR,True,False,False,False,False,False,False,955.0,-23.47375,-0.9784806169237182,2018-12-20,True,True,14.239479166666667,True
281990,018d937f-0a74-71e4-ac4c-a73a341db1a6,TR,2019-02-04 18:56:48,0.5162500000000001,2.0650000000000004,75.0,USD,61,2016-05-09,23.99,USD,TR,True,False,False,False,False,False,False,1001.0,-23.47375,-0.9784806169237182,2019-02-04,True,True,7.106400462962963,True
281990,018d937f-0a74-71e4-ac4c-a73a341db1a6,TR,2019-02-14 21:32:20,2.0650000000000004,2.0650000000000004,0.0,USD,61,2016-05-09,23.99,USD,TR,False,False,False,True,False,False,False,1011.0,-21.924999999999997,-0.9139224676948728,2019-02-14,True,True,,False
281990,018d937f-0a74-71e4-ac4c-a73a341db1a6,TR,2019-05-09 17:44:39,0.5162500000000001,2.0650000000000004,75.0,USD,61,2016-05-09,23.99,USD,TR,True,False,False,False,False,False,False,1095.0,-23.47375,-0.9784806169237182,2019-05-09,True,True,3.981712962962963,True
281990,018d937f-0a74-71e4-ac4c-a73a341db1a6,TR,2019-05-30 17:17:25,0.5162500000000001,2.0650000000000004,75.0,USD,61,2016-05-09,23.99,USD,TR,True,False,False,False,False,False,False,1116.0,-23.47375,-0.9784806169237182,2019-05-30,True,True,7.996053240740741,True
281990,018d937f-0a74-71e4-ac4c-a73a341db1a6,TR,2019-06-25 17:43:10,0.5162500000000001,2.0650000000000004,75.0,USD,61,2016-05-09,23.99,USD,TR,True,False,False,False,False,False,False,1142.0,-23.47375,-0.9784806169237182,2019-06-25,True,True,14.13167824074074,True
281990,018d937f-0a74-71e4-ac4c-a73a341db1a6,TR,2019-07-18 18:35:45,0.5162500000000001,2.0650000000000004,75.0,USD,61,2016-05-09,23.99,USD,TR,True,False,False,False,False,False,False,1165.0,-23.47375,-0.9784806169237182,2019-07-18,True,True,3.995034722222222,True
281990,018d937f-0a74-71e4-ac4c-a73a341db1a6,TR,2019-10-17 17:21:21,0.5162500000000001,2.0650000000000004,75.0,USD,61,2016-05-09,23.99,USD,TR,True,False,False,False,False,False,False,1256.0,-23.47375,-0.9784806169237182,2019-10-17,True,True,8.0,True
281990,018d937f-0a74-71e4-ac4c-a73a341db1a6,TR,2019-11-26 18:09:33,0.5162500000000001,2.0650000000000004,75.0,USD,61,2016-05-09,23.99,USD,TR,True,False,False,False,False,False,False,1296.0,-23.47375,-0.9784806169237182,2019-11-26,True,True,7.01212962962963,True
281990,018d937f-0a74-71e4-ac4c-a73a341db1a6,TR,2019-12-10 18:21:11,0.5162500000000001,2.0650000000000004,75.0,USD,61,2016-05-09,23.99,USD,TR,True,False,False,False,False,False,False,1310.0,-23.47375,-0.9784806169237182,2019-12-10,True,True,0.03193287037037037,True
281990,018d937f-0a74-71e4-ac4c-a73a341db1a6,TR,2019-12-19 18:13:04,0.5162500000000001,2.0650000000000004,75.0,USD,61,2016-05-09,23.99,USD,TR,True,False,False,False,False,False,False,1319.0,-23.47375,-0.9784806169237182,2019-12-19,True,True,14.017118055555555,True
281990,018d937f-0a74-71e4-ac4c-a73a341db1a6,TR,2020-01-23 18:23:00,0.5162500000000001,2.0650000000000004,75.0,USD,61,2016-05-09,23.99,USD,TR,True,False,False,False,False,False,False,1354.0,-23.47375,-0.9784806169237182,2020-01-23,True,True,4.004212962962963,True
281990,018d937f-0a74-71e4-ac4c-a73a341db1a6,TR,2020-03-17 09:07:20,0.5162500000000001,2.0650000000000004,75.0,USD,61,2016-05-09,23.99,USD,TR,True,False,False,False,False,False,False,1408.0,-23.47375,-0.9784806169237182,2020-03-17,True,True,3.343113425925926,True
281990,018d937f-0a74-71e4-ac4c-a73a341db1a6,TR,2020-05-12 08:27:03,0.5162500000000001,2.0650000000000004,75.0,USD,61,2016-05-09,23.99,USD,TR,True,False,False,False,False,False,False,1464.0,-23.47375,-0.9784806169237182,2020-05-12,True,True,6.371284722222223,True
281990,018d937f-0a74-71e4-ac4c-a73a341db1a6,TR,2020-05-17 18:07:23,0.5162500000000001,2.0650000000000004,75.0,USD,61,2016-05-09,23.99,USD,TR,True,False,False,False,False,False,False,1469.0,-23.47375,-0.9784806169237182,2020-05-17,True,True,,False
281990,018d937f-0a74-71e4-ac4c-a73a341db1a6,TR,2020-06-25 18:34:20,0.5162500000000001,2.0650000000000004,75.0,USD,61,2016-05-09,23.99,USD,TR,True,False,False,False,False,False,False,1508.0,-23.47375,-0.9784806169237182,2020-06-25,True,True,13.953078703703703,True
281990,018d937f-0a74-71e4-ac4c-a73a341db1a6,TR,2020-09-24 17:22:22,0.5162500000000001,2.0650000000000004,75.0,USD,61,2016-05-09,23.99,USD,TR,True,False,False,False,False,False,False,1599.0,-23.47375,-0.9784806169237182,2020-09-24,True,True,3.999490740740741,True
281990,018d937f-0a74-71e4-ac4c-a73a341db1a6,TR,2020-10-29 17:01:01,0.5162500000000001,2.0650000000000004,75.0,USD,61,2016-05-09,23.99,USD,TR,True,False,False,False,False,False,False,1634.0,-23.47375,-0.9784806169237182,2020-10-29,True,True,4.059710648148148,True
281990,018d937f-0a74-71e4-ac4c-a73a341db1a6,TR,2020-11-25 18:32:16,0.5162500000000001,2.0650000000000004,75.0,USD,61,2016-05-09,23.99,USD,TR,True,False,False,False,False,False,False,1661.0,-23.47375,-0.9784806169237182,2020-11-25,True,True,5.993217592592592,True
281990,018d937f-0a74-71e4-ac4c-a73a341db1a6,TR,2020-12-22 19:01:53,0.5162500000000001,2.0650000000000004,75.0,USD,61,2016-05-09,23.99,USD,TR,True,False,False,False,False,False,False,1688.0,-23.47375,-0.9784806169237182,2020-12-22,True,True,13.997175925925927,True
281990,018d937f-0a74-71e4-ac4c-a73a341db1a6,TR,2021-02-04 18:21:11,0.5162500000000001,2.0650000000000004,75.0,USD,61,2016-05-09,23.99,USD,TR,True,False,False,False,False,False,False,1732.0,-23.47375,-0.9784806169237182,2021-02-04,True,True,11.000486111111112,True
281990,018d937f-0a74-71e4-ac4c-a73a341db1a6,TR,2021-04-15 17:18:11,0.5162500000000001,2.0650000000000004,75.0,USD,61,2016-05-09,23.99,USD,TR,True,False,False,False,False,False,False,1802.0,-23.47375,-0.9784806169237182,2021-04-15,True,True,4.064710648148148,True
281990,018d937f-0a74-71e4-ac4c-a73a341db1a6,TR,2021-05-20 18:03:29,0.5162500000000001,2.0650000000000004,75.0,USD,61,2016-05-09,23.99,USD,TR,True,False,False,False,False,False,False,1837.0,-23.47375,-0.9784806169237182,2021-05-20,True,True,3.9731365740740743,True
281990,018d937f-0a74-71e4-ac4c-a73a341db1a6,TR,2021-06-24 22:20:10,0.5162500000000001,2.0650000000000004,75.0,USD,61,2016-05-09,23.99,USD,TR,True,False,False,False,False,False,False,1872.0,-23.47375,-0.9784806169237182,2021-06-24,True,True,13.808217592592593,True
281990,018d937f-0a74-71e4-ac4c-a73a341db1a6,TR,2021-09-14 17:36:27,0.5162500000000001,2.0650000000000004,75.0,USD,61,2016-05-09,23.99,USD,TR,True,False,False,False,False,False,False,1954.0,-23.47375,-0.9784806169237182,2021-09-14,True,True,6.0124305555555555,True
281990,018d937f-0a74-71e4-ac4c-a73a341db1a6,TR,2021-10-28 20:05:35,0.5162500000000001,2.0650000000000004,75.0,USD,61,2016-05-09,23.99,USD,TR,True,False,False,False,False,False,False,1998.0,-23.47375,-0.9784806169237182,2021-10-28,True,True,3.9112962962962965,True
281990,018d937f-0a74-71e4-ac4c-a73a341db1a6,TR,2021-11-22 18:39:16,0.5162500000000001,2.0650000000000004,75.0,USD,61,2016-05-09,23.99,USD,TR,True,False,False,False,False,False,False,2023.0,-23.47375,-0.9784806169237182,2021-11-22,True,True,9.023703703703704,True
281990,018d937f-0a74-71e4-ac4c-a73a341db1a6,TR,2021-12-22 18:43:48,0.5162500000000001,2.0650000000000004,75.0,USD,61,2016-05-09,23.99,USD,TR,True,False,False,False,False,False,False,2053.0,-23.47375,-0.9784806169237182,2021-12-22,True,True,13.989236111111111,True
281990,018d937f-0a74-71e4-ac4c-a73a341db1a6,TR,2022-01-27 18:11:10,0.5162500000000001,2.0650000000000004,75.0,USD,61,2016-05-09,23.99,USD,TR,True,False,False,False,False,False,False,2089.0,-23.47375,-0.9784806169237182,2022-01-27,True,True,7.005763888888889,True
281990,018d937f-0a74-71e4-ac4c-a73a341db1a6,TR,2022-05-12 17:09:12,0.4130000000000001,2.0650000000000004,80.0,USD,61,2016-05-09,23.99,USD,TR,True,False,False,False,False,False,False,2194.0,-23.576999999999998,-0.9827844935389746,2022-05-12,True,True,11.00855324074074,True
281990,018d937f-0a74-71e4-ac4c-a73a341db1a6,TR,2022-06-23 17:54:43,0.69125,2.765,75.0,USD,61,2016-05-09,23.99,USD,TR,True,False,False,False,False,False,False,2236.0,-23.29875,-0.9711859107961651,2022-06-23,True,True,13.990092592592593,True
281990,018d937f-0a74-71e4-ac4c-a73a341db1a6,TR,2022-09-19 17:27:21,0.69125,2.765,75.0,USD,61,2016-05-09,23.99,USD,TR,True,False,False,False,False,False,False,2324.0,-23.29875,-0.9711859107961651,2022-09-19,True,True,2.9832870370370372,True
281990,018d937f-0a74-71e4-ac4c-a73a341db1a6,TR,2022-10-25 17:52:03,0.69125,2.765,75.0,USD,61,2016-05-09,23.99,USD,TR,True,False,False,False,False,False,False,2360.0,-23.29875,-0.9711859107961651,2022-10-25,True,True,6.978206018518518,True
281990,018d937f-0a74-71e4-ac4c-a73a341db1a6,TR,2022-11-22 19:23:05,0.69125,2.765,75.0,USD,61,2016-05-09,23.99,USD,TR,True,False,False,False,False,False,False,2388.0,-23.29875,-0.9711859107961651,2022-11-22,True,True,6.95625,True
281990,018d937f-0a74-71e4-ac4c-a73a341db1a6,TR,2022-12-22 18:58:42,0.69125,2.765,75.0,USD,61,2016-05-09,23.99,USD,TR,True,False,False,False,False,False,False,2418.0,-23.29875,-0.9711859107961651,2022-12-22,True,True,13.978553240740741,True
281990,018d937f-0a74-71e4-ac4c-a73a341db1a6,TR,2023-02-01 17:09:21,11.9,11.9,0.0,USD,61,2016-05-09,23.99,USD,TR,False,False,False,True,False,False,False,2459.0,-12.089999999999998,-0.5039599833263859,2023-02-01,True,True,,False
281990,018d937f-0a74-71e4-ac4c-a73a341db1a6,TR,2023-03-14 18:15:08,2.975,11.9,75.0,USD,61,2016-05-09,23.99,USD,TR,True,False,False,False,False,False,False,2500.0,-21.014999999999997,-0.8759899958315965,2023-03-14,True,True,9.128981481481482,True
281990,018d937f-0a74-71e4-ac4c-a73a341db1a6,TR,2023-05-09 17:03:15,2.975,11.9,75.0,USD,61,2016-05-09,23.99,USD,TR,True,False,False,False,False,False,False,2556.0,-21.014999999999997,-0.8759899958315965,2023-05-09,True,True,9.01144675925926,True
281990,018d937f-0a74-71e4-ac4c-a73a341db1a6,TR,2023-06-22 17:12:21,2.975,11.9,75.0,USD,61,2016-05-09,23.99,USD,TR,True,False,False,False,False,False,False,2600.0,-21.014999999999997,-0.8759899958315965,2023-06-22,True,True,4.002048611111111,True
281990,018d937f-0a74-71e4-ac4c-a73a341db1a6,TR,2023-06-29 17:50:13,2.975,11.9,75.0,USD,61,2016-05-09,23.99,USD,TR,True,False,False,False,False,False,False,2607.0,-21.014999999999997,-0.8759899958315965,2023-06-29,True,True,13.97644675925926,True
281990,018d937f-0a74-71e4-ac4c-a73a341db1a6,TR,2023-08-28 17:21:34,3.5700000000000003,11.9,70.0,USD,61,2016-05-09,23.99,USD,TR,True,False,False,False,False,False,False,2667.0,-20.419999999999998,-0.8511879949979158,2023-08-28,True,True,7.024895833333333,True
281990,018d937f-0a74-71e4-ac4c-a73a341db1a6,TR,2023-11-16 18:12:18,3.5700000000000003,11.9,70.0,USD,61,2016-05-09,23.99,USD,TR,True,False,False,False,False,False,False,2747.0,-20.419999999999998,-0.8511879949979158,2023-11-16,True,True,12.023657407407407,True
281990,018d937f-0a74-71e4-ac4c-a73a341db1a6,TR,2023-11-21 13:58:33,7.247450000000001,24.1822,70.0,USD,61,2016-05-09,23.99,USD,TR,True,False,False,False,False,False,False,2752.0,-16.742549999999998,-0.6978970404335139,2023-11-21,True,True,,False
281990,018d937f-0a74-71e4-ac4c-a73a341db1a6,TR,2023-12-21 18:45:05,7.338100000000001,24.4846,70.0,USD,61,2016-05-09,23.99,USD,TR,True,False,False,False,False,False,False,2782.0,-16.651899999999998,-0.6941183826594414,2023-12-21,True,True,13.988055555555556,True
281990,018d937f-0a74-71e4-ac4c-a73a341db1a6,TR,2024-02-11 01:29:32,23.99,23.99,0.0,USD,61,2016-05-09,23.99,USD,TR,False,True,False,False,False,False,False,2834.0,0.0,0.0,2024-02-11,False,False,,False
281990,018d937f-0a74-71e4-ac4c-a73a341db1a6,TR,2024-03-14 17:22:27,7.19,23.99,70.0,USD,61,2016-05-09,23.99,USD,TR,True,False,False,False,False,False,False,2866.0,-16.799999999999997,-0.7002917882451021,2024-03-14,False,False,6.997881944444444,True
281990,018d937f-0a74-71e4-ac4c-a73a341db1a6,TR,2024-05-07 17:15:15,7.19,23.99,70.0,USD,61,2016-05-09,23.99,USD,TR,True,False,False,False,False,False,False,2920.0,-16.799999999999997,-0.7002917882451021,2024-05-07,False,False,13.003391203703703,True
281990,018d937f-0a74-71e4-ac4c-a73a341db1a6,TR,2024-06-20 17:15:41,7.19,23.99,70.0,USD,61,2016-05-09,23.99,USD,TR,True,False,False,False,False,False,False,2964.0,-16.799999999999997,-0.7002917882451021,2024-06-20,False,False,21.002662037037037,True
281990,018d937f-0a74-71e4-ac4c-a73a341db1a6,TR,2024-09-02 17:17:43,5.99,23.99,75.0,USD,61,2016-05-09,23.99,USD,TR,True,False,False,False,False,False,False,3038.0,-18.0,-0.7503126302626094,2024-09-02,False,False,13.999618055555555,True
281990,018d937f-0a74-71e4-ac4c-a73a341db1a6,TR,2024-10-29 17:19:01,5.99,23.99,75.0,USD,61,2016-05-09,23.99,USD,TR,True,False,False,False,False,False,False,3095.0,-18.0,-0.7503126302626094,2024-10-29,False,False,8.999780092592593,True
281990,018d937f-0a74-71e4-ac4c-a73a341db1a6,TR,2024-11-27 21:27:31,5.99,23.99,75.0,USD,61,2016-05-09,23.99,USD,TR,True,False,False,False,False,False,False,3124.0,-18.0,-0.7503126302626094,2024-11-27,False,False,6.869988425925926,True
281990,018d937f-0a74-71e4-ac4c-a73a341db1a6,TR,2024-12-19 22:53:25,2.39,23.99,90.0,USD,61,2016-05-09,23.99,USD,TR,True,False,False,False,False,False,False,3146.0,-21.599999999999998,-0.9003751563151313,2024-12-19,False,False,13.810555555555556,True
281990,018d937f-0a74-71e4-ac4c-a73a341db1a6,TR,2025-01-20 18:21:11,5.99,23.99,75.0,USD,61,2016-05-09,23.99,USD,TR,True,False,False,False,False,False,False,3178.0,-18.0,-0.7503126302626094,2025-01-20,False,False,6.989675925925926,True
281990,018d937f-0a74-71e4-ac4c-a73a341db1a6,TR,2025-03-13 19:17:17,5.99,23.99,75.0,USD,61,2016-05-09,23.99,USD,TR,True,False,False,False,False,False,False,3230.0,-18.0,-0.7503126302626094,2025-03-13,False,False,6.917986111111111,True
281990,018d937f-0a74-71e4-ac4c-a73a341db1a6,TR,2025-03-24 17:16:39,5.99,23.99,75.0,USD,61,2016-05-09,23.99,USD,TR,True,False,False,False,False,False,False,3241.0,-18.0,-0.7503126302626094,2025-03-24,False,False,7.006238425925926,True
281990,018d937f-0a74-71e4-ac4c-a73a341db1a6,TR,2025-05-05 17:43:43,5.99,23.99,75.0,USD,61,2016-05-09,23.99,USD,TR,True,False,False,False,False,False,False,3283.0,-18.0,-0.7503126302626094,2025-05-05,False,False,14.204236111111111,True
281990,018d937f-0a74-71e4-ac4c-a73a341db1a6,TR,2025-06-26 21:48:44,5.99,23.99,75.0,USD,61,2016-05-09,23.99,USD,TR,True,False,False,False,False,False,False,3335.0,-18.0,-0.7503126302626094,2025-06-26,False,False,13.811875,True
281990,018d937f-0a74-71e4-ac4c-a73a341db1a6,TR,2025-08-11 17:17:19,5.99,23.99,75.0,USD,61,2016-05-09,23.99,USD,TR,True,False,False,False,False,False,False,3381.0,-18.0,-0.7503126302626094,2025-08-11,False,False,7.0005092592592595,True
281990,018d937f-0a74-71e4-ac4c-a73a341db1a6,TR,2025-09-22 17:17:09,5.99,23.99,75.0,USD,61,2016-05-09,23.99,USD,TR,True,False,False,False,False,False,False,3423.0,-18.0,-0.7503126302626094,2025-09-22,False,False,14.001423611111111,True
281990,018d937f-0a74-71e4-ac4c-a73a341db1a6,US,2016-06-23 18:59:49,35.99,39.99,10.0,USD,61,2016-05-09,39.99,USD,US,True,False,False,False,False,False,False,45.0,-4.0,-0.10002500625156285,2016-06-23,False,False,10.892789351851851,True
281990,018d937f-0a74-71e4-ac4c-a73a341db1a6,US,2016-09-01 19:45:30,31.99,39.99,20.0,USD,61,2016-05-09,39.99,USD,US,True,False,False,False,False,False,False,115.0,-8.000000000000004,-0.20005001250312582,2016-09-01,False,False,3.9374884259259257,True
281990,018d937f-0a74-71e4-ac4c-a73a341db1a6,US,2016-09-13 20:15:45,31.99,39.99,20.0,USD,61,2016-05-09,39.99,USD,US,True,False,False,False,False,False,False,127.0,-8.000000000000004,-0.20005001250312582,2016-09-13,False,False,2.9164930555555557,True
281990,018d937f-0a74-71e4-ac4c-a73a341db1a6,US,2016-10-20 19:15:46,29.99,39.99,25.0,USD,61,2016-05-09,39.99,USD,US,True,False,False,False,False,False,False,164.0,-10.000000000000004,-0.25006251562890736,2016-10-20,False,False,4.020694444444445,True
281990,018d937f-0a74-71e4-ac4c-a73a341db1a6,US,2016-10-28 21:15:31,29.99,39.99,25.0,USD,61,2016-05-09,39.99,USD,US,True,False,False,False,False,False,False,172.0,-10.000000000000004,-0.25006251562890736,2016-10-28,False,False,3.9168402777777778,True
281990,018d937f-0a74-71e4-ac4c-a73a341db1a6,US,2016-11-23 19:46:51,26.79,39.99,33.0,USD,61,2016-05-09,39.99,USD,US,True,False,False,False,False,False,False,198.0,-13.200000000000003,-0.33008252063015764,2016-11-23,False,False,5.978842592592593,True
281990,018d937f-0a74-71e4-ac4c-a73a341db1a6,US,2016-12-22 20:45:40,19.99,49.99,60.0,USD,61,2016-05-09,39.99,USD,US,True,False,False,False,False,False,False,227.0,-20.000000000000004,-0.5001250312578145,2016-12-22,False,False,11.041631944444445,True
281990,018d937f-0a74-71e4-ac4c-a73a341db1a6,US,2016-12-22 20:45:44,26.79,39.99,33.0,USD,61,2016-05-09,39.99,USD,US,True,False,False,False,False,False,False,227.0,-13.200000000000003,-0.33008252063015764,2016-12-22,False,False,,False
281990,018d937f-0a74-71e4-ac4c-a73a341db1a6,US,2017-01-17 20:45:33,26.79,39.99,33.0,USD,61,2016-05-09,39.99,USD,US,True,False,False,False,False,False,False,253.0,-13.200000000000003,-0.33008252063015764,2017-01-17,False,False,2.9166435185185184,True
281990,018d937f-0a74-71e4-ac4c-a73a341db1a6,US,2017-04-06 18:15:45,23.99,39.99,40.0,USD,61,2016-05-09,39.99,USD,US,True,False,False,False,False,False,False,332.0,-16.000000000000004,-0.40010002500625164,2017-04-06,False,False,4.062326388888889,True
281990,018d937f-0a74-71e4-ac4c-a73a341db1a6,US,2017-05-09 19:45:22,23.99,39.99,40.0,USD,61,2016-05-09,39.99,USD,US,True,False,False,False,False,False,False,365.0,-16.000000000000004,-0.40010002500625164,2017-05-09,False,False,5.000011574074074,True
281990,018d937f-0a74-71e4-ac4c-a73a341db1a6,US,2017-06-22 22:45:35,19.99,39.99,50.0,USD,61,2016-05-09,39.99,USD,US,True,False,False,False,False,False,False,409.0,-20.000000000000004,-0.5001250312578145,2017-06-22,False,False,12.895983796296296,True
281990,018d937f-0a74-71e4-ac4c-a73a341db1a6,US,2017-09-21 17:45:34,15.99,39.99,60.0,USD,61,2016-05-09,39.99,USD,US,True,False,False,False,False,False,False,500.0,-24.0,-0.6001500375093773,2017-09-21,False,False,4.020960648148148,True
281990,018d937f-0a74-71e4-ac4c-a73a341db1a6,US,2017-10-26 17:45:45,15.99,39.99,60.0,USD,61,2016-05-09,39.99,USD,US,True,False,False,False,False,False,False,535.0,-24.0,-0.6001500375093773,2017-10-26,False,False,6.0415625,True
281990,018d937f-0a74-71e4-ac4c-a73a341db1a6,US,2017-11-22 21:15:53,15.99,39.99,60.0,USD,61,2016-05-09,39.99,USD,US,True,False,False,False,False,False,False,562.0,-24.0,-0.6001500375093773,2017-11-22,False,False,6.124895833333333,True
281990,018d937f-0a74-71e4-ac4c-a73a341db1a6,US,2017-12-07 15:45:32,15.99,39.99,60.0,USD,61,2016-05-09,39.99,USD,US,True,False,False,False,False,False,False,577.0,-24.0,-0.6001500375093773,2017-12-07,False,False,3.958252314814815,True
281990,018d937f-0a74-71e4-ac4c-a73a341db1a6,US,2017-12-21 19:45:33,15.99,39.99,60.0,USD,61,2016-05-09,39.99,USD,US,True,False,False,False,False,False,False,591.0,-24.0,-0.6001500375093773,2017-12-21,False,False,14.104340277777778,True
281990,018d937f-0a74-71e4-ac4c-a73a341db1a6,US,2018-02-15 19:20:43,15.99,39.99,60.0,USD,61,2016-05-09,39.99,USD,US,True,False,False,False,False,False,False,647.0,-24.0,-0.6001500375093773,2018-02-15,False,False,4.124710648148148,True
281990,018d937f-0a74-71e4-ac4c-a73a341db1a6,US,2018-02-22 19:23:43,15.99,39.99,60.0,USD,61,2016-05-09,39.99,USD,US,True,False,False,False,False,False,False,654.0,-24.0,-0.6001500375093773,2018-02-22,False,False,3.9582175925925926,True
281990,018d937f-0a74-71e4-ac4c-a73a341db1a6,US,2018-05-17 22:20:59,15.99,39.99,60.0,USD,61,2016-05-09,39.99,USD,US,True,False,False,False,False,False,False,738.0,-24.0,-0.6001500375093773,2018-05-17,False,False,7.895543981481482,True
281990,018d937f-0a74-71e4-ac4c-a73a341db1a6,US,2018-06-21 19:07:45,15.99,39.99,60.0,USD,61,2016-05-09,39.99,USD,US,True,False,False,False,False,False,False,773.0,-24.0,-0.6001500375093773,2018-06-21,False,False,14.076469907407407,True
281990,018d937f-0a74-71e4-ac4c-a73a341db1a6,US,2018-09-06 19:35:07,15.99,39.99,60.0,USD,61,2016-05-09,39.99,USD,US,True,False,False,False,False,False,False,850.0,-24.0,-0.6001500375093773,2018-09-06,False,False,3.910972222222222,True
281990,018d937f-0a74-71e4-ac4c-a73a341db1a6,US,2018-10-30 01:20:10,15.99,39.99,60.0,USD,61,2016-05-09,39.99,USD,US,True,False,False,False,False,False,False,904.0,-24.0,-0.6001500375093773,2018-10-30,False,False,2.8141550925925927,True
281990,018d937f-0a74-71e4-ac4c-a73a341db1a6,US,2018-11-21 19:50:07,15.99,39.99,60.0,USD,61,2016-05-09,39.99,USD,US,True,False,False,False,False,False,False,926.0,-24.0,-0.6001500375093773,2018-11-21,False,False,6.058969907407407,True
281990,018d937f-0a74-71e4-ac4c-a73a341db1a6,US,2018-12-06 18:16:45,15.99,39.99,60.0,USD,61,2016-05-09,39.99,USD,US,True,False,False,False,False,False,False,941.0,-24.0,-0.6001500375093773,2018-12-06,False,False,4.099027777777778,True
281990,018d937f-0a74-71e4-ac4c-a73a341db1a6,US,2018-12-20 19:37:30,9.99,39.99,75.0,USD,61,2016-05-09,39.99,USD,US,True,False,False,False,False,False,False,955.0,-30.0,-0.7501875468867216,2018-12-20,False,False,14.011261574074075,True
281990,018d937f-0a74-71e4-ac4c-a73a341db1a6,US,2019-02-04 20:48:54,9.99,39.99,75.0,USD,61,2016-05-09,39.99,USD,US,True,False,False,False,False,False,False,1001.0,-30.0,-0.7501875468867216,2019-02-04,False,False,6.890879629629629,True
281990,018d937f-0a74-71e4-ac4c-a73a341db1a6,US,2019-02-14 18:16:50,49.99,49.99,0.0,USD,61,2016-05-09,39.99,USD,US,False,False,False,True,False,False,False,1011.0,10.0,0.25006251562890713,2019-02-14,False,False,,False
281990,018d937f-0a74-71e4-ac4c-a73a341db1a6,US,2019-02-17 18:21:31,39.99,39.99,0.0,USD,61,2016-05-09,39.99,USD,US,False,False,False,True,False,False,False,1014.0,0.0,0.0,2019-02-17,False,False,,False
281990,018d937f-0a74-71e4-ac4c-a73a341db1a6,US,2019-05-09 17:19:28,9.99,39.99,75.0,USD,61,2016-05-09,39.99,USD,US,True,False,False,False,False,False,False,1095.0,-30.0,-0.7501875468867216,2019-05-09,False,False,4.004212962962963,True
281990,018d937f-0a74-71e4-ac4c-a73a341db1a6,US,2019-05-30 19:11:41,9.99,39.99,75.0,USD,61,2016-05-09,39.99,USD,US,True,False,False,False,False,False,False,1116.0,-30.0,-0.7501875468867216,2019-05-30,False,False,7.992847222222222,True
281990,018d937f-0a74-71e4-ac4c-a73a341db1a6,US,2019-06-25 18:58:38,9.99,39.99,75.0,USD,61,2016-05-09,39.99,USD,US,True,False,False,False,False,False,False,1142.0,-30.0,-0.7501875468867216,2019-06-25,False,False,14.130393518518519,True
281990,018d937f-0a74-71e4-ac4c-a73a341db1a6,US,2019-07-18 18:06:01,9.99,39.99,75.0,USD,61,2016-05-09,39.99,USD,US,True,False,False,False,False,False,False,1165.0,-30.0,-0.7501875468867216,2019-07-18,False,False,4.011469907407408,True
281990,018d937f-0a74-71e4-ac4c-a73a341db1a6,US,2019-10-17 17:21:24,9.99,39.99,75.0,USD,61,2016-05-09,39.99,USD,US,True,False,False,False,False,False,False,1256.0,-30.0,-0.7501875468867216,2019-10-17,False,False,7.999895833333333,True
281990,018d937f-0a74-71e4-ac4c-a73a341db1a6,US,2019-11-26 18:08:17,9.99,39.99,75.0,USD,61,2016-05-09,39.99,USD,US,True,False,False,False,False,False,False,1296.0,-30.0,-0.7501875468867216,2019-11-26,False,False,7.012337962962963,True
281990,018d937f-0a74-71e4-ac4c-a73a341db1a6,US,2019-12-10 18:21:12,9.99,39.99,75.0,USD,61,2016-05-09,39.99,USD,US,True,False,False,False,False,False,False,1310.0,-30.0,-0.7501875468867216,2019-12-10,False,False,0.032094907407407405,True
281990,018d937f-0a74-71e4-ac4c-a73a341db1a6,US,2019-12-19 18:13:09,9.99,39.99,75.0,USD,61,2016-05-09,39.99,USD,US,True,False,False,False,False,False,False,1319.0,-30.0,-0.7501875468867216,2019-12-19,False,False,14.015393518518518,True
281990,018d937f-0a74-71e4-ac4c-a73a341db1a6,US,2020-01-23 18:22:56,9.99,39.99,75.0,USD,61,2016-05-09,39.99,USD,US,True,False,False,False,False,False,False,1354.0,-30.0,-0.7501875468867216,2020-01-23,False,False,3.9997337962962964,True
281990,018d937f-0a74-71e4-ac4c-a73a341db1a6,US,2020-03-17 09:07:25,9.99,39.99,75.0,USD,61,2016-05-09,39.99,USD,US,True,False,False,False,False,False,False,1408.0,-30.0,-0.7501875468867216,2020-03-17,False,False,3.3430439814814816,True
281990,018d937f-0a74-71e4-ac4c-a73a341db1a6,US,2020-05-12 08:21:24,9.99,39.99,75.0,USD,61,2016-05-09,39.99,USD,US,True,False,False,False,False,False,False,1464.0,-30.0,-0.7501875468867216,2020-05-12,False,False,6.375416666666666,True
281990,018d937f-0a74-71e4-ac4c-a73a341db1a6,US,2020-05-12 18:08:33,9.99,39.99,75.0,USD,61,2016-05-09,39.99,USD,US,True,False,False,False,False,False,False,1464.0,-30.0,-0.7501875468867216,2020-05-12,False,False,,False
281990,018d937f-0a74-71e4-ac4c-a73a341db1a6,US,2020-06-25 17:53:43,9.99,39.99,75.0,USD,61,2016-05-09,39.99,USD,US,True,False,False,False,False,False,False,1508.0,-30.0,-0.7501875468867216,2020-06-25,False,False,13.984016203703703,True
281990,018d937f-0a74-71e4-ac4c-a73a341db1a6,US,2020-09-24 17:21:46,9.99,39.99,75.0,USD,61,2016-05-09,39.99,USD,US,True,False,False,False,False,False,False,1599.0,-30.0,-0.7501875468867216,2020-09-24,False,False,4.000729166666667,True
281990,018d937f-0a74-71e4-ac4c-a73a341db1a6,US,2020-10-29 17:07:41,9.99,39.99,75.0,USD,61,2016-05-09,39.99,USD,US,True,False,False,False,False,False,False,1634.0,-30.0,-0.7501875468867216,2020-10-29,False,False,4.0559259259259255,True
281990,018d937f-0a74-71e4-ac4c-a73a341db1a6,US,2020-11-25 18:24:20,9.99,39.99,75.0,USD,61,2016-05-09,39.99,USD,US,True,False,False,False,False,False,False,1661.0,-30.0,-0.7501875468867216,2020-11-25,False,False,6.000416666666666,True
281990,018d937f-0a74-71e4-ac4c-a73a341db1a6,US,2020-12-22 18:35:49,9.99,39.99,75.0,USD,61,2016-05-09,39.99,USD,US,True,False,False,False,False,False,False,1688.0,-30.0,-0.7501875468867216,2020-12-22,False,False,14.011412037037037,True
281990,018d937f-0a74-71e4-ac4c-a73a341db1a6,US,2021-02-04 18:21:17,9.99,39.99,75.0,USD,61,2016-05-09,39.99,USD,US,True,False,False,False,False,False,False,1732.0,-30.0,-0.7501875468867216,2021-02-04,False,False,11.003587962962962,True
281990,018d937f-0a74-71e4-ac4c-a73a341db1a6,US,2021-04-15 17:18:13,9.99,39.99,75.0,USD,61,2016-05-09,39.99,USD,US,True,False,False,False,False,False,False,1802.0,-30.0,-0.7501875468867216,2021-04-15,False,False,4.0644328703703705,True
281990,018d937f-0a74-71e4-ac4c-a73a341db1a6,US,2021-05-20 18:03:28,9.99,39.99,75.0,USD,61,2016-05-09,39.99,USD,US,True,False,False,False,False,False,False,1837.0,-30.0,-0.7501875468867216,2021-05-20,False,False,3.9731828703703704,True
281990,018d937f-0a74-71e4-ac4c-a73a341db1a6,US,2021-06-24 22:20:26,9.99,39.99,75.0,USD,61,2016-05-09,39.99,USD,US,True,False,False,False,False,False,False,1872.0,-30.0,-0.7501875468867216,2021-06-24,False,False,13.806342592592593,True
281990,018d937f-0a74-71e4-ac4c-a73a341db1a6,US,2021-09-14 17:36:19,9.99,39.99,75.0,USD,61,2016-05-09,39.99,USD,US,True,False,False,False,False,False,False,1954.0,-30.0,-0.7501875468867216,2021-09-14,False,False,5.981307870370371,True
281990,018d937f-0a74-71e4-ac4c-a73a341db1a6,US,2021-10-28 18:16:07,9.99,39.99,75.0,USD,61,2016-05-09,39.99,USD,US,True,False,False,False,False,False,False,1998.0,-30.0,-0.7501875468867216,2021-10-28,False,False,3.9934375,True
281990,018d937f-0a74-71e4-ac4c-a73a341db1a6,US,2021-11-22 18:39:17,9.99,39.99,75.0,USD,61,2016-05-09,39.99,USD,US,True,False,False,False,False,False,False,2023.0,-30.0,-0.7501875468867216,2021-11-22,False,False,9.015335648148149,True
281990,018d937f-0a74-71e4-ac4c-a73a341db1a6,US,2021-12-22 18:32:18,9.99,39.99,75.0,USD,61,2016-05-09,39.99,USD,US,True,False,False,False,False,False,False,2053.0,-30.0,-0.7501875468867216,2021-12-22,False,False,14.012025462962963,True
281990,018d937f-0a74-71e4-ac4c-a73a341db1a6,US,2022-01-27 18:35:44,9.99,39.99,75.0,USD,61,2016-05-09,39.99,USD,US,True,False,False,False,False,False,False,2089.0,-30.0,-0.7501875468867216,2022-01-27,False,False,7.032361111111111,True
281990,018d937f-0a74-71e4-ac4c-a73a341db1a6,US,2022-05-12 17:18:30,8.0,39.99,80.0,USD,61,2016-05-09,39.99,USD,US,True,False,False,False,False,False,False,2194.0,-31.990000000000002,-0.7999499874968743,2022-05-12,False,False,10.997800925925926,True
281990,018d937f-0a74-71e4-ac4c-a73a341db1a6,US,2022-06-23 17:00:34,9.99,39.99,75.0,USD,61,2016-05-09,39.99,USD,US,True,False,False,False,False,False,False,2236.0,-30.0,-0.7501875468867216,2022-06-23,False,False,14.03443287037037,True
281990,018d937f-0a74-71e4-ac4c-a73a341db1a6,US,2022-09-19 17:30:21,9.99,39.99,75.0,USD,61,2016-05-09,39.99,USD,US,True,False,False,False,False,False,False,2324.0,-30.0,-0.7501875468867216,2022-09-19,False,False,2.992847222222222,True
281990,018d937f-0a74-71e4-ac4c-a73a341db1a6,US,2022-10-25 17:49:46,9.99,39.99,75.0,USD,61,2016-05-09,39.99,USD,US,True,False,False,False,False,False,False,2360.0,-30.0,-0.7501875468867216,2022-10-25,False,False,6.979583333333333,True
281990,018d937f-0a74-71e4-ac4c-a73a341db1a6,US,2022-11-22 22:44:32,9.99,39.99,75.0,USD,61,2016-05-09,39.99,USD,US,True,False,False,False,False,False,False,2388.0,-30.0,-0.7501875468867216,2022-11-22,False,False,6.809166666666667,True
281990,018d937f-0a74-71e4-ac4c-a73a341db1a6,US,2022-12-22 22:02:18,9.99,39.99,75.0,USD,61,2016-05-09,39.99,USD,US,True,False,False,False,False,False,False,2418.0,-30.0,-0.7501875468867216,2022-12-22,False,False,13.974016203703703,True
281990,018d937f-0a74-71e4-ac4c-a73a341db1a6,US,2023-03-14 18:12:07,9.99,39.99,75.0,USD,61,2016-05-09,39.99,USD,US,True,False,False,False,False,False,False,2500.0,-30.0,-0.7501875468867216,2023-03-14,False,False,9.013310185185185,True
281990,018d937f-0a74-71e4-ac4c-a73a341db1a6,US,2023-05-09 17:19:01,9.99,39.99,75.0,USD,61,2016-05-09,39.99,USD,US,True,False,False,False,False,False,False,2556.0,-30.0,-0.7501875468867216,2023-05-09,False,False,8.989131944444445,True
281990,018d937f-0a74-71e4-ac4c-a73a341db1a6,US,2023-06-22 17:19:17,9.99,39.99,75.0,USD,61,2016-05-09,39.99,USD,US,True,False,False,False,False,False,False,2600.0,-30.0,-0.7501875468867216,2023-06-22,False,False,4.006342592592593,True
281990,018d937f-0a74-71e4-ac4c-a73a341db1a6,US,2023-06-29 22:55:06,9.99,39.99,75.0,USD,61,2016-05-09,39.99,USD,US,True,False,False,False,False,False,False,2607.0,-30.0,-0.7501875468867216,2023-06-29,False,False,13.769166666666667,True
281990,018d937f-0a74-71e4-ac4c-a73a341db1a6,US,2023-08-28 17:12:26,11.99,39.99,70.0,USD,61,2016-05-09,39.99,USD,US,True,False,False,False,False,False,False,2667.0,-28.0,-0.7001750437609402,2023-08-28,False,False,7.022939814814815,True
281990,018d937f-0a74-71e4-ac4c-a73a341db1a6,US,2023-11-16 18:09:14,11.99,39.99,70.0,USD,61,2016-05-09,39.99,USD,US,True,False,False,False,False,False,False,2747.0,-28.0,-0.7001750437609402,2023-11-16,False,False,12.015428240740741,True
281990,018d937f-0a74-71e4-ac4c-a73a341db1a6,US,2023-12-21 18:43:29,11.99,39.99,70.0,USD,61,2016-05-09,39.99,USD,US,True,False,False,False,False,False,False,2782.0,-28.0,-0.7001750437609402,2023-12-21,False,False,13.991180555555555,True
281990,018d937f-0a74-71e4-ac4c-a73a341db1a6,US,2024-03-14 17:22:31,11.99,39.99,70.0,USD,61,2016-05-09,39.99,USD,US,True,False,False,False,False,False,False,2866.0,-28.0,-0.7001750437609402,2024-03-14,False,False,6.9979050925925925,True
281990,018d937f-0a74-71e4-ac4c-a73a341db1a6,US,2024-05-07 17:15:08,11.99,39.99,70.0,USD,61,2016-05-09,39.99,USD,US,True,False,False,False,False,False,False,2920.0,-28.0,-0.7001750437609402,2024-05-07,False,False,13.001423611111111,True
281990,018d937f-0a74-71e4-ac4c-a73a341db1a6,US,2024-06-20 17:15:40,11.99,39.99,70.0,USD,61,2016-05-09,39.99,USD,US,True,False,False,False,False,False,False,2964.0,-28.0,-0.7001750437609402,2024-06-20,False,False,21.00267361111111,True
281990,018d937f-0a74-71e4-ac4c-a73a341db1a6,US,2024-09-02 17:17:43,9.99,39.99,75.0,USD,61,2016-05-09,39.99,USD,US,True,False,False,False,False,False,False,3038.0,-30.0,-0.7501875468867216,2024-09-02,False,False,13.999629629629629,True
281990,018d937f-0a74-71e4-ac4c-a73a341db1a6,US,2024-10-29 17:18:40,9.99,39.99,75.0,USD,61,2016-05-09,39.99,USD,US,True,False,False,False,False,False,False,3095.0,-30.0,-0.7501875468867216,2024-10-29,False,False,8.999976851851851,True
281990,018d937f-0a74-71e4-ac4c-a73a341db1a6,US,2024-11-27 21:02:11,9.99,39.99,75.0,USD,61,2016-05-09,39.99,USD,US,True,False,False,False,False,False,False,3124.0,-30.0,-0.7501875468867216,2024-11-27,False,False,6.88619212962963,True
281990,018d937f-0a74-71e4-ac4c-a73a341db1a6,US,2024-12-19 22:53:38,3.99,39.99,90.0,USD,61,2016-05-09,39.99,USD,US,True,False,False,False,False,False,False,3146.0,-36.0,-0.900225056264066,2024-12-19,False,False,13.808599537037036,True
281990,018d937f-0a74-71e4-ac4c-a73a341db1a6,US,2025-01-20 18:21:05,9.99,39.99,75.0,USD,61,2016-05-09,39.99,USD,US,True,False,False,False,False,False,False,3178.0,-30.0,-0.7501875468867216,2025-01-20,False,False,7.011516203703704,True
281990,018d937f-0a74-71e4-ac4c-a73a341db1a6,US,2025-03-13 18:59:27,9.99,39.99,75.0,USD,61,2016-05-09,39.99,USD,US,True,False,False,False,False,False,False,3230.0,-30.0,-0.7501875468867216,2025-03-13,False,False,6.93025462962963,True
281990,018d937f-0a74-71e4-ac4c-a73a341db1a6,US,2025-03-24 17:15:42,9.99,39.99,75.0,USD,61,2016-05-09,39.99,USD,US,True,False,False,False,False,False,False,3241.0,-30.0,-0.7501875468867216,2025-03-24,False,False,7.000300925925926,True
281990,018d937f-0a74-71e4-ac4c-a73a341db1a6,US,2025-05-05 17:29:36,9.99,39.99,75.0,USD,61,2016-05-09,39.99,USD,US,True,False,False,False,False,False,False,3283.0,-30.0,-0.7501875468867216,2025-05-05,False,False,14.011898148148148,True
281990,018d937f-0a74-71e4-ac4c-a73a341db1a6,US,2025-06-26 21:31:20,9.99,39.99,75.0,USD,61,2016-05-09,39.99,USD,US,True,False,False,False,False,False,False,3335.0,-30.0,-0.7501875468867216,2025-06-26,False,False,13.823969907407408,True
281990,018d937f-0a74-71e4-ac4c-a73a341db1a6,US,2025-08-11 17:21:05,9.99,39.99,75.0,USD,61,2016-05-09,39.99,USD,US,True,False,False,False,False,False,False,3381.0,-30.0,-0.7501875468867216,2025-08-11,False,False,6.997349537037037,True
281990,018d937f-0a74-71e4-ac4c-a73a341db1a6,US,2025-09-22 17:16:17,9.99,39.99,75.0,USD,61,2016-05-09,39.99,USD,US,True,False,False,False,False,False,False,3423.0,-30.0,-0.7501875468867216,2025-09-22,False,False,14.002002314814815,True
294100,018d937f-12e9-71ca-a5d5-f31985870694,AR,2018-10-17 15:28:25,34.99,34.99,0.0,USD,61,2018-10-17,17.99,USD,AR,False,False,False,False,True,False,True,0.0,17.000000000000004,0.9449694274597,2018-10-17,False,False,,False
294100,018d937f-12e9-71ca-a5d5-f31985870694,AR,2020-06-25 18:24:18,31.49,34.99,10.0,USD,61,2018-10-17,17.99,USD,AR,True,False,False,False,False,False,False,617.0,13.5,0.7504168982768205,2020-06-25,False,False,13.964756944444444,True
294100,018d937f-12e9-71ca-a5d5-f31985870694,AR,2020-08-09 17:21:35,31.49,34.99,10.0,USD,61,2018-10-17,17.99,USD,AR,True,False,False,False,False,False,False,662.0,13.5,0.7504168982768205,2020-08-09,False,False,5.9998611111111115,True
294100,018d937f-12e9-71ca-a5d5-f31985870694,AR,2020-10-29 17:08:53,31.49,34.99,10.0,USD,61,2018-10-17,17.99,USD,AR,True,False,False,False,False,False,False,743.0,13.5,0.7504168982768205,2020-10-29,False,False,4.053958333333333,True
294100,018d937f-12e9-71ca-a5d5-f31985870694,AR,2020-11-25 18:33:14,31.49,34.99,10.0,USD,61,2018-10-17,17.99,USD,AR,True,False,False,False,False,False,False,770.0,13.5,0.7504168982768205,2020-11-25,False,False,5.993715277777778,True
294100,018d937f-12e9-71ca-a5d5-f31985870694,AR,2020-12-22 19:00:10,31.49,34.99,10.0,USD,61,2018-10-17,17.99,USD,AR,True,False,False,False,False,False,False,797.0,13.5,0.7504168982768205,2020-12-22,False,False,13.998136574074074,True
294100,018d937f-12e9-71ca-a5d5-f31985870694,AR,2021-02-11 18:58:32,31.49,34.99,10.0,USD,61,2018-10-17,17.99,USD,AR,True,False,False,False,False,False,False,848.0,13.5,0.7504168982768205,2021-02-11,False,False,3.9772569444444446,True
294100,018d937f-12e9-71ca-a5d5-f31985870694,AR,2021-06-28 14:30:31,31.49,34.99,10.0,USD,61,2018-10-17,17.99,USD,AR,True,False,False,False,False,False,False,985.0,13.5,0.7504168982768205,2021-06-28,False,False,10.119560185185184,True
294100,018d937f-12e9-71ca-a5d5-f31985870694,AR,2021-08-07 17:18:35,31.49,34.99,10.0,USD,61,2018-10-17,17.99,USD,AR,True,False,False,False,False,False,False,1025.0,13.5,0.7504168982768205,2021-08-07,False,False,6.992731481481481,True
294100,018d937f-12e9-71ca-a5d5-f31985870694,AR,2021-10-28 17:58:28,31.49,34.99,10.0,USD,61,2018-10-17,17.99,USD,AR,True,False,False,False,False,False,False,1107.0,13.5,0.7504168982768205,2021-10-28,False,False,4.018483796296296,True
294100,018d937f-12e9-71ca-a5d5-f31985870694,AR,2021-11-24 18:40:54,31.49,34.99,10.0,USD,61,2018-10-17,17.99,USD,AR,True,False,False,False,False,False,False,1134.0,13.5,0.7504168982768205,2021-11-24,False,False,7.090439814814815,True
294100,018d937f-12e9-71ca-a5d5-f31985870694,AR,2021-12-22 18:32:24,31.49,34.99,10.0,USD,61,2018-10-17,17.99,USD,AR,True,False,False,False,False,False,False,1162.0,13.5,0.7504168982768205,2021-12-22,False,False,13.995949074074074,True
294100,018d937f-12e9-71ca-a5d5-f31985870694,AR,2022-01-27 18:25:59,31.49,34.99,10.0,USD,61,2018-10-17,17.99,USD,AR,True,False,False,False,False,False,False,1198.0,13.5,0.7504168982768205,2022-01-27,False,False,6.997673611111111,True
294100,018d937f-12e9-71ca-a5d5-f31985870694,AR,2022-05-16 17:12:39,31.49,34.99,10.0,USD,61,2018-10-17,17.99,USD,AR,True,False,False,False,False,False,False,1307.0,13.5,0.7504168982768205,2022-05-16,False,False,7.02693287037037,True
294100,018d937f-12e9-71ca-a5d5-f31985870694,AR,2022-06-23 22:57:52,31.49,34.99,10.0,USD,61,2018-10-17,17.99,USD,AR,True,False,False,False,False,False,False,1345.0,13.5,0.7504168982768205,2022-06-23,False,False,13.778020833333333,True
294100,018d937f-12e9-71ca-a5d5-f31985870694,AR,2022-08-01 17:22:22,31.49,34.99,10.0,USD,61,2018-10-17,17.99,USD,AR,True,False,False,False,False,False,False,1384.0,13.5,0.7504168982768205,2022-08-01,False,False,7.0057175925925925,True
294100,018d937f-12e9-71ca-a5d5-f31985870694,AR,2022-10-21 14:18:23,31.49,34.99,10.0,USD,61,2018-10-17,17.99,USD,AR,True,False,False,False,False,False,False,1465.0,13.5,0.7504168982768205,2022-10-21,False,False,6.999884259259259,True
294100,018d937f-12e9-71ca-a5d5-f31985870694,AR,2022-12-22 21:50:10,27.99,34.99,20.0,USD,61,2018-10-17,17.99,USD,AR,True,False,False,False,False,False,False,1527.0,10.0,0.5558643690939411,2022-12-22,False,False,13.85125,True
294100,018d937f-12e9-71ca-a5d5-f31985870694,AR,2023-01-23 18:30:38,27.99,34.99,20.0,USD,61,2018-10-17,17.99,USD,AR,True,False,False,False,False,False,False,1559.0,10.0,0.5558643690939411,2023-01-23,False,False,7.003668981481481,True
294100,018d937f-12e9-71ca-a5d5-f31985870694,AR,2023-03-16 19:49:48,27.99,34.99,20.0,USD,61,2018-10-17,17.99,USD,AR,True,False,False,False,False,False,False,1611.0,10.0,0.5558643690939411,2023-03-16,False,False,6.962361111111111,True
294100,018d937f-12e9-71ca-a5d5-f31985870694,AR,2023-04-27 17:19:22,27.99,34.99,20.0,USD,61,2018-10-17,17.99,USD,AR,True,False,False,False,False,False,False,1653.0,10.0,0.5558643690939411,2023-04-27,False,False,7.000231481481482,True
294100,018d937f-12e9-71ca-a5d5-f31985870694,AR,2023-06-29 18:09:10,27.99,34.99,20.0,USD,61,2018-10-17,17.99,USD,AR,True,False,False,False,False,False,False,1716.0,10.0,0.5558643690939411,2023-06-29,False,False,13.967835648148148,True
294100,018d937f-12e9-71ca-a5d5-f31985870694,AR,2023-08-03 17:19:42,27.99,34.99,20.0,USD,61,2018-10-17,17.99,USD,AR,True,False,False,False,False,False,False,1751.0,10.0,0.5558643690939411,2023-08-03,False,False,6.990636574074074,True
294100,018d937f-12e9-71ca-a5d5-f31985870694,AR,2023-09-25 17:33:23,27.99,34.99,20.0,USD,61,2018-10-17,17.99,USD,AR,True,False,False,False,False,False,False,1804.0,10.0,0.5558643690939411,2023-09-25,False,False,6.981296296296296,True
294100,018d937f-12e9-71ca-a5d5-f31985870694,AR,2023-11-21 18:17:14,27.99,34.99,20.0,USD,61,2018-10-17,17.99,USD,AR,True,False,False,False,False,False,False,1861.0,10.0,0.5558643690939411,2023-11-21,False,False,7.0226041666666665,True
294100,018d937f-12e9-71ca-a5d5-f31985870694,AR,2023-12-21 19:24:40,27.99,34.99,20.0,USD,61,2018-10-17,17.99,USD,AR,True,False,False,False,False,False,False,1891.0,10.0,0.5558643690939411,2023-12-21,False,False,13.96306712962963,True
294100,018d937f-12e9-71ca-a5d5-f31985870694,AR,2024-03-14 17:17:17,27.99,34.99,20.0,USD,61,2018-10-17,17.99,USD,AR,True,False,False,False,False,False,False,1975.0,10.0,0.5558643690939411,2024-03-14,False,False,7.0016087962962965,True
294100,018d937f-12e9-71ca-a5d5-f31985870694,AR,2024-04-11 17:18:03,27.99,34.99,20.0,USD,61,2018-10-17,17.99,USD,AR,True,False,False,False,False,False,False,2003.0,10.0,0.5558643690939411,2024-04-11,False,False,13.999340277777778,True
294100,018d937f-12e9-71ca-a5d5-f31985870694,AR,2024-06-27 17:24:28,27.99,34.99,20.0,USD,61,2018-10-17,17.99,USD,AR,True,False,False,False,False,False,False,2080.0,10.0,0.5558643690939411,2024-06-27,False,False,13.996631944444445,True
294100,018d937f-12e9-71ca-a5d5-f31985870694,AR,2024-07-15 17:16:04,27.99,34.99,20.0,USD,61,2018-10-17,17.99,USD,AR,True,False,False,False,False,False,False,2098.0,10.0,0.5558643690939411,2024-07-15,False,False,14.001504629629629,True
294100,018d937f-12e9-71ca-a5d5-f31985870694,AR,2024-10-04 17:15:20,27.99,34.99,20.0,USD,61,2018-10-17,17.99,USD,AR,True,False,False,False,False,False,False,2179.0,10.0,0.5558643690939411,2024-10-04,False,False,14.00017361111111,True
294100,018d937f-12e9-71ca-a5d5-f31985870694,AR,2024-11-27 20:20:49,27.99,34.99,20.0,USD,61,2018-10-17,17.99,USD,AR,True,False,False,False,False,False,False,2233.0,10.0,0.5558643690939411,2024-11-27,False,False,6.914953703703704,True
294100,018d937f-12e9-71ca-a5d5-f31985870694,AR,2024-12-19 22:53:41,27.99,34.99,20.0,USD,61,2018-10-17,17.99,USD,AR,True,False,False,False,False,False,False,2255.0,10.0,0.5558643690939411,2024-12-19,False,False,13.808599537037036,True
294100,018d937f-12e9-71ca-a5d5-f31985870694,AR,2025-01-23 18:16:15,27.99,34.99,20.0,USD,61,2018-10-17,17.99,USD,AR,True,False,False,False,False,False,False,2290.0,10.0,0.5558643690939411,2025-01-23,False,False,14.003715277777777,True
294100,018d937f-12e9-71ca-a5d5-f31985870694,AR,2025-03-13 19:05:49,27.99,34.99,20.0,USD,61,2018-10-17,17.99,USD,AR,True,False,False,False,False,False,False,2339.0,10.0,0.5558643690939411,2025-03-13,False,False,6.925902777777778,True
294100,018d937f-12e9-71ca-a5d5-f31985870694,AR,2025-03-24 17:15:39,27.99,34.99,20.0,USD,61,2018-10-17,17.99,USD,AR,True,False,False,False,False,False,False,2350.0,10.0,0.5558643690939411,2025-03-24,False,False,14.000497685185184,True
294100,018d937f-12e9-71ca-a5d5-f31985870694,AR,2025-05-14 17:42:30,27.99,34.99,20.0,USD,61,2018-10-17,17.99,USD,AR,True,False,False,False,False,False,False,2401.0,10.0,0.5558643690939411,2025-05-14,False,False,6.981458333333333,True
294100,018d937f-12e9-71ca-a5d5-f31985870694,AR,2025-06-26 22:33:52,27.99,34.99,20.0,USD,61,2018-10-17,17.99,USD,AR,True,False,False,False,False,False,False,2444.0,10.0,0.5558643690939411,2025-06-26,False,False,27.779409722222223,True
294100,018d937f-12e9-71ca-a5d5-f31985870694,AR,2025-09-29 17:33:15,27.99,34.99,20.0,USD,61,2018-10-17,17.99,USD,AR,True,False,False,False,False,False,False,2539.0,10.0,0.5558643690939411,2025-09-29,False,False,6.990289351851852,True
294100,018d937f-12e9-71ca-a5d5-f31985870694,AR,2025-10-10 17:15:23,27.99,34.99,20.0,USD,61,2018-10-17,17.99,USD,AR,True,False,False,False,False,False,False,2550.0,10.0,0.5558643690939411,2025-10-10,False,False,14.000034722222223,True
294100,018d937f-12e9-71ca-a5d5-f31985870694,AU,2018-10-17 15:24:47,49.21,49.21,0.0,AUD,61,2018-10-17,44.95,AUD,AU,False,False,False,False,True,False,True,0.0,4.259999999999998,0.09477196885428252,2018-10-17,False,False,,False
294100,018d937f-12e9-71ca-a5d5-f31985870694,AU,2018-11-20 23:55:38,68.78,68.78,0.0,AUD,61,2018-10-17,44.95,AUD,AU,False,False,False,True,False,False,False,34.0,23.83,0.5301446051167964,2018-11-20,False,False,,False
294100,018d937f-12e9-71ca-a5d5-f31985870694,AU,2018-11-22 00:43:48,49.95,49.95,0.0,AUD,61,2018-10-17,44.95,AUD,AU,False,False,False,True,False,False,False,36.0,5.0,0.11123470522803114,2018-11-22,False,False,,False
294100,018d937f-12e9-71ca-a5d5-f31985870694,AU,2020-06-25 17:54:12,44.95,49.95,10.0,AUD,61,2018-10-17,44.95,AUD,AU,True,False,False,False,False,False,False,617.0,0.0,0.0,2020-06-25,False,False,13.977407407407407,True
294100,018d937f-12e9-71ca-a5d5-f31985870694,AU,2020-08-09 17:21:22,44.95,49.95,10.0,AUD,61,2018-10-17,44.95,AUD,AU,True,False,False,False,False,False,False,662.0,0.0,0.0,2020-08-09,False,False,6.000081018518519,True
294100,018d937f-12e9-71ca-a5d5-f31985870694,AU,2020-10-29 17:08:12,44.95,49.95,10.0,AUD,61,2018-10-17,44.95,AUD,AU,True,False,False,False,False,False,False,743.0,0.0,0.0,2020-10-29,False,False,4.053472222222222,True
294100,018d937f-12e9-71ca-a5d5-f31985870694,AU,2020-11-25 18:29:01,44.95,49.95,10.0,AUD,61,2018-10-17,44.95,AUD,AU,True,False,False,False,False,False,False,770.0,0.0,0.0,2020-11-25,False,False,5.996574074074074,True
294100,018d937f-12e9-71ca-a5d5-f31985870694,AU,2020-12-22 18:56:30,44.95,49.95,10.0,AUD,61,2018-10-17,44.95,AUD,AU,True,False,False,False,False,False,False,797.0,0.0,0.0,2020-12-22,False,False,13.999849537037036,True
294100,018d937f-12e9-71ca-a5d5-f31985870694,AU,2021-02-11 19:03:31,44.95,49.95,10.0,AUD,61,2018-10-17,44.95,AUD,AU,True,False,False,False,False,False,False,848.0,0.0,0.0,2021-02-11,False,False,3.975277777777778,True
294100,018d937f-12e9-71ca-a5d5-f31985870694,AU,2021-06-28 14:30:32,44.95,49.95,10.0,AUD,61,2018-10-17,44.95,AUD,AU,True,False,False,False,False,False,False,985.0,0.0,0.0,2021-06-28,False,False,10.119548611111112,True
294100,018d937f-12e9-71ca-a5d5-f31985870694,AU,2021-08-07 17:09:06,44.95,49.95,10.0,AUD,61,2018-10-17,44.95,AUD,AU,True,False,False,False,False,False,False,1025.0,0.0,0.0,2021-08-07,False,False,7.008229166666666,True
294100,018d937f-12e9-71ca-a5d5-f31985870694,AU,2021-10-28 18:01:45,44.95,49.95,10.0,AUD,61,2018-10-17,44.95,AUD,AU,True,False,False,False,False,False,False,1107.0,0.0,0.0,2021-10-28,False,False,4.037361111111111,True
294100,018d937f-12e9-71ca-a5d5-f31985870694,AU,2021-11-24 18:32:40,44.95,49.95,10.0,AUD,61,2018-10-17,44.95,AUD,AU,True,False,False,False,False,False,False,1134.0,0.0,0.0,2021-11-24,False,False,7.094201388888889,True
294100,018d937f-12e9-71ca-a5d5-f31985870694,AU,2021-12-22 22:01:11,44.95,49.95,10.0,AUD,61,2018-10-17,44.95,AUD,AU,True,False,False,False,False,False,False,1162.0,0.0,0.0,2021-12-22,False,False,13.855983796296297,True
294100,018d937f-12e9-71ca-a5d5-f31985870694,AU,2022-01-27 19:19:15,44.95,49.95,10.0,AUD,61,2018-10-17,44.95,AUD,AU,True,False,False,False,False,False,False,1198.0,0.0,0.0,2022-01-27,False,False,6.989872685185185,True
294100,018d937f-12e9-71ca-a5d5-f31985870694,AU,2022-05-16 17:42:22,44.95,49.95,10.0,AUD,61,2018-10-17,44.95,AUD,AU,True,False,False,False,False,False,False,1307.0,0.0,0.0,2022-05-16,False,False,6.9854976851851855,True
294100,018d937f-12e9-71ca-a5d5-f31985870694,AU,2022-06-23 17:31:52,44.95,49.95,10.0,AUD,61,2018-10-17,44.95,AUD,AU,True,False,False,False,False,False,False,1345.0,0.0,0.0,2022-06-23,False,False,14.154108796296295,True
294100,018d937f-12e9-71ca-a5d5-f31985870694,AU,2022-08-01 17:05:00,44.95,49.95,10.0,AUD,61,2018-10-17,44.95,AUD,AU,True,False,False,False,False,False,False,1384.0,0.0,0.0,2022-08-01,False,False,7.01800925925926,True
294100,018d937f-12e9-71ca-a5d5-f31985870694,AU,2022-10-21 14:18:24,44.95,49.95,10.0,AUD,61,2018-10-17,44.95,AUD,AU,True,False,False,False,False,False,False,1465.0,0.0,0.0,2022-10-21,False,False,6.999953703703704,True
294100,018d937f-12e9-71ca-a5d5-f31985870694,AU,2022-12-22 19:07:18,39.96,49.95,20.0,AUD,61,2018-10-17,44.95,AUD,AU,True,False,False,False,False,False,False,1527.0,-4.990000000000002,-0.11101223581757513,2022-12-22,False,False,14.091851851851851,True
294100,018d937f-12e9-71ca-a5d5-f31985870694,AU,2023-01-23 18:06:27,39.96,49.95,20.0,AUD,61,2018-10-17,44.95,AUD,AU,True,False,False,False,False,False,False,1559.0,-4.990000000000002,-0.11101223581757513,2023-01-23,False,False,7.04056712962963,True
294100,018d937f-12e9-71ca-a5d5-f31985870694,AU,2023-02-16 23:03:16,44.95,44.95,0.0,AUD,61,2018-10-17,44.95,AUD,AU,False,False,False,True,False,False,False,1583.0,0.0,0.0,2023-02-16,False,False,,False
294100,018d937f-12e9-71ca-a5d5-f31985870694,AU,2023-03-16 19:46:26,35.96,44.95,20.0,AUD,61,2018-10-17,44.95,AUD,AU,True,False,False,False,False,False,False,1611.0,-8.990000000000002,-0.20000000000000007,2023-03-16,False,False,6.918298611111111,True
294100,018d937f-12e9-71ca-a5d5-f31985870694,AU,2023-04-27 17:19:08,35.96,44.95,20.0,AUD,61,2018-10-17,44.95,AUD,AU,True,False,False,False,False,False,False,1653.0,-8.990000000000002,-0.20000000000000007,2023-04-27,False,False,6.999421296296297,True
294100,018d937f-12e9-71ca-a5d5-f31985870694,AU,2023-06-29 18:05:57,35.96,44.95,20.0,AUD,61,2018-10-17,44.95,AUD,AU,True,False,False,False,False,False,False,1716.0,-8.990000000000002,-0.20000000000000007,2023-06-29,False,False,13.990763888888889,True
294100,018d937f-12e9-71ca-a5d5-f31985870694,AU,2023-09-25 17:27:29,35.96,44.95,20.0,AUD,61,2018-10-17,44.95,AUD,AU,True,False,False,False,False,False,False,1804.0,-8.990000000000002,-0.20000000000000007,2023-09-25,False,False,7.0062037037037035,True
294100,018d937f-12e9-71ca-a5d5-f31985870694,AU,2023-11-21 18:32:11,35.96,44.95,20.0,AUD,61,2018-10-17,44.95,AUD,AU,True,False,False,False,False,False,False,1861.0,-8.990000000000002,-0.20000000000000007,2023-11-21,False,False,6.9977430555555555,True
294100,018d937f-12e9-71ca-a5d5-f31985870694,AU,2023-12-21 18:25:49,35.96,44.95,20.0,AUD,61,2018-10-17,44.95,AUD,AU,True,False,False,False,False,False,False,1891.0,-8.990000000000002,-0.20000000000000007,2023-12-21,False,False,14.00568287037037,True
294100,018d937f-12e9-71ca-a5d5-f31985870694,AU,2024-03-14 17:17:12,35.96,44.95,20.0,AUD,61,2018-10-17,44.95,AUD,AU,True,False,False,False,False,False,False,1975.0,-8.990000000000002,-0.20000000000000007,2024-03-14,False,False,7.001631944444444,True
294100,018d937f-12e9-71ca-a5d5-f31985870694,AU,2024-04-11 17:15:15,35.96,44.95,20.0,AUD,61,2018-10-17,44.95,AUD,AU,True,False,False,False,False,False,False,2003.0,-8.990000000000002,-0.20000000000000007,2024-04-11,False,False,14.001481481481482,True
294100,018d937f-12e9-71ca-a5d5-f31985870694,AU,2024-06-27 17:24:28,35.96,44.95,20.0,AUD,61,2018-10-17,44.95,AUD,AU,True,False,False,False,False,False,False,2080.0,-8.990000000000002,-0.20000000000000007,2024-06-27,False,False,13.997824074074074,True
294100,018d937f-12e9-71ca-a5d5-f31985870694,AU,2024-07-15 17:22:24,35.96,44.95,20.0,AUD,61,2018-10-17,44.95,AUD,AU,True,False,False,False,False,False,False,2098.0,-8.990000000000002,-0.20000000000000007,2024-07-15,False,False,13.9959375,True
294100,018d937f-12e9-71ca-a5d5-f31985870694,AU,2024-10-04 17:15:30,35.96,44.95,20.0,AUD,61,2018-10-17,44.95,AUD,AU,True,False,False,False,False,False,False,2179.0,-8.990000000000002,-0.20000000000000007,2024-10-04,False,False,13.99982638888889,True
294100,018d937f-12e9-71ca-a5d5-f31985870694,AU,2024-11-27 20:16:03,35.96,44.95,20.0,AUD,61,2018-10-17,44.95,AUD,AU,True,False,False,False,False,False,False,2233.0,-8.990000000000002,-0.20000000000000007,2024-11-27,False,False,6.918240740740741,True
294100,018d937f-12e9-71ca-a5d5-f31985870694,AU,2024-12-19 22:53:41,35.96,44.95,20.0,AUD,61,2018-10-17,44.95,AUD,AU,True,False,False,False,False,False,False,2255.0,-8.990000000000002,-0.20000000000000007,2024-12-19,False,False,13.80861111111111,True
294100,018d937f-12e9-71ca-a5d5-f31985870694,AU,2025-01-23 18:24:37,35.96,44.95,20.0,AUD,61,2018-10-17,44.95,AUD,AU,True,False,False,False,False,False,False,2290.0,-8.990000000000002,-0.20000000000000007,2025-01-23,False,False,13.995,True
294100,018d937f-12e9-71ca-a5d5-f31985870694,AU,2025-03-13 19:24:02,35.96,44.95,20.0,AUD,61,2018-10-17,44.95,AUD,AU,True,False,False,False,False,False,False,2339.0,-8.990000000000002,-0.20000000000000007,2025-03-13,False,False,6.914236111111111,True
294100,018d937f-12e9-71ca-a5d5-f31985870694,AU,2025-03-24 17:17:06,35.96,44.95,20.0,AUD,61,2018-10-17,44.95,AUD,AU,True,False,False,False,False,False,False,2350.0,-8.990000000000002,-0.20000000000000007,2025-03-24,False,False,14.002604166666666,True
294100,018d937f-12e9-71ca-a5d5-f31985870694,AU,2025-05-14 17:42:39,35.96,44.95,20.0,AUD,61,2018-10-17,44.95,AUD,AU,True,False,False,False,False,False,False,2401.0,-8.990000000000002,-0.20000000000000007,2025-05-14,False,False,6.9836226851851855,True
294100,018d937f-12e9-71ca-a5d5-f31985870694,AU,2025-06-26 22:36:08,35.96,44.95,20.0,AUD,61,2018-10-17,44.95,AUD,AU,True,False,False,False,False,False,False,2444.0,-8.990000000000002,-0.20000000000000007,2025-06-26,False,False,27.778703703703705,True
294100,018d937f-12e9-71ca-a5d5-f31985870694,AU,2025-09-29 17:30:43,35.96,44.95,20.0,AUD,61,2018-10-17,44.95,AUD,AU,True,False,False,False,False,False,False,2539.0,-8.990000000000002,-0.20000000000000007,2025-09-29,False,False,6.992025462962963,True
294100,018d937f-12e9-71ca-a5d5-f31985870694,AU,2025-10-10 17:15:39,35.96,44.95,20.0,AUD,61,2018-10-17,44.95,AUD,AU,True,False,False,False,False,False,False,2550.0,-8.990000000000002,-0.20000000000000007,2025-10-10,False,False,13.999803240740741,True
294100,018d937f-12e9-71ca-a5d5-f31985870694,BR,2018-10-17 15:08:41,65.71,65.71,0.0,BRL,61,2018-10-17,101.99,BRL,BR,False,False,False,False,True,False,True,0.0,-36.28,-0.35572114913226793,2018-10-17,False,False,,False
294100,018d937f-12e9-71ca-a5d5-f31985870694,BR,2020-06-25 17:49:51,59.39,65.99,10.0,BRL,61,2018-10-17,101.99,BRL,BR,True,False,False,False,False,False,False,617.0,-42.599999999999994,-0.4176880086282968,2020-06-25,False,False,13.985381944444445,True
294100,018d937f-12e9-71ca-a5d5-f31985870694,BR,2020-08-09 17:21:15,59.39,65.99,10.0,BRL,61,2018-10-17,101.99,BRL,BR,True,False,False,False,False,False,False,662.0,-42.599999999999994,-0.4176880086282968,2020-08-09,False,False,5.999965277777778,True
294100,018d937f-12e9-71ca-a5d5-f31985870694,BR,2020-10-29 17:00:14,59.39,65.99,10.0,BRL,61,2018-10-17,101.99,BRL,BR,True,False,False,False,False,False,False,743.0,-42.599999999999994,-0.4176880086282968,2020-10-29,False,False,4.06119212962963,True
294100,018d937f-12e9-71ca-a5d5-f31985870694,BR,2020-11-25 18:32:26,59.39,65.99,10.0,BRL,61,2018-10-17,101.99,BRL,BR,True,False,False,False,False,False,False,770.0,-42.599999999999994,-0.4176880086282968,2020-11-25,False,False,5.993900462962963,True
294100,018d937f-12e9-71ca-a5d5-f31985870694,BR,2020-12-22 19:00:35,59.39,65.99,10.0,BRL,61,2018-10-17,101.99,BRL,BR,True,False,False,False,False,False,False,797.0,-42.599999999999994,-0.4176880086282968,2020-12-22,False,False,13.994016203703703,True
294100,018d937f-12e9-71ca-a5d5-f31985870694,BR,2021-02-11 18:32:57,59.39,65.99,10.0,BRL,61,2018-10-17,101.99,BRL,BR,True,False,False,False,False,False,False,848.0,-42.599999999999994,-0.4176880086282968,2021-02-11,False,False,3.9933217592592594,True
294100,018d937f-12e9-71ca-a5d5-f31985870694,BR,2021-06-28 14:30:34,59.39,65.99,10.0,BRL,61,2018-10-17,101.99,BRL,BR,True,False,False,False,False,False,False,985.0,-42.599999999999994,-0.4176880086282968,2021-06-28,False,False,10.1409375,True
294100,018d937f-12e9-71ca-a5d5-f31985870694,BR,2021-08-07 17:15:07,59.39,65.99,10.0,BRL,61,2018-10-17,101.99,BRL,BR,True,False,False,False,False,False,False,1025.0,-42.599999999999994,-0.4176880086282968,2021-08-07,False,False,6.999155092592592,True
294100,018d937f-12e9-71ca-a5d5-f31985870694,BR,2021-10-28 20:05:22,59.39,65.99,10.0,BRL,61,2018-10-17,101.99,BRL,BR,True,False,False,False,False,False,False,1107.0,-42.599999999999994,-0.4176880086282968,2021-10-28,False,False,3.9407638888888887,True
294100,018d937f-12e9-71ca-a5d5-f31985870694,BR,2021-11-24 18:20:00,59.39,65.99,10.0,BRL,61,2018-10-17,101.99,BRL,BR,True,False,False,False,False,False,False,1134.0,-42.599999999999994,-0.4176880086282968,2021-11-24,False,False,7.012013888888889,True
294100,018d937f-12e9-71ca-a5d5-f31985870694,BR,2021-12-22 21:47:32,59.39,65.99,10.0,BRL,61,2018-10-17,101.99,BRL,BR,True,False,False,False,False,False,False,1162.0,-42.599999999999994,-0.4176880086282968,2021-12-22,False,False,13.88295138888889,True
294100,018d937f-12e9-71ca-a5d5-f31985870694,BR,2022-01-27 19:13:32,59.39,65.99,10.0,BRL,61,2018-10-17,101.99,BRL,BR,True,False,False,False,False,False,False,1198.0,-42.599999999999994,-0.4176880086282968,2022-01-27,False,False,6.964502314814815,True
294100,018d937f-12e9-71ca-a5d5-f31985870694,BR,2022-05-16 17:12:39,59.39,65.99,10.0,BRL,61,2018-10-17,101.99,BRL,BR,True,False,False,False,False,False,False,1307.0,-42.599999999999994,-0.4176880086282968,2022-05-16,False,False,7.018599537037037,True
294100,018d937f-12e9-71ca-a5d5-f31985870694,BR,2022-06-23 22:34:07,59.39,65.99,10.0,BRL,61,2018-10-17,101.99,BRL,BR,True,False,False,False,False,False,False,1345.0,-42.599999999999994,-0.4176880086282968,2022-06-23,False,False,13.772662037037037,True
294100,018d937f-12e9-71ca-a5d5-f31985870694,BR,2022-08-01 17:25:32,59.39,65.99,10.0,BRL,61,2018-10-17,101.99,BRL,BR,True,False,False,False,False,False,False,1384.0,-42.599999999999994,-0.4176880086282968,2022-08-01,False,False,6.98880787037037,True
294100,018d937f-12e9-71ca-a5d5-f31985870694,BR,2022-10-21 14:18:23,59.39,65.99,10.0,BRL,61,2018-10-17,101.99,BRL,BR,True,False,False,False,False,False,False,1465.0,-42.599999999999994,-0.4176880086282968,2022-10-21,False,False,6.999965277777778,True
294100,018d937f-12e9-71ca-a5d5-f31985870694,BR,2022-11-17 19:44:15,79.99,79.99,0.0,BRL,61,2018-10-17,101.99,BRL,BR,False,False,False,True,False,False,False,1492.0,-22.0,-0.21570742229630357,2022-11-17,False,False,,False
294100,018d937f-12e9-71ca-a5d5-f31985870694,BR,2022-12-22 18:43:48,63.99,79.99,20.0,BRL,61,2018-10-17,101.99,BRL,BR,True,False,False,False,False,False,False,1527.0,-37.99999999999999,-0.3725855476027061,2022-12-22,False,False,13.988935185185186,True
294100,018d937f-12e9-71ca-a5d5-f31985870694,BR,2023-01-23 18:35:08,63.99,79.99,20.0,BRL,61,2018-10-17,101.99,BRL,BR,True,False,False,False,False,False,False,1559.0,-37.99999999999999,-0.3725855476027061,2023-01-23,False,False,6.988587962962963,True
294100,018d937f-12e9-71ca-a5d5-f31985870694,BR,2023-03-16 19:45:41,63.99,79.99,20.0,BRL,61,2018-10-17,101.99,BRL,BR,True,False,False,False,False,False,False,1611.0,-37.99999999999999,-0.3725855476027061,2023-03-16,False,False,6.939861111111111,True
294100,018d937f-12e9-71ca-a5d5-f31985870694,BR,2023-04-27 17:03:17,63.99,79.99,20.0,BRL,61,2018-10-17,101.99,BRL,BR,True,False,False,False,False,False,False,1653.0,-37.99999999999999,-0.3725855476027061,2023-04-27,False,False,7.002060185185186,True
294100,018d937f-12e9-71ca-a5d5-f31985870694,BR,2023-06-29 22:03:52,63.99,79.99,20.0,BRL,61,2018-10-17,101.99,BRL,BR,True,False,False,False,False,False,False,1716.0,-37.99999999999999,-0.3725855476027061,2023-06-29,False,False,13.812743055555556,True
294100,018d937f-12e9-71ca-a5d5-f31985870694,BR,2023-08-03 17:12:12,63.99,79.99,20.0,BRL,61,2018-10-17,101.99,BRL,BR,True,False,False,False,False,False,False,1751.0,-37.99999999999999,-0.3725855476027061,2023-08-03,False,False,6.9958680555555555,True
294100,018d937f-12e9-71ca-a5d5-f31985870694,BR,2023-09-25 17:24:25,63.99,79.99,20.0,BRL,61,2018-10-17,101.99,BRL,BR,True,False,False,False,False,False,False,1804.0,-37.99999999999999,-0.3725855476027061,2023-09-25,False,False,7.007557870370371,True
294100,018d937f-12e9-71ca-a5d5-f31985870694,BR,2023-11-21 19:08:03,63.99,79.99,20.0,BRL,61,2018-10-17,101.99,BRL,BR,True,False,False,False,False,False,False,1861.0,-37.99999999999999,-0.3725855476027061,2023-11-21,False,False,6.966516203703704,True
294100,018d937f-12e9-71ca-a5d5-f31985870694,BR,2023-12-21 18:59:30,63.99,79.99,20.0,BRL,61,2018-10-17,101.99,BRL,BR,True,False,False,False,False,False,False,1891.0,-37.99999999999999,-0.3725855476027061,2023-12-21,False,False,13.980543981481482,True
294100,018d937f-12e9-71ca-a5d5-f31985870694,BR,2024-03-14 17:16:59,63.99,79.99,20.0,BRL,61,2018-10-17,101.99,BRL,BR,True,False,False,False,False,False,False,1975.0,-37.99999999999999,-0.3725855476027061,2024-03-14,False,False,7.001944444444445,True
294100,018d937f-12e9-71ca-a5d5-f31985870694,BR,2024-04-11 17:18:17,63.99,79.99,20.0,BRL,61,2018-10-17,101.99,BRL,BR,True,False,False,False,False,False,False,2003.0,-37.99999999999999,-0.3725855476027061,2024-04-11,False,False,13.999375,True
294100,018d937f-12e9-71ca-a5d5-f31985870694,BR,2024-06-27 17:24:28,63.99,79.99,20.0,BRL,61,2018-10-17,101.99,BRL,BR,True,False,False,False,False,False,False,2080.0,-37.99999999999999,-0.3725855476027061,2024-06-27,False,False,16.96199074074074,True
294100,018d937f-12e9-71ca-a5d5-f31985870694,BR,2024-07-15 17:20:28,63.99,79.99,20.0,BRL,61,2018-10-17,101.99,BRL,BR,True,False,False,False,False,False,False,2098.0,-37.99999999999999,-0.3725855476027061,2024-07-15,False,False,13.997280092592593,True
294100,018d937f-12e9-71ca-a5d5-f31985870694,BR,2024-10-04 17:15:11,63.99,79.99,20.0,BRL,61,2018-10-17,101.99,BRL,BR,True,False,False,False,False,False,False,2179.0,-37.99999999999999,-0.3725855476027061,2024-10-04,False,False,14.000277777777777,True
294100,018d937f-12e9-71ca-a5d5-f31985870694,BR,2024-11-27 20:20:50,63.99,79.99,20.0,BRL,61,2018-10-17,101.99,BRL,BR,True,False,False,False,False,False,False,2233.0,-37.99999999999999,-0.3725855476027061,2024-11-27,False,False,6.91494212962963,True
294100,018d937f-12e9-71ca-a5d5-f31985870694,BR,2024-12-19 19:43:15,63.99,79.99,20.0,BRL,61,2018-10-17,101.99,BRL,BR,True,False,False,False,False,False,False,2255.0,-37.99999999999999,-0.3725855476027061,2024-12-19,False,False,13.940833333333334,True
294100,018d937f-12e9-71ca-a5d5-f31985870694,BR,2025-01-23 18:16:23,63.99,79.99,20.0,BRL,61,2018-10-17,101.99,BRL,BR,True,False,False,False,False,False,False,2290.0,-37.99999999999999,-0.3725855476027061,2025-01-23,False,False,14.000729166666666,True
294100,018d937f-12e9-71ca-a5d5-f31985870694,BR,2025-03-13 19:09:37,63.99,79.99,20.0,BRL,61,2018-10-17,101.99,BRL,BR,True,False,False,False,False,False,False,2339.0,-37.99999999999999,-0.3725855476027061,2025-03-13,False,False,6.923275462962963,True
294100,018d937f-12e9-71ca-a5d5-f31985870694,BR,2025-03-24 17:16:07,63.99,79.99,20.0,BRL,61,2018-10-17,101.99,BRL,BR,True,False,False,False,False,False,False,2350.0,-37.99999999999999,-0.3725855476027061,2025-03-24,False,False,14.00173611111111,True
294100,018d937f-12e9-71ca-a5d5-f31985870694,BR,2025-05-14 17:48:40,63.99,79.99,20.0,BRL,61,2018-10-17,101.99,BRL,BR,True,False,False,False,False,False,False,2401.0,-37.99999999999999,-0.3725855476027061,2025-05-14,False,False,6.976886574074074,True
294100,018d937f-12e9-71ca-a5d5-f31985870694,BR,2025-05-26 02:57:08,101.99,101.99,0.0,BRL,61,2018-10-17,101.99,BRL,BR,False,False,False,True,False,False,False,2413.0,0.0,0.0,2025-05-26,False,False,,False
294100,018d937f-12e9-71ca-a5d5-f31985870694,BR,2025-06-26 22:36:24,81.59,101.99,20.0,BRL,61,2018-10-17,101.99,BRL,BR,True,False,False,False,False,False,False,2444.0,-20.39999999999999,-0.20001960976566324,2025-06-26,False,False,27.77730324074074,True
294100,018d937f-12e9-71ca-a5d5-f31985870694,BR,2025-09-29 17:33:48,81.59,101.99,20.0,BRL,61,2018-10-17,101.99,BRL,BR,True,False,False,False,False,False,False,2539.0,-20.39999999999999,-0.20001960976566324,2025-09-29,False,False,6.989907407407407,True
294100,018d937f-12e9-71ca-a5d5-f31985870694,BR,2025-10-10 17:15:32,81.59,101.99,20.0,BRL,61,2018-10-17,101.99,BRL,BR,True,False,False,False,False,False,False,2550.0,-20.39999999999999,-0.20001960976566324,2025-10-10,False,False,13.999780092592593,True
294100,018d937f-12e9-71ca-a5d5-f31985870694,CA,2018-10-17 15:12:24,39.99,39.99,0.0,CAD,61,2018-10-17,39.99,CAD,CA,False,False,False,False,True,False,True,0.0,0.0,0.0,2018-10-17,False,False,,False
294100,018d937f-12e9-71ca-a5d5-f31985870694,CA,2020-06-25 18:34:56,35.99,39.99,10.0,CAD,61,2018-10-17,39.99,CAD,CA,True,False,False,False,False,False,False,617.0,-4.0,-0.10002500625156285,2020-06-25,False,False,13.954594907407408,True
294100,018d937f-12e9-71ca-a5d5-f31985870694,CA,2020-08-09 17:21:37,35.99,39.99,10.0,CAD,61,2018-10-17,39.99,CAD,CA,True,False,False,False,False,False,False,662.0,-4.0,-0.10002500625156285,2020-08-09,False,False,5.999780092592593,True
294100,018d937f-12e9-71ca-a5d5-f31985870694,CA,2020-10-29 17:08:10,35.99,39.99,10.0,CAD,61,2018-10-17,39.99,CAD,CA,True,False,False,False,False,False,False,743.0,-4.0,-0.10002500625156285,2020-10-29,False,False,4.0551967592592595,True
294100,018d937f-12e9-71ca-a5d5-f31985870694,CA,2020-11-25 18:26:48,35.99,39.99,10.0,CAD,61,2018-10-17,39.99,CAD,CA,True,False,False,False,False,False,False,770.0,-4.0,-0.10002500625156285,2020-11-25,False,False,5.998680555555556,True
294100,018d937f-12e9-71ca-a5d5-f31985870694,CA,2020-12-22 18:59:38,35.99,39.99,10.0,CAD,61,2018-10-17,39.99,CAD,CA,True,False,False,False,False,False,False,797.0,-4.0,-0.10002500625156285,2020-12-22,False,False,13.997164351851852,True
294100,018d937f-12e9-71ca-a5d5-f31985870694,CA,2021-02-11 19:00:56,35.99,39.99,10.0,CAD,61,2018-10-17,39.99,CAD,CA,True,False,False,False,False,False,False,848.0,-4.0,-0.10002500625156285,2021-02-11,False,False,3.9732175925925928,True
294100,018d937f-12e9-71ca-a5d5-f31985870694,CA,2021-06-28 14:30:32,35.99,39.99,10.0,CAD,61,2018-10-17,39.99,CAD,CA,True,False,False,False,False,False,False,985.0,-4.0,-0.10002500625156285,2021-06-28,False,False,10.140821759259259,True
294100,018d937f-12e9-71ca-a5d5-f31985870694,CA,2021-08-07 17:18:36,35.99,39.99,10.0,CAD,61,2018-10-17,39.99,CAD,CA,True,False,False,False,False,False,False,1025.0,-4.0,-0.10002500625156285,2021-08-07,False,False,6.992719907407407,True
294100,018d937f-12e9-71ca-a5d5-f31985870694,CA,2021-10-28 17:37:02,35.99,39.99,10.0,CAD,61,2018-10-17,39.99,CAD,CA,True,False,False,False,False,False,False,1107.0,-4.0,-0.10002500625156285,2021-10-28,False,False,4.0018518518518515,True
294100,018d937f-12e9-71ca-a5d5-f31985870694,CA,2021-11-24 18:28:58,35.99,39.99,10.0,CAD,61,2018-10-17,39.99,CAD,CA,True,False,False,False,False,False,False,1134.0,-4.0,-0.10002500625156285,2021-11-24,False,False,7.0266319444444445,True
294100,018d937f-12e9-71ca-a5d5-f31985870694,CA,2021-12-22 18:26:32,35.99,39.99,10.0,CAD,61,2018-10-17,39.99,CAD,CA,True,False,False,False,False,False,False,1162.0,-4.0,-0.10002500625156285,2021-12-22,False,False,14.010636574074073,True
294100,018d937f-12e9-71ca-a5d5-f31985870694,CA,2022-01-27 18:20:17,35.99,39.99,10.0,CAD,61,2018-10-17,39.99,CAD,CA,True,False,False,False,False,False,False,1198.0,-4.0,-0.10002500625156285,2022-01-27,False,False,7.028900462962963,True
294100,018d937f-12e9-71ca-a5d5-f31985870694,CA,2022-05-16 17:12:40,35.99,39.99,10.0,CAD,61,2018-10-17,39.99,CAD,CA,True,False,False,False,False,False,False,1307.0,-4.0,-0.10002500625156285,2022-05-16,False,False,6.997928240740741,True
294100,018d937f-12e9-71ca-a5d5-f31985870694,CA,2022-06-23 23:13:15,35.99,39.99,10.0,CAD,61,2018-10-17,39.99,CAD,CA,True,False,False,False,False,False,False,1345.0,-4.0,-0.10002500625156285,2022-06-23,False,False,13.784085648148148,True
294100,018d937f-12e9-71ca-a5d5-f31985870694,CA,2022-08-01 17:27:11,35.99,39.99,10.0,CAD,61,2018-10-17,39.99,CAD,CA,True,False,False,False,False,False,False,1384.0,-4.0,-0.10002500625156285,2022-08-01,False,False,6.993807870370371,True
294100,018d937f-12e9-71ca-a5d5-f31985870694,CA,2022-10-21 14:18:24,35.99,39.99,10.0,CAD,61,2018-10-17,39.99,CAD,CA,True,False,False,False,False,False,False,1465.0,-4.0,-0.10002500625156285,2022-10-21,False,False,6.99994212962963,True
294100,018d937f-12e9-71ca-a5d5-f31985870694,CA,2022-11-17 19:44:47,42.99,42.99,0.0,CAD,61,2018-10-17,39.99,CAD,CA,False,False,False,True,False,False,False,1492.0,3.0,0.07501875468867225,2022-11-17,False,False,,False
294100,018d937f-12e9-71ca-a5d5-f31985870694,CA,2022-12-22 18:56:54,34.39,42.99,20.0,CAD,61,2018-10-17,39.99,CAD,CA,True,False,False,False,False,False,False,1527.0,-5.600000000000001,-0.1400350087521881,2022-12-22,False,False,14.006157407407407,True
294100,018d937f-12e9-71ca-a5d5-f31985870694,CA,2023-01-23 18:42:23,34.39,42.99,20.0,CAD,61,2018-10-17,39.99,CAD,CA,True,False,False,False,False,False,False,1559.0,-5.600000000000001,-0.1400350087521881,2023-01-23,False,False,6.976678240740741,True
294100,018d937f-12e9-71ca-a5d5-f31985870694,CA,2023-02-16 23:03:17,39.99,39.99,0.0,CAD,61,2018-10-17,39.99,CAD,CA,False,False,False,True,False,False,False,1583.0,0.0,0.0,2023-02-16,False,False,,False
294100,018d937f-12e9-71ca-a5d5-f31985870694,CA,2023-03-16 19:48:27,31.99,39.99,20.0,CAD,61,2018-10-17,39.99,CAD,CA,True,False,False,False,False,False,False,1611.0,-8.000000000000004,-0.20005001250312582,2023-03-16,False,False,6.9128125,True
294100,018d937f-12e9-71ca-a5d5-f31985870694,CA,2023-04-27 17:18:51,31.99,39.99,20.0,CAD,61,2018-10-17,39.99,CAD,CA,True,False,False,False,False,False,False,1653.0,-8.000000000000004,-0.20005001250312582,2023-04-27,False,False,6.995486111111111,True
294100,018d937f-12e9-71ca-a5d5-f31985870694,CA,2023-06-29 18:23:22,31.99,39.99,20.0,CAD,61,2018-10-17,39.99,CAD,CA,True,False,False,False,False,False,False,1716.0,-8.000000000000004,-0.20005001250312582,2023-06-29,False,False,13.978541666666667,True
294100,018d937f-12e9-71ca-a5d5-f31985870694,CA,2023-08-03 17:12:14,31.99,39.99,20.0,CAD,61,2018-10-17,39.99,CAD,CA,True,False,False,False,False,False,False,1751.0,-8.000000000000004,-0.20005001250312582,2023-08-03,False,False,7.005185185185185,True
294100,018d937f-12e9-71ca-a5d5-f31985870694,CA,2023-09-25 17:06:21,31.99,39.99,20.0,CAD,61,2018-10-17,39.99,CAD,CA,True,False,False,False,False,False,False,1804.0,-8.000000000000004,-0.20005001250312582,2023-09-25,False,False,7.012523148148148,True
294100,018d937f-12e9-71ca-a5d5-f31985870694,CA,2023-11-21 18:29:19,31.99,39.99,20.0,CAD,61,2018-10-17,39.99,CAD,CA,True,False,False,False,False,False,False,1861.0,-8.000000000000004,-0.20005001250312582,2023-11-21,False,False,7.030810185185185,True
294100,018d937f-12e9-71ca-a5d5-f31985870694,CA,2023-12-21 18:15:32,31.99,39.99,20.0,CAD,61,2018-10-17,39.99,CAD,CA,True,False,False,False,False,False,False,1891.0,-8.000000000000004,-0.20005001250312582,2023-12-21,False,False,14.008969907407407,True
294100,018d937f-12e9-71ca-a5d5-f31985870694,CA,2024-03-14 17:17:14,31.99,39.99,20.0,CAD,61,2018-10-17,39.99,CAD,CA,True,False,False,False,False,False,False,1975.0,-8.000000000000004,-0.20005001250312582,2024-03-14,False,False,7.001759259259259,True
294100,018d937f-12e9-71ca-a5d5-f31985870694,CA,2024-04-11 17:18:11,31.99,39.99,20.0,CAD,61,2018-10-17,39.99,CAD,CA,True,False,False,False,False,False,False,2003.0,-8.000000000000004,-0.20005001250312582,2024-04-11,False,False,13.998958333333333,True
294100,018d937f-12e9-71ca-a5d5-f31985870694,CA,2024-06-27 17:26:49,31.99,39.99,20.0,CAD,61,2018-10-17,39.99,CAD,CA,True,False,False,False,False,False,False,2080.0,-8.000000000000004,-0.20005001250312582,2024-06-27,False,False,13.995011574074073,True
294100,018d937f-12e9-71ca-a5d5-f31985870694,CA,2024-07-15 17:17:19,31.99,39.99,20.0,CAD,61,2018-10-17,39.99,CAD,CA,True,False,False,False,False,False,False,2098.0,-8.000000000000004,-0.20005001250312582,2024-07-15,False,False,13.999456018518519,True
294100,018d937f-12e9-71ca-a5d5-f31985870694,CA,2024-10-04 17:15:28,31.99,39.99,20.0,CAD,61,2018-10-17,39.99,CAD,CA,True,False,False,False,False,False,False,2179.0,-8.000000000000004,-0.20005001250312582,2024-10-04,False,False,14.000034722222223,True
294100,018d937f-12e9-71ca-a5d5-f31985870694,CA,2024-11-27 20:20:54,31.99,39.99,20.0,CAD,61,2018-10-17,39.99,CAD,CA,True,False,False,False,False,False,False,2233.0,-8.000000000000004,-0.20005001250312582,2024-11-27,False,False,6.916412037037037,True
294100,018d937f-12e9-71ca-a5d5-f31985870694,CA,2024-12-19 19:43:52,31.99,39.99,20.0,CAD,61,2018-10-17,39.99,CAD,CA,True,False,False,False,False,False,False,2255.0,-8.000000000000004,-0.20005001250312582,2024-12-19,False,False,13.940451388888889,True
294100,018d937f-12e9-71ca-a5d5-f31985870694,CA,2025-01-23 18:23:04,31.99,39.99,20.0,CAD,61,2018-10-17,39.99,CAD,CA,True,False,False,False,False,False,False,2290.0,-8.000000000000004,-0.20005001250312582,2025-01-23,False,False,13.998761574074074,True
294100,018d937f-12e9-71ca-a5d5-f31985870694,CA,2025-03-13 19:09:45,31.99,39.99,20.0,CAD,61,2018-10-17,39.99,CAD,CA,True,False,False,False,False,False,False,2339.0,-8.000000000000004,-0.20005001250312582,2025-03-13,False,False,6.923287037037037,True
294100,018d937f-12e9-71ca-a5d5-f31985870694,CA,2025-03-24 17:16:10,31.99,39.99,20.0,CAD,61,2018-10-17,39.99,CAD,CA,True,False,False,False,False,False,False,2350.0,-8.000000000000004,-0.20005001250312582,2025-03-24,False,False,14.001712962962962,True
294100,018d937f-12e9-71ca-a5d5-f31985870694,CA,2025-05-14 17:43:07,31.99,39.99,20.0,CAD,61,2018-10-17,39.99,CAD,CA,True,False,False,False,False,False,False,2401.0,-8.000000000000004,-0.20005001250312582,2025-05-14,False,False,6.980810185185185,True
294100,018d937f-12e9-71ca-a5d5-f31985870694,CA,2025-06-26 22:33:59,31.99,39.99,20.0,CAD,61,2018-10-17,39.99,CAD,CA,True,False,False,False,False,False,False,2444.0,-8.000000000000004,-0.20005001250312582,2025-06-26,False,False,27.77976851851852,True
294100,018d937f-12e9-71ca-a5d5-f31985870694,CA,2025-09-29 17:33:17,31.99,39.99,20.0,CAD,61,2018-10-17,39.99,CAD,CA,True,False,False,False,False,False,False,2539.0,-8.000000000000004,-0.20005001250312582,2025-09-29,False,False,6.990266203703704,True
294100,018d937f-12e9-71ca-a5d5-f31985870694,CA,2025-10-10 17:15:28,31.99,39.99,20.0,CAD,61,2018-10-17,39.99,CAD,CA,True,False,False,False,False,False,False,2550.0,-8.000000000000004,-0.20005001250312582,2025-10-10,False,False,14.000671296296296,True
294100,018d937f-12e9-71ca-a5d5-f31985870694,CN,2018-10-17 15:06:46,103.0,103.0,0.0,CNY,61,2018-10-17,128.0,CNY,CN,False,False,False,False,True,False,True,0.0,-25.0,-0.1953125,2018-10-17,False,False,,False
294100,018d937f-12e9-71ca-a5d5-f31985870694,CN,2020-06-25 17:59:33,92.0,103.0,11.0,CNY,61,2018-10-17,128.0,CNY,CN,True,False,False,False,False,False,False,617.0,-36.0,-0.28125,2020-06-25,False,False,13.978703703703705,True
294100,018d937f-12e9-71ca-a5d5-f31985870694,CN,2020-08-09 17:21:33,92.0,103.0,11.0,CNY,61,2018-10-17,128.0,CNY,CN,True,False,False,False,False,False,False,662.0,-36.0,-0.28125,2020-08-09,False,False,5.9998611111111115,True
294100,018d937f-12e9-71ca-a5d5-f31985870694,CN,2020-10-29 17:00:23,92.0,103.0,11.0,CNY,61,2018-10-17,128.0,CNY,CN,True,False,False,False,False,False,False,743.0,-36.0,-0.28125,2020-10-29,False,False,4.060335648148148,True
294100,018d937f-12e9-71ca-a5d5-f31985870694,CN,2020-11-25 18:28:38,92.0,103.0,11.0,CNY,61,2018-10-17,128.0,CNY,CN,True,False,False,False,False,False,False,770.0,-36.0,-0.28125,2020-11-25,False,False,5.994861111111111,True
294100,018d937f-12e9-71ca-a5d5-f31985870694,CN,2020-12-22 19:05:04,92.0,103.0,11.0,CNY,61,2018-10-17,128.0,CNY,CN,True,False,False,False,False,False,False,797.0,-36.0,-0.28125,2020-12-22,False,False,13.994363425925926,True
294100,018d937f-12e9-71ca-a5d5-f31985870694,CN,2021-02-11 19:02:10,92.0,103.0,11.0,CNY,61,2018-10-17,128.0,CNY,CN,True,False,False,False,False,False,False,848.0,-36.0,-0.28125,2021-02-11,False,False,3.9738541666666665,True
294100,018d937f-12e9-71ca-a5d5-f31985870694,CN,2021-06-28 14:30:31,92.0,103.0,11.0,CNY,61,2018-10-17,128.0,CNY,CN,True,False,False,False,False,False,False,985.0,-36.0,-0.28125,2021-06-28,False,False,10.119525462962963,True
294100,018d937f-12e9-71ca-a5d5-f31985870694,CN,2021-08-07 17:18:36,92.0,103.0,11.0,CNY,61,2018-10-17,128.0,CNY,CN,True,False,False,False,False,False,False,1025.0,-36.0,-0.28125,2021-08-07,False,False,6.994826388888889,True
294100,018d937f-12e9-71ca-a5d5-f31985870694,CN,2021-10-28 17:48:55,92.7,103.0,10.0,CNY,61,2018-10-17,128.0,CNY,CN,True,False,False,False,False,False,False,1107.0,-35.3,-0.27578125,2021-10-28,False,False,4.0063657407407405,True
294100,018d937f-12e9-71ca-a5d5-f31985870694,CN,2021-11-24 21:09:47,92.7,103.0,10.0,CNY,61,2018-10-17,128.0,CNY,CN,True,False,False,False,False,False,False,1134.0,-35.3,-0.27578125,2021-11-24,False,False,6.914826388888889,True
294100,018d937f-12e9-71ca-a5d5-f31985870694,CN,2021-12-22 19:20:09,92.7,103.0,10.0,CNY,61,2018-10-17,128.0,CNY,CN,True,False,False,False,False,False,False,1162.0,-35.3,-0.27578125,2021-12-22,False,False,13.964479166666667,True
294100,018d937f-12e9-71ca-a5d5-f31985870694,CN,2022-01-27 18:46:41,92.7,103.0,10.0,CNY,61,2018-10-17,128.0,CNY,CN,True,False,False,False,False,False,False,1198.0,-35.3,-0.27578125,2022-01-27,False,False,6.9874074074074075,True
294100,018d937f-12e9-71ca-a5d5-f31985870694,CN,2022-05-16 17:29:52,92.7,103.0,10.0,CNY,61,2018-10-17,128.0,CNY,CN,True,False,False,False,False,False,False,1307.0,-35.3,-0.27578125,2022-05-16,False,False,6.989988425925926,True
294100,018d937f-12e9-71ca-a5d5-f31985870694,CN,2022-06-23 18:11:09,92.7,103.0,10.0,CNY,61,2018-10-17,128.0,CNY,CN,True,False,False,False,False,False,False,1345.0,-35.3,-0.27578125,2022-06-23,False,False,13.970567129629629,True
294100,018d937f-12e9-71ca-a5d5-f31985870694,CN,2022-08-01 17:07:05,92.7,103.0,10.0,CNY,61,2018-10-17,128.0,CNY,CN,True,False,False,False,False,False,False,1384.0,-35.3,-0.27578125,2022-08-01,False,False,6.997395833333333,True
294100,018d937f-12e9-71ca-a5d5-f31985870694,CN,2022-10-21 14:18:30,92.7,103.0,10.0,CNY,61,2018-10-17,128.0,CNY,CN,True,False,False,False,False,False,False,1465.0,-35.3,-0.27578125,2022-10-21,False,False,6.999803240740741,True
294100,018d937f-12e9-71ca-a5d5-f31985870694,CN,2022-11-17 19:44:35,113.0,113.0,0.0,CNY,61,2018-10-17,128.0,CNY,CN,False,False,False,True,False,False,False,1492.0,-15.0,-0.1171875,2022-11-17,False,False,,False
294100,018d937f-12e9-71ca-a5d5-f31985870694,CN,2022-12-22 21:35:09,90.4,113.0,20.0,CNY,61,2018-10-17,128.0,CNY,CN,True,False,False,False,False,False,False,1527.0,-37.599999999999994,-0.29374999999999996,2022-12-22,False,False,13.897199074074074,True
294100,018d937f-12e9-71ca-a5d5-f31985870694,CN,2023-01-23 18:42:29,90.4,113.0,20.0,CNY,61,2018-10-17,128.0,CNY,CN,True,False,False,False,False,False,False,1559.0,-37.599999999999994,-0.29374999999999996,2023-01-23,False,False,6.989583333333333,True
294100,018d937f-12e9-71ca-a5d5-f31985870694,CN,2023-03-16 19:46:20,90.4,113.0,20.0,CNY,61,2018-10-17,128.0,CNY,CN,True,False,False,False,False,False,False,1611.0,-37.599999999999994,-0.29374999999999996,2023-03-16,False,False,6.943530092592592,True
294100,018d937f-12e9-71ca-a5d5-f31985870694,CN,2023-06-29 18:23:21,90.4,113.0,20.0,CNY,61,2018-10-17,128.0,CNY,CN,True,False,False,False,False,False,False,1716.0,-37.599999999999994,-0.29374999999999996,2023-06-29,False,False,13.94976851851852,True
294100,018d937f-12e9-71ca-a5d5-f31985870694,CN,2023-08-03 17:09:10,90.4,113.0,20.0,CNY,61,2018-10-17,128.0,CNY,CN,True,False,False,False,False,False,False,1751.0,-37.599999999999994,-0.29374999999999996,2023-08-03,False,False,7.008877314814815,True
294100,018d937f-12e9-71ca-a5d5-f31985870694,CN,2023-09-25 17:06:18,90.4,113.0,20.0,CNY,61,2018-10-17,128.0,CNY,CN,True,False,False,False,False,False,False,1804.0,-37.599999999999994,-0.29374999999999996,2023-09-25,False,False,7.019664351851852,True
294100,018d937f-12e9-71ca-a5d5-f31985870694,CN,2023-11-21 18:17:49,90.4,113.0,20.0,CNY,61,2018-10-17,128.0,CNY,CN,True,False,False,False,False,False,False,1861.0,-37.599999999999994,-0.29374999999999996,2023-11-21,False,False,7.001261574074074,True
294100,018d937f-12e9-71ca-a5d5-f31985870694,CN,2023-12-21 18:11:25,90.4,113.0,20.0,CNY,61,2018-10-17,128.0,CNY,CN,True,False,False,False,False,False,False,1891.0,-37.599999999999994,-0.29374999999999996,2023-12-21,False,False,14.0140625,True
294100,018d937f-12e9-71ca-a5d5-f31985870694,CN,2024-03-14 17:16:14,90.4,113.0,20.0,CNY,61,2018-10-17,128.0,CNY,CN,True,False,False,False,False,False,False,1975.0,-37.599999999999994,-0.29374999999999996,2024-03-14,False,False,7.000462962962963,True
294100,018d937f-12e9-71ca-a5d5-f31985870694,CN,2024-04-11 17:15:27,90.4,113.0,20.0,CNY,61,2018-10-17,128.0,CNY,CN,True,False,False,False,False,False,False,2003.0,-37.599999999999994,-0.29374999999999996,2024-04-11,False,False,14.001331018518519,True
294100,018d937f-12e9-71ca-a5d5-f31985870694,CN,2024-06-27 17:24:28,90.4,113.0,20.0,CNY,61,2018-10-17,128.0,CNY,CN,True,False,False,False,False,False,False,2080.0,-37.599999999999994,-0.29374999999999996,2024-06-27,False,False,13.996608796296297,True
294100,018d937f-12e9-71ca-a5d5-f31985870694,CN,2024-07-15 17:16:59,90.4,113.0,20.0,CNY,61,2018-10-17,128.0,CNY,CN,True,False,False,False,False,False,False,2098.0,-37.599999999999994,-0.29374999999999996,2024-07-15,False,False,14.00300925925926,True
294100,018d937f-12e9-71ca-a5d5-f31985870694,CN,2024-10-04 17:18:33,90.4,113.0,20.0,CNY,61,2018-10-17,128.0,CNY,CN,True,False,False,False,False,False,False,2179.0,-37.599999999999994,-0.29374999999999996,2024-10-04,False,False,13.998043981481482,True
294100,018d937f-12e9-71ca-a5d5-f31985870694,CN,2024-11-27 20:20:49,90.4,113.0,20.0,CNY,61,2018-10-17,128.0,CNY,CN,True,False,False,False,False,False,False,2233.0,-37.599999999999994,-0.29374999999999996,2024-11-27,False,False,6.91494212962963,True
294100,018d937f-12e9-71ca-a5d5-f31985870694,CN,2024-12-19 19:45:35,90.4,113.0,20.0,CNY,61,2018-10-17,128.0,CNY,CN,True,False,False,False,False,False,False,2255.0,-37.599999999999994,-0.29374999999999996,2024-12-19,False,False,13.939212962962962,True
294100,018d937f-12e9-71ca-a5d5-f31985870694,CN,2025-01-23 18:17:22,90.4,113.0,20.0,CNY,61,2018-10-17,128.0,CNY,CN,True,False,False,False,False,False,False,2290.0,-37.599999999999994,-0.29374999999999996,2025-01-23,False,False,14.000034722222223,True
294100,018d937f-12e9-71ca-a5d5-f31985870694,CN,2025-03-13 19:28:04,90.4,113.0,20.0,CNY,61,2018-10-17,128.0,CNY,CN,True,False,False,False,False,False,False,2339.0,-37.599999999999994,-0.29374999999999996,2025-03-13,False,False,6.910439814814815,True
294100,018d937f-12e9-71ca-a5d5-f31985870694,CN,2025-03-24 17:16:41,90.4,113.0,20.0,CNY,61,2018-10-17,128.0,CNY,CN,True,False,False,False,False,False,False,2350.0,-37.599999999999994,-0.29374999999999996,2025-03-24,False,False,13.999768518518518,True
294100,018d937f-12e9-71ca-a5d5-f31985870694,CN,2025-05-14 17:40:36,90.4,113.0,20.0,CNY,61,2018-10-17,128.0,CNY,CN,True,False,False,False,False,False,False,2401.0,-37.599999999999994,-0.29374999999999996,2025-05-14,False,False,6.984907407407407,True
294100,018d937f-12e9-71ca-a5d5-f31985870694,CN,2025-05-26 03:09:12,128.0,128.0,0.0,CNY,61,2018-10-17,128.0,CNY,CN,False,False,False,True,False,False,False,2413.0,0.0,0.0,2025-05-26,False,False,,False
294100,018d937f-12e9-71ca-a5d5-f31985870694,CN,2025-06-26 22:35:04,102.4,128.0,20.0,CNY,61,2018-10-17,128.0,CNY,CN,True,False,False,False,False,False,False,2444.0,-25.599999999999994,-0.19999999999999996,2025-06-26,False,False,27.779224537037038,True
294100,018d937f-12e9-71ca-a5d5-f31985870694,CN,2025-09-29 17:30:29,102.4,128.0,20.0,CNY,61,2018-10-17,128.0,CNY,CN,True,False,False,False,False,False,False,2539.0,-25.599999999999994,-0.19999999999999996,2025-09-29,False,False,6.993530092592593,True
294100,018d937f-12e9-71ca-a5d5-f31985870694,CN,2025-10-10 17:15:18,102.4,128.0,20.0,CNY,61,2018-10-17,128.0,CNY,CN,True,False,False,False,False,False,False,2550.0,-25.599999999999994,-0.19999999999999996,2025-10-10,False,False,14.000613425925925,True
294100,018d937f-12e9-71ca-a5d5-f31985870694,DE,2018-10-17 16:04:35,29.99,29.99,0.0,EUR,61,2018-10-17,31.99,EUR,DE,False,False,False,False,True,False,True,0.0,-2.0,-0.0625195373554236,2018-10-17,False,False,,False
294100,018d937f-12e9-71ca-a5d5-f31985870694,DE,2020-06-25 17:50:56,26.99,29.99,10.0,EUR,61,2018-10-17,31.99,EUR,DE,True,False,False,False,False,False,False,617.0,-5.0,-0.15629884338855893,2020-06-25,False,False,13.988321759259259,True
294100,018d937f-12e9-71ca-a5d5-f31985870694,DE,2020-08-09 17:21:31,26.99,29.99,10.0,EUR,61,2018-10-17,31.99,EUR,DE,True,False,False,False,False,False,False,662.0,-5.0,-0.15629884338855893,2020-08-09,False,False,5.99994212962963,True
294100,018d937f-12e9-71ca-a5d5-f31985870694,DE,2020-10-29 17:07:28,26.99,29.99,10.0,EUR,61,2018-10-17,31.99,EUR,DE,True,False,False,False,False,False,False,743.0,-5.0,-0.15629884338855893,2020-10-29,False,False,4.055104166666666,True
294100,018d937f-12e9-71ca-a5d5-f31985870694,DE,2020-11-25 18:32:48,26.99,29.99,10.0,EUR,61,2018-10-17,31.99,EUR,DE,True,False,False,False,False,False,False,770.0,-5.0,-0.15629884338855893,2020-11-25,False,False,5.993391203703704,True
294100,018d937f-12e9-71ca-a5d5-f31985870694,DE,2020-12-22 19:02:33,26.99,29.99,10.0,EUR,61,2018-10-17,31.99,EUR,DE,True,False,False,False,False,False,False,797.0,-5.0,-0.15629884338855893,2020-12-22,False,False,13.99451388888889,True
294100,018d937f-12e9-71ca-a5d5-f31985870694,DE,2021-02-11 19:02:46,26.99,29.99,10.0,EUR,61,2018-10-17,31.99,EUR,DE,True,False,False,False,False,False,False,848.0,-5.0,-0.15629884338855893,2021-02-11,False,False,3.9732291666666666,True
294100,018d937f-12e9-71ca-a5d5-f31985870694,DE,2021-06-24 17:06:22,26.99,29.99,10.0,EUR,61,2018-10-17,31.99,EUR,DE,True,False,False,False,False,False,False,981.0,-5.0,-0.15629884338855893,2021-06-24,False,False,14.030775462962962,True
294100,018d937f-12e9-71ca-a5d5-f31985870694,DE,2021-08-07 17:18:35,26.99,29.99,10.0,EUR,61,2018-10-17,31.99,EUR,DE,True,False,False,False,False,False,False,1025.0,-5.0,-0.15629884338855893,2021-08-07,False,False,6.992719907407407,True
294100,018d937f-12e9-71ca-a5d5-f31985870694,DE,2021-10-28 17:43:43,26.99,29.99,10.0,EUR,61,2018-10-17,31.99,EUR,DE,True,False,False,False,False,False,False,1107.0,-5.0,-0.15629884338855893,2021-10-28,False,False,3.9952893518518517,True
294100,018d937f-12e9-71ca-a5d5-f31985870694,DE,2021-11-24 18:41:59,26.99,29.99,10.0,EUR,61,2018-10-17,31.99,EUR,DE,True,False,False,False,False,False,False,1134.0,-5.0,-0.15629884338855893,2021-11-24,False,False,7.013402777777777,True
294100,018d937f-12e9-71ca-a5d5-f31985870694,DE,2021-12-22 21:45:51,26.99,29.99,10.0,EUR,61,2018-10-17,31.99,EUR,DE,True,False,False,False,False,False,False,1162.0,-5.0,-0.15629884338855893,2021-12-22,False,False,13.869525462962963,True
294100,018d937f-12e9-71ca-a5d5-f31985870694,DE,2022-01-27 18:14:54,26.99,29.99,10.0,EUR,61,2018-10-17,31.99,EUR,DE,True,False,False,False,False,False,False,1198.0,-5.0,-0.15629884338855893,2022-01-27,False,False,7.017766203703704,True
294100,018d937f-12e9-71ca-a5d5-f31985870694,DE,2022-06-23 22:34:30,26.99,29.99,10.0,EUR,61,2018-10-17,31.99,EUR,DE,True,False,False,False,False,False,False,1345.0,-5.0,-0.15629884338855893,2022-06-23,False,False,13.777685185185184,True
294100,018d937f-12e9-71ca-a5d5-f31985870694,DE,2022-08-01 17:27:04,26.99,29.99,10.0,EUR,61,2018-10-17,31.99,EUR,DE,True,False,False,False,False,False,False,1384.0,-5.0,-0.15629884338855893,2022-08-01,False,False,6.991828703703704,True
294100,018d937f-12e9-71ca-a5d5-f31985870694,DE,2022-10-21 14:18:30,26.99,29.99,10.0,EUR,61,2018-10-17,31.99,EUR,DE,True,False,False,False,False,False,False,1465.0,-5.0,-0.15629884338855893,2022-10-21,False,False,6.999791666666667,True
294100,018d937f-12e9-71ca-a5d5-f31985870694,DE,2022-11-17 19:44:39,32.99,32.99,0.0,EUR,61,2018-10-17,31.99,EUR,DE,False,False,False,True,False,False,False,1492.0,1.0000000000000036,0.03125976867771185,2022-11-17,False,False,,False
294100,018d937f-12e9-71ca-a5d5-f31985870694,DE,2022-12-22 21:40:42,26.39,32.99,20.0,EUR,61,2018-10-17,31.99,EUR,DE,True,False,False,False,False,False,False,1527.0,-5.599999999999998,-0.1750547045951859,2022-12-22,False,False,13.880914351851851,True
294100,018d937f-12e9-71ca-a5d5-f31985870694,DE,2023-01-23 18:54:28,26.39,32.99,20.0,EUR,61,2018-10-17,31.99,EUR,DE,True,False,False,False,False,False,False,1559.0,-5.599999999999998,-0.1750547045951859,2023-01-23,False,False,6.970949074074074,True
294100,018d937f-12e9-71ca-a5d5-f31985870694,DE,2023-02-16 23:03:17,31.99,31.99,0.0,EUR,61,2018-10-17,31.99,EUR,DE,False,False,False,True,False,False,False,1583.0,0.0,0.0,2023-02-16,False,False,,False
294100,018d937f-12e9-71ca-a5d5-f31985870694,DE,2023-03-16 19:48:28,25.59,31.99,20.0,EUR,61,2018-10-17,31.99,EUR,DE,True,False,False,False,False,False,False,1611.0,-6.399999999999999,-0.20006251953735543,2023-03-16,False,False,6.916967592592592,True
294100,018d937f-12e9-71ca-a5d5-f31985870694,DE,2023-04-27 17:12:25,25.59,31.99,20.0,EUR,61,2018-10-17,31.99,EUR,DE,True,False,False,False,False,False,False,1653.0,-6.399999999999999,-0.20006251953735543,2023-04-27,False,False,77.00185185185185,True
294100,018d937f-12e9-71ca-a5d5-f31985870694,DE,2023-08-03 17:18:26,25.59,31.99,20.0,EUR,61,2018-10-17,31.99,EUR,DE,True,False,False,False,False,False,False,1751.0,-6.399999999999999,-0.20006251953735543,2023-08-03,False,False,6.995763888888889,True
294100,018d937f-12e9-71ca-a5d5-f31985870694,DE,2023-09-25 17:48:20,25.59,31.99,20.0,EUR,61,2018-10-17,31.99,EUR,DE,True,False,False,False,False,False,False,1804.0,-6.399999999999999,-0.20006251953735543,2023-09-25,False,False,6.9709259259259255,True
294100,018d937f-12e9-71ca-a5d5-f31985870694,DE,2023-11-21 18:42:45,25.59,31.99,20.0,EUR,61,2018-10-17,31.99,EUR,DE,True,False,False,False,False,False,False,1861.0,-6.399999999999999,-0.20006251953735543,2023-11-21,False,False,6.984363425925926,True
294100,018d937f-12e9-71ca-a5d5-f31985870694,DE,2023-12-21 18:44:53,25.59,31.99,20.0,EUR,61,2018-10-17,31.99,EUR,DE,True,False,False,False,False,False,False,1891.0,-6.399999999999999,-0.20006251953735543,2023-12-21,False,False,13.99224537037037,True
294100,018d937f-12e9-71ca-a5d5-f31985870694,DE,2024-03-14 17:15:52,25.59,31.99,20.0,EUR,61,2018-10-17,31.99,EUR,DE,True,False,False,False,False,False,False,1975.0,-6.399999999999999,-0.20006251953735543,2024-03-14,False,False,7.002592592592593,True
294100,018d937f-12e9-71ca-a5d5-f31985870694,DE,2024-04-11 17:18:07,25.59,31.99,20.0,EUR,61,2018-10-17,31.99,EUR,DE,True,False,False,False,False,False,False,2003.0,-6.399999999999999,-0.20006251953735543,2024-04-11,False,False,13.99900462962963,True
294100,018d937f-12e9-71ca-a5d5-f31985870694,DE,2024-06-27 17:24:28,25.59,31.99,20.0,EUR,61,2018-10-17,31.99,EUR,DE,True,False,False,False,False,False,False,2080.0,-6.399999999999999,-0.20006251953735543,2024-06-27,False,False,13.99662037037037,True
294100,018d937f-12e9-71ca-a5d5-f31985870694,DE,2024-07-15 17:16:04,25.59,31.99,20.0,EUR,61,2018-10-17,31.99,EUR,DE,True,False,False,False,False,False,False,2098.0,-6.399999999999999,-0.20006251953735543,2024-07-15,False,False,14.000983796296296,True
294100,018d937f-12e9-71ca-a5d5-f31985870694,DE,2024-10-04 17:15:09,25.59,31.99,20.0,EUR,61,2018-10-17,31.99,EUR,DE,True,False,False,False,False,False,False,2179.0,-6.399999999999999,-0.20006251953735543,2024-10-04,False,False,14.00025462962963,True
294100,018d937f-12e9-71ca-a5d5-f31985870694,DE,2024-11-27 20:20:49,25.59,31.99,20.0,EUR,61,2018-10-17,31.99,EUR,DE,True,False,False,False,False,False,False,2233.0,-6.399999999999999,-0.20006251953735543,2024-11-27,False,False,6.914953703703704,True
294100,018d937f-12e9-71ca-a5d5-f31985870694,DE,2024-12-19 22:53:25,25.59,31.99,20.0,EUR,61,2018-10-17,31.99,EUR,DE,True,False,False,False,False,False,False,2255.0,-6.399999999999999,-0.20006251953735543,2024-12-19,False,False,13.810289351851852,True
294100,018d937f-12e9-71ca-a5d5-f31985870694,DE,2025-01-23 18:18:29,25.59,31.99,20.0,EUR,61,2018-10-17,31.99,EUR,DE,True,False,False,False,False,False,False,2290.0,-6.399999999999999,-0.20006251953735543,2025-01-23,False,False,14.002094907407407,True
294100,018d937f-12e9-71ca-a5d5-f31985870694,DE,2025-03-13 19:00:54,25.59,31.99,20.0,EUR,61,2018-10-17,31.99,EUR,DE,True,False,False,False,False,False,False,2339.0,-6.399999999999999,-0.20006251953735543,2025-03-13,False,False,6.9293402777777775,True
294100,018d937f-12e9-71ca-a5d5-f31985870694,DE,2025-03-24 17:16:42,25.59,31.99,20.0,EUR,61,2018-10-17,31.99,EUR,DE,True,False,False,False,False,False,False,2350.0,-6.399999999999999,-0.20006251953735543,2025-03-24,False,False,14.000601851851853,True
294100,018d937f-12e9-71ca-a5d5-f31985870694,DE,2025-05-14 17:42:42,25.59,31.99,20.0,EUR,61,2018-10-17,31.99,EUR,DE,True,False,False,False,False,False,False,2401.0,-6.399999999999999,-0.20006251953735543,2025-05-14,False,False,6.983425925925926,True
294100,018d937f-12e9-71ca-a5d5-f31985870694,DE,2025-06-26 22:37:25,25.59,31.99,20.0,EUR,61,2018-10-17,31.99,EUR,DE,True,False,False,False,False,False,False,2444.0,-6.399999999999999,-0.20006251953735543,2025-06-26,False,False,27.77951388888889,True
294100,018d937f-12e9-71ca-a5d5-f31985870694,DE,2025-09-29 17:30:31,25.59,31.99,20.0,EUR,61,2018-10-17,31.99,EUR,DE,True,False,False,False,False,False,False,2539.0,-6.399999999999999,-0.20006251953735543,2025-09-29,False,False,6.9921875,True
294100,018d937f-12e9-71ca-a5d5-f31985870694,DE,2025-10-10 17:15:37,25.59,31.99,20.0,EUR,61,2018-10-17,31.99,EUR,DE,True,False,False,False,False,False,False,2550.0,-6.399999999999999,-0.20006251953735543,2025-10-10,False,False,14.00011574074074,True
294100,018d937f-12e9-71ca-a5d5-f31985870694,FR,2018-10-17 16:04:35,29.99,29.99,0.0,EUR,61,2018-10-17,31.99,EUR,FR,False,False,False,False,True,False,True,0.0,-2.0,-0.0625195373554236,2018-10-17,False,False,,False
294100,018d937f-12e9-71ca-a5d5-f31985870694,FR,2020-06-25 17:50:56,26.99,29.99,10.0,EUR,61,2018-10-17,31.99,EUR,FR,True,False,False,False,False,False,False,617.0,-5.0,-0.15629884338855893,2020-06-25,False,False,13.988321759259259,True
294100,018d937f-12e9-71ca-a5d5-f31985870694,FR,2020-08-09 17:21:31,26.99,29.99,10.0,EUR,61,2018-10-17,31.99,EUR,FR,True,False,False,False,False,False,False,662.0,-5.0,-0.15629884338855893,2020-08-09,False,False,5.99994212962963,True
294100,018d937f-12e9-71ca-a5d5-f31985870694,FR,2020-10-29 17:07:28,26.99,29.99,10.0,EUR,61,2018-10-17,31.99,EUR,FR,True,False,False,False,False,False,False,743.0,-5.0,-0.15629884338855893,2020-10-29,False,False,4.055104166666666,True
294100,018d937f-12e9-71ca-a5d5-f31985870694,FR,2020-11-25 18:32:48,26.99,29.99,10.0,EUR,61,2018-10-17,31.99,EUR,FR,True,False,False,False,False,False,False,770.0,-5.0,-0.15629884338855893,2020-11-25,False,False,5.993391203703704,True
294100,018d937f-12e9-71ca-a5d5-f31985870694,FR,2020-12-22 19:02:33,26.99,29.99,10.0,EUR,61,2018-10-17,31.99,EUR,FR,True,False,False,False,False,False,False,797.0,-5.0,-0.15629884338855893,2020-12-22,False,False,13.99451388888889,True
294100,018d937f-12e9-71ca-a5d5-f31985870694,FR,2021-02-11 19:02:46,26.99,29.99,10.0,EUR,61,2018-10-17,31.99,EUR,FR,True,False,False,False,False,False,False,848.0,-5.0,-0.15629884338855893,2021-02-11,False,False,3.9732291666666666,True
294100,018d937f-12e9-71ca-a5d5-f31985870694,FR,2021-06-24 17:06:22,26.99,29.99,10.0,EUR,61,2018-10-17,31.99,EUR,FR,True,False,False,False,False,False,False,981.0,-5.0,-0.15629884338855893,2021-06-24,False,False,14.030775462962962,True
294100,018d937f-12e9-71ca-a5d5-f31985870694,FR,2021-08-07 17:18:35,26.99,29.99,10.0,EUR,61,2018-10-17,31.99,EUR,FR,True,False,False,False,False,False,False,1025.0,-5.0,-0.15629884338855893,2021-08-07,False,False,6.992719907407407,True
294100,018d937f-12e9-71ca-a5d5-f31985870694,FR,2021-10-28 17:43:43,26.99,29.99,10.0,EUR,61,2018-10-17,31.99,EUR,FR,True,False,False,False,False,False,False,1107.0,-5.0,-0.15629884338855893,2021-10-28,False,False,3.9952893518518517,True
294100,018d937f-12e9-71ca-a5d5-f31985870694,FR,2021-11-24 18:41:59,26.99,29.99,10.0,EUR,61,2018-10-17,31.99,EUR,FR,True,False,False,False,False,False,False,1134.0,-5.0,-0.15629884338855893,2021-11-24,False,False,7.013402777777777,True
294100,018d937f-12e9-71ca-a5d5-f31985870694,FR,2021-12-22 21:45:51,26.99,29.99,10.0,EUR,61,2018-10-17,31.99,EUR,FR,True,False,False,False,False,False,False,1162.0,-5.0,-0.15629884338855893,2021-12-22,False,False,13.869525462962963,True
294100,018d937f-12e9-71ca-a5d5-f31985870694,FR,2022-01-27 18:14:54,26.99,29.99,10.0,EUR,61,2018-10-17,31.99,EUR,FR,True,False,False,False,False,False,False,1198.0,-5.0,-0.15629884338855893,2022-01-27,False,False,7.017766203703704,True
294100,018d937f-12e9-71ca-a5d5-f31985870694,FR,2022-06-23 22:34:30,26.99,29.99,10.0,EUR,61,2018-10-17,31.99,EUR,FR,True,False,False,False,False,False,False,1345.0,-5.0,-0.15629884338855893,2022-06-23,False,False,13.777685185185184,True
294100,018d937f-12e9-71ca-a5d5-f31985870694,FR,2022-08-01 17:27:04,26.99,29.99,10.0,EUR,61,2018-10-17,31.99,EUR,FR,True,False,False,False,False,False,False,1384.0,-5.0,-0.15629884338855893,2022-08-01,False,False,6.991828703703704,True
294100,018d937f-12e9-71ca-a5d5-f31985870694,FR,2022-10-21 14:18:30,26.99,29.99,10.0,EUR,61,2018-10-17,31.99,EUR,FR,True,False,False,False,False,False,False,1465.0,-5.0,-0.15629884338855893,2022-10-21,False,False,6.999791666666667,True
294100,018d937f-12e9-71ca-a5d5-f31985870694,FR,2022-11-17 19:44:39,32.99,32.99,0.0,EUR,61,2018-10-17,31.99,EUR,FR,False,False,False,True,False,False,False,1492.0,1.0000000000000036,0.03125976867771185,2022-11-17,False,False,,False
294100,018d937f-12e9-71ca-a5d5-f31985870694,FR,2022-12-22 21:40:42,26.39,32.99,20.0,EUR,61,2018-10-17,31.99,EUR,FR,True,False,False,False,False,False,False,1527.0,-5.599999999999998,-0.1750547045951859,2022-12-22,False,False,13.880914351851851,True
294100,018d937f-12e9-71ca-a5d5-f31985870694,FR,2023-01-23 18:54:28,26.39,32.99,20.0,EUR,61,2018-10-17,31.99,EUR,FR,True,False,False,False,False,False,False,1559.0,-5.599999999999998,-0.1750547045951859,2023-01-23,False,False,6.970949074074074,True
294100,018d937f-12e9-71ca-a5d5-f31985870694,FR,2023-02-16 23:03:17,31.99,31.99,0.0,EUR,61,2018-10-17,31.99,EUR,FR,False,False,False,True,False,False,False,1583.0,0.0,0.0,2023-02-16,False,False,,False
294100,018d937f-12e9-71ca-a5d5-f31985870694,FR,2023-03-16 19:48:28,25.59,31.99,20.0,EUR,61,2018-10-17,31.99,EUR,FR,True,False,False,False,False,False,False,1611.0,-6.399999999999999,-0.20006251953735543,2023-03-16,False,False,6.916967592592592,True
294100,018d937f-12e9-71ca-a5d5-f31985870694,FR,2023-04-27 17:12:25,25.59,31.99,20.0,EUR,61,2018-10-17,31.99,EUR,FR,True,False,False,False,False,False,False,1653.0,-6.399999999999999,-0.20006251953735543,2023-04-27,False,False,77.00185185185185,True
294100,018d937f-12e9-71ca-a5d5-f31985870694,FR,2023-08-03 17:18:26,25.59,31.99,20.0,EUR,61,2018-10-17,31.99,EUR,FR,True,False,False,False,False,False,False,1751.0,-6.399999999999999,-0.20006251953735543,2023-08-03,False,False,6.995763888888889,True
294100,018d937f-12e9-71ca-a5d5-f31985870694,FR,2023-09-25 17:48:20,25.59,31.99,20.0,EUR,61,2018-10-17,31.99,EUR,FR,True,False,False,False,False,False,False,1804.0,-6.399999999999999,-0.20006251953735543,2023-09-25,False,False,6.9709259259259255,True
294100,018d937f-12e9-71ca-a5d5-f31985870694,FR,2023-11-21 18:42:45,25.59,31.99,20.0,EUR,61,2018-10-17,31.99,EUR,FR,True,False,False,False,False,False,False,1861.0,-6.399999999999999,-0.20006251953735543,2023-11-21,False,False,6.984363425925926,True
294100,018d937f-12e9-71ca-a5d5-f31985870694,FR,2023-12-21 18:44:53,25.59,31.99,20.0,EUR,61,2018-10-17,31.99,EUR,FR,True,False,False,False,False,False,False,1891.0,-6.399999999999999,-0.20006251953735543,2023-12-21,False,False,13.99224537037037,True
294100,018d937f-12e9-71ca-a5d5-f31985870694,FR,2024-03-14 17:15:52,25.59,31.99,20.0,EUR,61,2018-10-17,31.99,EUR,FR,True,False,False,False,False,False,False,1975.0,-6.399999999999999,-0.20006251953735543,2024-03-14,False,False,7.002592592592593,True
294100,018d937f-12e9-71ca-a5d5-f31985870694,FR,2024-04-11 17:18:07,25.59,31.99,20.0,EUR,61,2018-10-17,31.99,EUR,FR,True,False,False,False,False,False,False,2003.0,-6.399999999999999,-0.20006251953735543,2024-04-11,False,False,13.99900462962963,True
294100,018d937f-12e9-71ca-a5d5-f31985870694,FR,2024-06-27 17:24:28,25.59,31.99,20.0,EUR,61,2018-10-17,31.99,EUR,FR,True,False,False,False,False,False,False,2080.0,-6.399999999999999,-0.20006251953735543,2024-06-27,False,False,13.99662037037037,True
294100,018d937f-12e9-71ca-a5d5-f31985870694,FR,2024-07-15 17:16:04,25.59,31.99,20.0,EUR,61,2018-10-17,31.99,EUR,FR,True,False,False,False,False,False,False,2098.0,-6.399999999999999,-0.20006251953735543,2024-07-15,False,False,14.000983796296296,True
294100,018d937f-12e9-71ca-a5d5-f31985870694,FR,2024-10-04 17:15:09,25.59,31.99,20.0,EUR,61,2018-10-17,31.99,EUR,FR,True,False,False,False,False,False,False,2179.0,-6.399999999999999,-0.20006251953735543,2024-10-04,False,False,14.00025462962963,True
294100,018d937f-12e9-71ca-a5d5-f31985870694,FR,2024-11-27 20:20:49,25.59,31.99,20.0,EUR,61,2018-10-17,31.99,EUR,FR,True,False,False,False,False,False,False,2233.0,-6.399999999999999,-0.20006251953735543,2024-11-27,False,False,6.914953703703704,True
294100,018d937f-12e9-71ca-a5d5-f31985870694,FR,2024-12-19 22:53:25,25.59,31.99,20.0,EUR,61,2018-10-17,31.99,EUR,FR,True,False,False,False,False,False,False,2255.0,-6.399999999999999,-0.20006251953735543,2024-12-19,False,False,13.810289351851852,True
294100,018d937f-12e9-71ca-a5d5-f31985870694,FR,2025-01-23 18:18:29,25.59,31.99,20.0,EUR,61,2018-10-17,31.99,EUR,FR,True,False,False,False,False,False,False,2290.0,-6.399999999999999,-0.20006251953735543,2025-01-23,False,False,14.002094907407407,True
294100,018d937f-12e9-71ca-a5d5-f31985870694,FR,2025-03-13 19:00:54,25.59,31.99,20.0,EUR,61,2018-10-17,31.99,EUR,FR,True,False,False,False,False,False,False,2339.0,-6.399999999999999,-0.20006251953735543,2025-03-13,False,False,6.9293402777777775,True
294100,018d937f-12e9-71ca-a5d5-f31985870694,FR,2025-03-24 17:16:42,25.59,31.99,20.0,EUR,61,2018-10-17,31.99,EUR,FR,True,False,False,False,False,False,False,2350.0,-6.399999999999999,-0.20006251953735543,2025-03-24,False,False,14.000601851851853,True
294100,018d937f-12e9-71ca-a5d5-f31985870694,FR,2025-05-14 17:42:42,25.59,31.99,20.0,EUR,61,2018-10-17,31.99,EUR,FR,True,False,False,False,False,False,False,2401.0,-6.399999999999999,-0.20006251953735543,2025-05-14,False,False,6.983425925925926,True
294100,018d937f-12e9-71ca-a5d5-f31985870694,FR,2025-06-26 22:37:25,25.59,31.99,20.0,EUR,61,2018-10-17,31.99,EUR,FR,True,False,False,False,False,False,False,2444.0,-6.399999999999999,-0.20006251953735543,2025-06-26,False,False,27.77951388888889,True
294100,018d937f-12e9-71ca-a5d5-f31985870694,FR,2025-09-29 17:30:31,25.59,31.99,20.0,EUR,61,2018-10-17,31.99,EUR,FR,True,False,False,False,False,False,False,2539.0,-6.399999999999999,-0.20006251953735543,2025-09-29,False,False,6.9921875,True
294100,018d937f-12e9-71ca-a5d5-f31985870694,FR,2025-10-10 17:15:37,25.59,31.99,20.0,EUR,61,2018-10-17,31.99,EUR,FR,True,False,False,False,False,False,False,2550.0,-6.399999999999999,-0.20006251953735543,2025-10-10,False,False,14.00011574074074,True
294100,018d937f-12e9-71ca-a5d5-f31985870694,GB,2018-10-17 15:20:48,27.79,27.79,0.0,GBP,61,2018-10-17,28.49,GBP,GB,False,False,False,False,True,False,True,0.0,-0.6999999999999993,-0.02457002457002455,2018-10-17,False,False,,False
294100,018d937f-12e9-71ca-a5d5-f31985870694,GB,2020-06-25 18:30:18,25.01,27.79,10.0,GBP,61,2018-10-17,28.49,GBP,GB,True,False,False,False,False,False,False,617.0,-3.479999999999997,-0.1221481221481221,2020-06-25,False,False,13.957314814814815,True
294100,018d937f-12e9-71ca-a5d5-f31985870694,GB,2020-08-09 17:21:18,25.01,27.79,10.0,GBP,61,2018-10-17,28.49,GBP,GB,True,False,False,False,False,False,False,662.0,-3.479999999999997,-0.1221481221481221,2020-08-09,False,False,5.999965277777778,True
294100,018d937f-12e9-71ca-a5d5-f31985870694,GB,2020-10-29 17:08:24,25.01,27.79,10.0,GBP,61,2018-10-17,28.49,GBP,GB,True,False,False,False,False,False,False,743.0,-3.479999999999997,-0.1221481221481221,2020-10-29,False,False,4.052928240740741,True
294100,018d937f-12e9-71ca-a5d5-f31985870694,GB,2020-11-25 18:31:46,25.01,27.79,10.0,GBP,61,2018-10-17,28.49,GBP,GB,True,False,False,False,False,False,False,770.0,-3.479999999999997,-0.1221481221481221,2020-11-25,False,False,5.993877314814815,True
294100,018d937f-12e9-71ca-a5d5-f31985870694,GB,2020-12-22 19:04:31,25.01,27.79,10.0,GBP,61,2018-10-17,28.49,GBP,GB,True,False,False,False,False,False,False,797.0,-3.479999999999997,-0.1221481221481221,2020-12-22,False,False,13.990613425925925,True
294100,018d937f-12e9-71ca-a5d5-f31985870694,GB,2021-02-11 18:58:46,25.01,27.79,10.0,GBP,61,2018-10-17,28.49,GBP,GB,True,False,False,False,False,False,False,848.0,-3.479999999999997,-0.1221481221481221,2021-02-11,False,False,3.9784027777777777,True
294100,018d937f-12e9-71ca-a5d5-f31985870694,GB,2021-06-28 14:30:31,25.01,27.79,10.0,GBP,61,2018-10-17,28.49,GBP,GB,True,False,False,False,False,False,False,985.0,-3.479999999999997,-0.1221481221481221,2021-06-28,False,False,10.13886574074074,True
294100,018d937f-12e9-71ca-a5d5-f31985870694,GB,2021-08-07 17:12:12,25.01,27.79,10.0,GBP,61,2018-10-17,28.49,GBP,GB,True,False,False,False,False,False,False,1025.0,-3.479999999999997,-0.1221481221481221,2021-08-07,False,False,7.0035185185185185,True
294100,018d937f-12e9-71ca-a5d5-f31985870694,GB,2021-10-28 18:19:12,25.01,27.79,10.0,GBP,61,2018-10-17,28.49,GBP,GB,True,False,False,False,False,False,False,1107.0,-3.479999999999997,-0.1221481221481221,2021-10-28,False,False,3.9810648148148147,True
294100,018d937f-12e9-71ca-a5d5-f31985870694,GB,2021-11-24 21:15:56,25.01,27.79,10.0,GBP,61,2018-10-17,28.49,GBP,GB,True,False,False,False,False,False,False,1134.0,-3.479999999999997,-0.1221481221481221,2021-11-24,False,False,6.889965277777778,True
294100,018d937f-12e9-71ca-a5d5-f31985870694,GB,2021-12-22 18:46:29,25.01,27.79,10.0,GBP,61,2018-10-17,28.49,GBP,GB,True,False,False,False,False,False,False,1162.0,-3.479999999999997,-0.1221481221481221,2021-12-22,False,False,14.006736111111111,True
294100,018d937f-12e9-71ca-a5d5-f31985870694,GB,2022-01-27 18:20:33,25.01,27.79,10.0,GBP,61,2018-10-17,28.49,GBP,GB,True,False,False,False,False,False,False,1198.0,-3.479999999999997,-0.1221481221481221,2022-01-27,False,False,7.012164351851852,True
294100,018d937f-12e9-71ca-a5d5-f31985870694,GB,2022-05-16 17:42:22,25.01,27.79,10.0,GBP,61,2018-10-17,28.49,GBP,GB,True,False,False,False,False,False,False,1307.0,-3.479999999999997,-0.1221481221481221,2022-05-16,False,False,7.014988425925926,True
294100,018d937f-12e9-71ca-a5d5-f31985870694,GB,2022-06-23 17:57:51,25.01,27.79,10.0,GBP,61,2018-10-17,28.49,GBP,GB,True,False,False,False,False,False,False,1345.0,-3.479999999999997,-0.1221481221481221,2022-06-23,False,False,13.97769675925926,True
294100,018d937f-12e9-71ca-a5d5-f31985870694,GB,2022-08-01 17:22:19,25.01,27.79,10.0,GBP,61,2018-10-17,28.49,GBP,GB,True,False,False,False,False,False,False,1384.0,-3.479999999999997,-0.1221481221481221,2022-08-01,False,False,6.991053240740741,True
294100,018d937f-12e9-71ca-a5d5-f31985870694,GB,2022-10-21 14:18:23,25.01,27.79,10.0,GBP,61,2018-10-17,28.49,GBP,GB,True,False,False,False,False,False,False,1465.0,-3.479999999999997,-0.1221481221481221,2022-10-21,False,False,6.999965277777778,True
294100,018d937f-12e9-71ca-a5d5-f31985870694,GB,2022-11-17 19:44:39,29.49,29.49,0.0,GBP,61,2018-10-17,28.49,GBP,GB,False,False,False,True,False,False,False,1492.0,1.0,0.03510003510003501,2022-11-17,False,False,,False
294100,018d937f-12e9-71ca-a5d5-f31985870694,GB,2022-12-22 21:51:47,23.59,29.49,20.0,GBP,61,2018-10-17,28.49,GBP,GB,True,False,False,False,False,False,False,1527.0,-4.899999999999999,-0.17199017199017197,2022-12-22,False,False,13.981423611111111,True
294100,018d937f-12e9-71ca-a5d5-f31985870694,GB,2023-01-23 18:06:25,23.59,29.49,20.0,GBP,61,2018-10-17,28.49,GBP,GB,True,False,False,False,False,False,False,1559.0,-4.899999999999999,-0.17199017199017197,2023-01-23,False,False,7.015914351851852,True
294100,018d937f-12e9-71ca-a5d5-f31985870694,GB,2023-02-16 23:03:17,28.49,28.49,0.0,GBP,61,2018-10-17,28.49,GBP,GB,False,False,False,True,False,False,False,1583.0,0.0,0.0,2023-02-16,False,False,,False
294100,018d937f-12e9-71ca-a5d5-f31985870694,GB,2023-03-16 19:45:34,22.79,28.49,20.0,GBP,61,2018-10-17,28.49,GBP,GB,True,False,False,False,False,False,False,1611.0,-5.699999999999999,-0.20007020007020004,2023-03-16,False,False,6.9147337962962965,True
294100,018d937f-12e9-71ca-a5d5-f31985870694,GB,2023-04-27 17:15:27,22.79,28.49,20.0,GBP,61,2018-10-17,28.49,GBP,GB,True,False,False,False,False,False,False,1653.0,-5.699999999999999,-0.20007020007020004,2023-04-27,False,False,7.003101851851852,True
294100,018d937f-12e9-71ca-a5d5-f31985870694,GB,2023-06-29 17:43:45,22.79,28.49,20.0,GBP,61,2018-10-17,28.49,GBP,GB,True,False,False,False,False,False,False,1716.0,-5.699999999999999,-0.20007020007020004,2023-06-29,False,False,13.985300925925927,True
294100,018d937f-12e9-71ca-a5d5-f31985870694,GB,2023-08-03 17:12:12,22.79,28.49,20.0,GBP,61,2018-10-17,28.49,GBP,GB,True,False,False,False,False,False,False,1751.0,-5.699999999999999,-0.20007020007020004,2023-08-03,False,False,7.006851851851851,True
294100,018d937f-12e9-71ca-a5d5-f31985870694,GB,2023-09-25 17:21:19,22.79,28.49,20.0,GBP,61,2018-10-17,28.49,GBP,GB,True,False,False,False,False,False,False,1804.0,-5.699999999999999,-0.20007020007020004,2023-09-25,False,False,6.987511574074074,True
294100,018d937f-12e9-71ca-a5d5-f31985870694,GB,2023-12-21 18:03:31,22.79,28.49,20.0,GBP,61,2018-10-17,28.49,GBP,GB,True,False,False,False,False,False,False,1891.0,-5.699999999999999,-0.20007020007020004,2023-12-21,False,False,14.01738425925926,True
294100,018d937f-12e9-71ca-a5d5-f31985870694,GB,2024-03-14 17:19:50,22.79,28.49,20.0,GBP,61,2018-10-17,28.49,GBP,GB,True,False,False,False,False,False,False,1975.0,-5.699999999999999,-0.20007020007020004,2024-03-14,False,False,6.9979861111111115,True
294100,018d937f-12e9-71ca-a5d5-f31985870694,GB,2024-04-11 17:15:27,22.79,28.49,20.0,GBP,61,2018-10-17,28.49,GBP,GB,True,False,False,False,False,False,False,2003.0,-5.699999999999999,-0.20007020007020004,2024-04-11,False,False,14.001342592592593,True
294100,018d937f-12e9-71ca-a5d5-f31985870694,GB,2024-06-27 17:24:31,22.79,28.49,20.0,GBP,61,2018-10-17,28.49,GBP,GB,True,False,False,False,False,False,False,2080.0,-5.699999999999999,-0.20007020007020004,2024-06-27,False,False,13.996585648148148,True
294100,018d937f-12e9-71ca-a5d5-f31985870694,GB,2024-07-15 17:16:58,22.79,28.49,20.0,GBP,61,2018-10-17,28.49,GBP,GB,True,False,False,False,False,False,False,2098.0,-5.699999999999999,-0.20007020007020004,2024-07-15,False,False,14.00087962962963,True
294100,018d937f-12e9-71ca-a5d5-f31985870694,GB,2024-10-04 17:15:20,22.79,28.49,20.0,GBP,61,2018-10-17,28.49,GBP,GB,True,False,False,False,False,False,False,2179.0,-5.699999999999999,-0.20007020007020004,2024-10-04,False,False,13.999965277777777,True
294100,018d937f-12e9-71ca-a5d5-f31985870694,GB,2024-11-27 20:20:59,22.79,28.49,20.0,GBP,61,2018-10-17,28.49,GBP,GB,True,False,False,False,False,False,False,2233.0,-5.699999999999999,-0.20007020007020004,2024-11-27,False,False,6.916296296296296,True
294100,018d937f-12e9-71ca-a5d5-f31985870694,GB,2024-12-19 19:42:48,22.79,28.49,20.0,GBP,61,2018-10-17,28.49,GBP,GB,True,False,False,False,False,False,False,2255.0,-5.699999999999999,-0.20007020007020004,2024-12-19,False,False,13.942789351851852,True
294100,018d937f-12e9-71ca-a5d5-f31985870694,GB,2025-01-23 18:18:32,22.79,28.49,20.0,GBP,61,2018-10-17,28.49,GBP,GB,True,False,False,False,False,False,False,2290.0,-5.699999999999999,-0.20007020007020004,2025-01-23,False,False,13.998483796296297,True
294100,018d937f-12e9-71ca-a5d5-f31985870694,GB,2025-03-13 19:00:54,22.79,28.49,20.0,GBP,61,2018-10-17,28.49,GBP,GB,True,False,False,False,False,False,False,2339.0,-5.699999999999999,-0.20007020007020004,2025-03-13,False,False,6.930509259259259,True
294100,018d937f-12e9-71ca-a5d5-f31985870694,GB,2025-03-24 17:15:43,22.79,28.49,20.0,GBP,61,2018-10-17,28.49,GBP,GB,True,False,False,False,False,False,False,2350.0,-5.699999999999999,-0.20007020007020004,2025-03-24,False,False,14.001238425925926,True
294100,018d937f-12e9-71ca-a5d5-f31985870694,GB,2025-05-14 17:39:40,22.79,28.49,20.0,GBP,61,2018-10-17,28.49,GBP,GB,True,False,False,False,False,False,False,2401.0,-5.699999999999999,-0.20007020007020004,2025-05-14,False,False,6.983101851851852,True
294100,018d937f-12e9-71ca-a5d5-f31985870694,GB,2025-06-26 22:37:20,22.79,28.49,20.0,GBP,61,2018-10-17,28.49,GBP,GB,True,False,False,False,False,False,False,2444.0,-5.699999999999999,-0.20007020007020004,2025-06-26,False,False,27.776666666666667,True
294100,018d937f-12e9-71ca-a5d5-f31985870694,GB,2025-09-29 17:31:55,22.79,28.49,20.0,GBP,61,2018-10-17,28.49,GBP,GB,True,False,False,False,False,False,False,2539.0,-5.699999999999999,-0.20007020007020004,2025-09-29,False,False,6.991215277777778,True
294100,018d937f-12e9-71ca-a5d5-f31985870694,GB,2025-10-10 17:15:18,22.79,28.49,20.0,GBP,61,2018-10-17,28.49,GBP,GB,True,False,False,False,False,False,False,2550.0,-5.699999999999999,-0.20007020007020004,2025-10-10,False,False,14.000393518518518,True
294100,018d937f-12e9-71ca-a5d5-f31985870694,JP,2024-12-07 14:42:57,3850.0,3850.0,0.0,JPY,61,2018-10-17,3900.0,JPY,JP,False,False,False,False,False,False,False,2243.0,-50.0,-0.012820512820512775,2024-12-07,False,False,,False
294100,018d937f-12e9-71ca-a5d5-f31985870694,JP,2024-12-19 22:56:01,3080.0,3850.0,20.0,JPY,61,2018-10-17,3900.0,JPY,JP,True,False,False,False,False,False,False,2255.0,-820.0,-0.2102564102564103,2024-12-19,False,False,13.808553240740741,True
294100,018d937f-12e9-71ca-a5d5-f31985870694,JP,2025-01-23 18:18:04,3080.0,3850.0,20.0,JPY,61,2018-10-17,3900.0,JPY,JP,True,False,False,False,False,False,False,2290.0,-820.0,-0.2102564102564103,2025-01-23,False,False,14.001354166666667,True
294100,018d937f-12e9-71ca-a5d5-f31985870694,JP,2025-03-13 19:50:26,3080.0,3850.0,20.0,JPY,61,2018-10-17,3900.0,JPY,JP,True,False,False,False,False,False,False,2339.0,-820.0,-0.2102564102564103,2025-03-13,False,False,6.897245370370371,True
294100,018d937f-12e9-71ca-a5d5-f31985870694,JP,2025-03-24 17:18:04,3080.0,3850.0,20.0,JPY,61,2018-10-17,3900.0,JPY,JP,True,False,False,False,False,False,False,2350.0,-820.0,-0.2102564102564103,2025-03-24,False,False,14.0025,True
294100,018d937f-12e9-71ca-a5d5-f31985870694,JP,2025-05-14 17:40:07,3080.0,3850.0,20.0,JPY,61,2018-10-17,3900.0,JPY,JP,True,False,False,False,False,False,False,2401.0,-820.0,-0.2102564102564103,2025-05-14,False,False,6.985520833333333,True
294100,018d937f-12e9-71ca-a5d5-f31985870694,JP,2025-06-26 23:15:35,3120.0,3900.0,20.0,JPY,61,2018-10-17,3900.0,JPY,JP,True,False,False,False,False,False,False,2444.0,-780.0,-0.19999999999999996,2025-06-26,False,False,27.751875,True
294100,018d937f-12e9-71ca-a5d5-f31985870694,JP,2025-09-29 17:37:15,3120.0,3900.0,20.0,JPY,61,2018-10-17,3900.0,JPY,JP,True,False,False,False,False,False,False,2539.0,-780.0,-0.19999999999999996,2025-09-29,False,False,6.990798611111111,True
294100,018d937f-12e9-71ca-a5d5-f31985870694,JP,2025-10-10 17:16:09,3120.0,3900.0,20.0,JPY,61,2018-10-17,3900.0,JPY,JP,True,False,False,False,False,False,False,2550.0,-780.0,-0.19999999999999996,2025-10-10,False,False,13.999988425925926,True
294100,018d937f-12e9-71ca-a5d5-f31985870694,PL,2018-10-17 16:04:35,131.95600000000002,131.95600000000002,0.0,PLN,61,2018-10-17,134.99,PLN,PL,False,True,True,False,True,False,True,0.0,-3.033999999999992,-0.022475738943625423,2018-10-17,True,True,,False
294100,018d937f-12e9-71ca-a5d5-f31985870694,PL,2020-06-25 17:50:56,118.756,131.95600000000002,10.0,PLN,61,2018-10-17,134.99,PLN,PL,True,False,False,False,False,False,False,617.0,-16.23400000000001,-0.12026076005630049,2020-06-25,True,True,13.988321759259259,True
294100,018d937f-12e9-71ca-a5d5-f31985870694,PL,2020-08-09 17:21:31,118.756,131.95600000000002,10.0,PLN,61,2018-10-17,134.99,PLN,PL,True,False,False,False,False,False,False,662.0,-16.23400000000001,-0.12026076005630049,2020-08-09,True,True,5.99994212962963,True
294100,018d937f-12e9-71ca-a5d5-f31985870694,PL,2020-10-29 17:07:28,118.756,131.95600000000002,10.0,PLN,61,2018-10-17,134.99,PLN,PL,True,False,False,False,False,False,False,743.0,-16.23400000000001,-0.12026076005630049,2020-10-29,True,True,4.055104166666666,True
294100,018d937f-12e9-71ca-a5d5-f31985870694,PL,2020-11-25 18:32:48,118.756,131.95600000000002,10.0,PLN,61,2018-10-17,134.99,PLN,PL,True,False,False,False,False,False,False,770.0,-16.23400000000001,-0.12026076005630049,2020-11-25,True,True,5.993391203703704,True
294100,018d937f-12e9-71ca-a5d5-f31985870694,PL,2020-12-22 19:02:33,118.756,131.95600000000002,10.0,PLN,61,2018-10-17,134.99,PLN,PL,True,False,False,False,False,False,False,797.0,-16.23400000000001,-0.12026076005630049,2020-12-22,True,True,13.99451388888889,True
294100,018d937f-12e9-71ca-a5d5-f31985870694,PL,2021-02-11 19:02:46,118.756,131.95600000000002,10.0,PLN,61,2018-10-17,134.99,PLN,PL,True,False,False,False,False,False,False,848.0,-16.23400000000001,-0.12026076005630049,2021-02-11,True,True,3.9732291666666666,True
294100,018d937f-12e9-71ca-a5d5-f31985870694,PL,2021-06-24 17:06:22,118.756,131.95600000000002,10.0,PLN,61,2018-10-17,134.99,PLN,PL,True,False,False,False,False,False,False,981.0,-16.23400000000001,-0.12026076005630049,2021-06-24,True,True,14.030775462962962,True
294100,018d937f-12e9-71ca-a5d5-f31985870694,PL,2021-08-07 17:18:35,118.756,131.95600000000002,10.0,PLN,61,2018-10-17,134.99,PLN,PL,True,False,False,False,False,False,False,1025.0,-16.23400000000001,-0.12026076005630049,2021-08-07,True,True,6.992719907407407,True
294100,018d937f-12e9-71ca-a5d5-f31985870694,PL,2021-10-28 17:43:43,118.756,131.95600000000002,10.0,PLN,61,2018-10-17,134.99,PLN,PL,True,False,False,False,False,False,False,1107.0,-16.23400000000001,-0.12026076005630049,2021-10-28,True,True,3.9952893518518517,True
294100,018d937f-12e9-71ca-a5d5-f31985870694,PL,2021-11-24 18:41:59,118.756,131.95600000000002,10.0,PLN,61,2018-10-17,134.99,PLN,PL,True,False,False,False,False,False,False,1134.0,-16.23400000000001,-0.12026076005630049,2021-11-24,True,True,7.013402777777777,True
294100,018d937f-12e9-71ca-a5d5-f31985870694,PL,2021-12-22 21:45:51,118.756,131.95600000000002,10.0,PLN,61,2018-10-17,134.99,PLN,PL,True,False,False,False,False,False,False,1162.0,-16.23400000000001,-0.12026076005630049,2021-12-22,True,True,13.869525462962963,True
294100,018d937f-12e9-71ca-a5d5-f31985870694,PL,2022-01-27 18:14:54,118.756,131.95600000000002,10.0,PLN,61,2018-10-17,134.99,PLN,PL,True,False,False,False,False,False,False,1198.0,-16.23400000000001,-0.12026076005630049,2022-01-27,True,True,7.017766203703704,True
294100,018d937f-12e9-71ca-a5d5-f31985870694,PL,2022-06-23 22:34:30,118.756,131.95600000000002,10.0,PLN,61,2018-10-17,134.99,PLN,PL,True,False,False,False,False,False,False,1345.0,-16.23400000000001,-0.12026076005630049,2022-06-23,True,True,13.777685185185184,True
294100,018d937f-12e9-71ca-a5d5-f31985870694,PL,2022-08-01 17:27:04,118.756,131.95600000000002,10.0,PLN,61,2018-10-17,134.99,PLN,PL,True,False,False,False,False,False,False,1384.0,-16.23400000000001,-0.12026076005630049,2022-08-01,True,True,6.991828703703704,True
294100,018d937f-12e9-71ca-a5d5-f31985870694,PL,2022-10-21 14:18:30,118.756,131.95600000000002,10.0,PLN,61,2018-10-17,134.99,PLN,PL,True,False,False,False,False,False,False,1465.0,-16.23400000000001,-0.12026076005630049,2022-10-21,True,True,6.999791666666667,True
294100,018d937f-12e9-71ca-a5d5-f31985870694,PL,2022-11-17 19:44:39,145.15600000000003,145.15600000000003,0.0,PLN,61,2018-10-17,134.99,PLN,PL,False,False,False,True,False,False,False,1492.0,10.166000000000025,0.07530928216904975,2022-11-17,True,True,,False
294100,018d937f-12e9-71ca-a5d5-f31985870694,PL,2022-12-22 21:40:42,116.11600000000001,145.15600000000003,20.0,PLN,61,2018-10-17,134.99,PLN,PL,True,False,False,False,False,False,False,1527.0,-18.873999999999995,-0.1398177642788354,2022-12-22,True,True,13.880914351851851,True
294100,018d937f-12e9-71ca-a5d5-f31985870694,PL,2023-01-23 18:54:28,116.11600000000001,145.15600000000003,20.0,PLN,61,2018-10-17,134.99,PLN,PL,True,False,False,False,False,False,False,1559.0,-18.873999999999995,-0.1398177642788354,2023-01-23,True,True,6.970949074074074,True
294100,018d937f-12e9-71ca-a5d5-f31985870694,PL,2023-02-16 23:03:17,140.756,140.756,0.0,PLN,61,2018-10-17,134.99,PLN,PL,False,False,False,True,False,False,False,1583.0,5.765999999999991,0.042714275131491064,2023-02-16,True,True,,False
294100,018d937f-12e9-71ca-a5d5-f31985870694,PL,2023-03-16 19:48:28,112.596,140.756,20.0,PLN,61,2018-10-17,134.99,PLN,PL,True,False,False,False,False,False,False,1611.0,-22.394000000000005,-0.16589376990888216,2023-03-16,True,True,6.916967592592592,True
294100,018d937f-12e9-71ca-a5d5-f31985870694,PL,2023-04-27 17:12:25,112.596,140.756,20.0,PLN,61,2018-10-17,134.99,PLN,PL,True,False,False,False,False,False,False,1653.0,-22.394000000000005,-0.16589376990888216,2023-04-27,True,True,77.00185185185185,True
294100,018d937f-12e9-71ca-a5d5-f31985870694,PL,2023-08-03 17:18:26,112.596,140.756,20.0,PLN,61,2018-10-17,134.99,PLN,PL,True,False,False,False,False,False,False,1751.0,-22.394000000000005,-0.16589376990888216,2023-08-03,True,True,6.995763888888889,True
294100,018d937f-12e9-71ca-a5d5-f31985870694,PL,2023-09-25 17:48:20,112.596,140.756,20.0,PLN,61,2018-10-17,134.99,PLN,PL,True,False,False,False,False,False,False,1804.0,-22.394000000000005,-0.16589376990888216,2023-09-25,True,True,6.9709259259259255,True
294100,018d937f-12e9-71ca-a5d5-f31985870694,PL,2023-11-21 18:42:45,112.596,140.756,20.0,PLN,61,2018-10-17,134.99,PLN,PL,True,False,False,False,False,False,False,1861.0,-22.394000000000005,-0.16589376990888216,2023-11-21,True,True,6.984363425925926,True
294100,018d937f-12e9-71ca-a5d5-f31985870694,PL,2023-12-21 18:44:53,112.596,140.756,20.0,PLN,61,2018-10-17,134.99,PLN,PL,True,False,False,False,False,False,False,1891.0,-22.394000000000005,-0.16589376990888216,2023-12-21,True,True,13.99224537037037,True
294100,018d937f-12e9-71ca-a5d5-f31985870694,PL,2024-03-14 17:15:52,112.596,140.756,20.0,PLN,61,2018-10-17,134.99,PLN,PL,True,False,False,False,False,False,False,1975.0,-22.394000000000005,-0.16589376990888216,2024-03-14,True,True,7.002592592592593,True
294100,018d937f-12e9-71ca-a5d5-f31985870694,PL,2024-04-11 17:18:07,112.596,140.756,20.0,PLN,61,2018-10-17,134.99,PLN,PL,True,False,False,False,False,False,False,2003.0,-22.394000000000005,-0.16589376990888216,2024-04-11,True,True,13.99900462962963,True
294100,018d937f-12e9-71ca-a5d5-f31985870694,PL,2024-06-27 17:24:28,106.29692307692308,132.88153846153847,20.0,PLN,61,2018-10-17,134.99,PLN,PL,True,False,False,False,False,False,False,2080.0,-28.69307692307693,-0.21255705550838533,2024-06-27,True,True,13.99662037037037,True
294100,018d937f-12e9-71ca-a5d5-f31985870694,PL,2024-07-15 17:16:04,106.29692307692308,132.88153846153847,20.0,PLN,61,2018-10-17,134.99,PLN,PL,True,False,False,False,False,False,False,2098.0,-28.69307692307693,-0.21255705550838533,2024-07-15,True,True,14.000983796296296,True
294100,018d937f-12e9-71ca-a5d5-f31985870694,PL,2024-10-04 17:15:09,106.29692307692308,132.88153846153847,20.0,PLN,61,2018-10-17,134.99,PLN,PL,True,False,False,False,False,False,False,2179.0,-28.69307692307693,-0.21255705550838533,2024-10-04,True,True,14.00025462962963,True
294100,018d937f-12e9-71ca-a5d5-f31985870694,PL,2024-11-27 20:20:49,106.29692307692308,132.88153846153847,20.0,PLN,61,2018-10-17,134.99,PLN,PL,True,False,False,False,False,False,False,2233.0,-28.69307692307693,-0.21255705550838533,2024-11-27,True,True,6.914953703703704,True
294100,018d937f-12e9-71ca-a5d5-f31985870694,PL,2024-12-19 22:53:25,106.29692307692308,132.88153846153847,20.0,PLN,61,2018-10-17,134.99,PLN,PL,True,False,False,False,False,False,False,2255.0,-28.69307692307693,-0.21255705550838533,2024-12-19,True,True,13.810289351851852,True
294100,018d937f-12e9-71ca-a5d5-f31985870694,PL,2025-01-23 18:18:29,106.29692307692308,132.88153846153847,20.0,PLN,61,2018-10-17,134.99,PLN,PL,True,False,False,False,False,False,False,2290.0,-28.69307692307693,-0.21255705550838533,2025-01-23,True,True,14.002094907407407,True
294100,018d937f-12e9-71ca-a5d5-f31985870694,PL,2025-03-13 19:00:54,106.29692307692308,132.88153846153847,20.0,PLN,61,2018-10-17,134.99,PLN,PL,True,False,False,False,False,False,False,2339.0,-28.69307692307693,-0.21255705550838533,2025-03-13,True,True,6.9293402777777775,True
294100,018d937f-12e9-71ca-a5d5-f31985870694,PL,2025-03-24 17:16:42,106.29692307692308,132.88153846153847,20.0,PLN,61,2018-10-17,134.99,PLN,PL,True,False,False,False,False,False,False,2350.0,-28.69307692307693,-0.21255705550838533,2025-03-24,True,True,14.000601851851853,True
294100,018d937f-12e9-71ca-a5d5-f31985870694,PL,2025-05-14 17:42:42,106.29692307692308,132.88153846153847,20.0,PLN,61,2018-10-17,134.99,PLN,PL,True,False,False,False,False,False,False,2401.0,-28.69307692307693,-0.21255705550838533,2025-05-14,True,True,6.983425925925926,True
294100,018d937f-12e9-71ca-a5d5-f31985870694,PL,2025-06-26 22:37:25,107.37764705882353,134.23254901960783,20.0,PLN,61,2018-10-17,134.99,PLN,PL,True,False,False,False,False,False,False,2444.0,-27.612352941176482,-0.2045510996457255,2025-06-26,True,True,27.77951388888889,True
294100,018d937f-12e9-71ca-a5d5-f31985870694,PL,2025-09-29 17:30:31,107.37764705882353,134.23254901960783,20.0,PLN,61,2018-10-17,134.99,PLN,PL,True,False,False,False,False,False,False,2539.0,-27.612352941176482,-0.2045510996457255,2025-09-29,True,True,6.9921875,True
294100,018d937f-12e9-71ca-a5d5-f31985870694,PL,2025-10-10 17:15:37,107.37764705882353,134.23254901960783,20.0,PLN,61,2018-10-17,134.99,PLN,PL,True,False,False,False,False,False,False,2550.0,-27.612352941176482,-0.2045510996457255,2025-10-10,True,True,14.00011574074074,True
294100,018d937f-12e9-71ca-a5d5-f31985870694,TR,2018-10-17 15:30:36,1.995,1.995,0.0,USD,61,2018-10-17,17.99,USD,TR,False,True,True,False,True,False,True,0.0,-15.994999999999997,-0.8891050583657587,2018-10-17,True,True,,False
294100,018d937f-12e9-71ca-a5d5-f31985870694,TR,2020-06-25 18:28:41,1.7955,1.995,10.0,USD,61,2018-10-17,17.99,USD,TR,True,False,False,False,False,False,False,617.0,-16.194499999999998,-0.9001945525291829,2020-06-25,True,True,13.958240740740742,True
294100,018d937f-12e9-71ca-a5d5-f31985870694,TR,2020-08-09 17:21:37,1.7955,1.995,10.0,USD,61,2018-10-17,17.99,USD,TR,True,False,False,False,False,False,False,662.0,-16.194499999999998,-0.9001945525291829,2020-08-09,True,True,5.999884259259259,True
294100,018d937f-12e9-71ca-a5d5-f31985870694,TR,2020-10-29 17:00:33,1.7955,1.995,10.0,USD,61,2018-10-17,17.99,USD,TR,True,False,False,False,False,False,False,743.0,-16.194499999999998,-0.9001945525291829,2020-10-29,True,True,4.059340277777777,True
294100,018d937f-12e9-71ca-a5d5-f31985870694,TR,2020-11-25 18:33:54,1.7955,1.995,10.0,USD,61,2018-10-17,17.99,USD,TR,True,False,False,False,False,False,False,770.0,-16.194499999999998,-0.9001945525291829,2020-11-25,True,True,5.9931828703703705,True
294100,018d937f-12e9-71ca-a5d5-f31985870694,TR,2020-12-22 18:59:25,1.7955,1.995,10.0,USD,61,2018-10-17,17.99,USD,TR,True,False,False,False,False,False,False,797.0,-16.194499999999998,-0.9001945525291829,2020-12-22,True,True,13.99880787037037,True
294100,018d937f-12e9-71ca-a5d5-f31985870694,TR,2021-02-11 19:03:05,1.7955,1.995,10.0,USD,61,2018-10-17,17.99,USD,TR,True,False,False,False,False,False,False,848.0,-16.194499999999998,-0.9001945525291829,2021-02-11,True,True,3.9758449074074074,True
294100,018d937f-12e9-71ca-a5d5-f31985870694,TR,2021-06-24 17:05:41,1.7955,1.995,10.0,USD,61,2018-10-17,17.99,USD,TR,True,False,False,False,False,False,False,981.0,-16.194499999999998,-0.9001945525291829,2021-06-24,True,True,14.013854166666667,True
294100,018d937f-12e9-71ca-a5d5-f31985870694,TR,2021-08-07 17:12:11,1.7955,1.995,10.0,USD,61,2018-10-17,17.99,USD,TR,True,False,False,False,False,False,False,1025.0,-16.194499999999998,-0.9001945525291829,2021-08-07,True,True,7.0035185185185185,True
294100,018d937f-12e9-71ca-a5d5-f31985870694,TR,2021-10-28 17:55:06,1.7955,1.995,10.0,USD,61,2018-10-17,17.99,USD,TR,True,False,False,False,False,False,False,1107.0,-16.194499999999998,-0.9001945525291829,2021-10-28,True,True,4.03568287037037,True
294100,018d937f-12e9-71ca-a5d5-f31985870694,TR,2021-11-24 18:19:14,1.7955,1.995,10.0,USD,61,2018-10-17,17.99,USD,TR,True,False,False,False,False,False,False,1134.0,-16.194499999999998,-0.9001945525291829,2021-11-24,True,True,7.025011574074074,True
294100,018d937f-12e9-71ca-a5d5-f31985870694,TR,2021-12-22 18:14:38,1.7955,1.995,10.0,USD,61,2018-10-17,17.99,USD,TR,True,False,False,False,False,False,False,1162.0,-16.194499999999998,-0.9001945525291829,2021-12-22,True,True,14.018564814814814,True
294100,018d937f-12e9-71ca-a5d5-f31985870694,TR,2022-01-27 18:20:16,1.7955,1.995,10.0,USD,61,2018-10-17,17.99,USD,TR,True,False,False,False,False,False,False,1198.0,-16.194499999999998,-0.9001945525291829,2022-01-27,True,True,6.999548611111111,True
294100,018d937f-12e9-71ca-a5d5-f31985870694,TR,2022-05-16 17:42:21,1.7955,1.995,10.0,USD,61,2018-10-17,17.99,USD,TR,True,False,False,False,False,False,False,1307.0,-16.194499999999998,-0.9001945525291829,2022-05-16,True,True,7.009247685185185,True
294100,018d937f-12e9-71ca-a5d5-f31985870694,TR,2022-06-23 23:01:10,1.7955,1.995,10.0,USD,61,2018-10-17,17.99,USD,TR,True,False,False,False,False,False,False,1345.0,-16.194499999999998,-0.9001945525291829,2022-06-23,True,True,13.762175925925925,True
294100,018d937f-12e9-71ca-a5d5-f31985870694,TR,2022-08-01 17:24:14,1.7955,1.995,10.0,USD,61,2018-10-17,17.99,USD,TR,True,False,False,False,False,False,False,1384.0,-16.194499999999998,-0.9001945525291829,2022-08-01,True,True,6.991770833333334,True
294100,018d937f-12e9-71ca-a5d5-f31985870694,TR,2022-10-21 14:18:30,1.7955,1.995,10.0,USD,61,2018-10-17,17.99,USD,TR,True,False,False,False,False,False,False,1465.0,-16.194499999999998,-0.9001945525291829,2022-10-21,True,True,6.999884259259259,True
294100,018d937f-12e9-71ca-a5d5-f31985870694,TR,2022-11-12 22:25:52,8.715000000000002,8.715000000000002,0.0,USD,61,2018-10-17,17.99,USD,TR,False,False,False,True,False,False,False,1487.0,-9.274999999999997,-0.5155642023346303,2022-11-12,True,True,,False
294100,018d937f-12e9-71ca-a5d5-f31985870694,TR,2022-12-22 21:41:46,6.972,8.715000000000002,20.0,USD,61,2018-10-17,17.99,USD,TR,True,False,False,False,False,False,False,1527.0,-11.017999999999997,-0.6124513618677042,2022-12-22,True,True,13.893564814814814,True
294100,018d937f-12e9-71ca-a5d5-f31985870694,TR,2023-01-23 18:42:33,6.972,8.715000000000002,20.0,USD,61,2018-10-17,17.99,USD,TR,True,False,False,False,False,False,False,1559.0,-11.017999999999997,-0.6124513618677042,2023-01-23,True,True,7.008356481481481,True
294100,018d937f-12e9-71ca-a5d5-f31985870694,TR,2023-03-16 19:45:59,6.972,8.715000000000002,20.0,USD,61,2018-10-17,17.99,USD,TR,True,False,False,False,False,False,False,1611.0,-11.017999999999997,-0.6124513618677042,2023-03-16,True,True,6.943958333333334,True
294100,018d937f-12e9-71ca-a5d5-f31985870694,TR,2023-04-27 17:03:18,6.972,8.715000000000002,20.0,USD,61,2018-10-17,17.99,USD,TR,True,False,False,False,False,False,False,1653.0,-11.017999999999997,-0.6124513618677042,2023-04-27,True,True,6.9999768518518515,True
294100,018d937f-12e9-71ca-a5d5-f31985870694,TR,2023-06-29 18:20:34,6.972,8.715000000000002,20.0,USD,61,2018-10-17,17.99,USD,TR,True,False,False,False,False,False,False,1716.0,-11.017999999999997,-0.6124513618677042,2023-06-29,True,True,13.968252314814816,True
294100,018d937f-12e9-71ca-a5d5-f31985870694,TR,2023-08-03 17:18:27,6.972,8.715000000000002,20.0,USD,61,2018-10-17,17.99,USD,TR,True,False,False,False,False,False,False,1751.0,-11.017999999999997,-0.6124513618677042,2023-08-03,True,True,6.989490740740741,True
294100,018d937f-12e9-71ca-a5d5-f31985870694,TR,2023-09-25 17:03:23,6.972,8.715000000000002,20.0,USD,61,2018-10-17,17.99,USD,TR,True,False,False,False,False,False,False,1804.0,-11.017999999999997,-0.6124513618677042,2023-09-25,True,True,6.99994212962963,True
294100,018d937f-12e9-71ca-a5d5-f31985870694,TR,2023-10-19 18:27:27,11.200000000000001,11.200000000000001,0.0,USD,61,2018-10-17,17.99,USD,TR,False,False,False,True,False,False,False,1828.0,-6.789999999999997,-0.3774319066147859,2023-10-19,True,True,,False
294100,018d937f-12e9-71ca-a5d5-f31985870694,TR,2023-11-21 13:59:39,18.1363,18.1363,0.0,USD,61,2018-10-17,17.99,USD,TR,False,False,False,True,False,False,False,1861.0,0.1463000000000001,0.008132295719844418,2023-11-21,True,True,,False
294100,018d937f-12e9-71ca-a5d5-f31985870694,TR,2023-11-21 18:44:26,14.49735,18.124050000000004,20.0,USD,61,2018-10-17,17.99,USD,TR,True,False,False,False,False,False,False,1861.0,-3.4926499999999976,-0.19414396887159524,2023-11-21,True,True,6.981157407407407,True
294100,018d937f-12e9-71ca-a5d5-f31985870694,TR,2023-12-21 18:37:23,14.686700000000002,18.361000000000004,20.0,USD,61,2018-10-17,17.99,USD,TR,True,False,False,False,False,False,False,1891.0,-3.3032999999999966,-0.18361867704280144,2023-12-21,True,True,13.99394675925926,True
294100,018d937f-12e9-71ca-a5d5-f31985870694,TR,2024-02-11 01:29:48,17.99,17.99,0.0,USD,61,2018-10-17,17.99,USD,TR,False,True,False,False,False,False,False,1943.0,0.0,0.0,2024-02-11,False,False,,False
294100,018d937f-12e9-71ca-a5d5-f31985870694,TR,2024-03-14 17:17:15,14.39,17.99,20.0,USD,61,2018-10-17,17.99,USD,TR,True,False,False,False,False,False,False,1975.0,-3.599999999999998,-0.20011117287381863,2024-03-14,False,False,7.0015625,True
294100,018d937f-12e9-71ca-a5d5-f31985870694,TR,2024-04-11 17:15:35,14.39,17.99,20.0,USD,61,2018-10-17,17.99,USD,TR,True,False,False,False,False,False,False,2003.0,-3.599999999999998,-0.20011117287381863,2024-04-11,False,False,14.001238425925926,True
294100,018d937f-12e9-71ca-a5d5-f31985870694,TR,2024-06-27 17:24:28,14.39,17.99,20.0,USD,61,2018-10-17,17.99,USD,TR,True,False,False,False,False,False,False,2080.0,-3.599999999999998,-0.20011117287381863,2024-06-27,False,False,13.99664351851852,True
294100,018d937f-12e9-71ca-a5d5-f31985870694,TR,2024-07-15 17:16:02,14.39,17.99,20.0,USD,61,2018-10-17,17.99,USD,TR,True,False,False,False,False,False,False,2098.0,-3.599999999999998,-0.20011117287381863,2024-07-15,False,False,14.000370370370371,True
294100,018d937f-12e9-71ca-a5d5-f31985870694,TR,2024-10-04 17:15:34,14.39,17.99,20.0,USD,61,2018-10-17,17.99,USD,TR,True,False,False,False,False,False,False,2179.0,-3.599999999999998,-0.20011117287381863,2024-10-04,False,False,14.001886574074074,True
294100,018d937f-12e9-71ca-a5d5-f31985870694,TR,2024-11-27 20:16:03,14.39,17.99,20.0,USD,61,2018-10-17,17.99,USD,TR,True,False,False,False,False,False,False,2233.0,-3.599999999999998,-0.20011117287381863,2024-11-27,False,False,6.919652777777777,True
294100,018d937f-12e9-71ca-a5d5-f31985870694,TR,2024-12-19 22:53:27,14.39,17.99,20.0,USD,61,2018-10-17,17.99,USD,TR,True,False,False,False,False,False,False,2255.0,-3.599999999999998,-0.20011117287381863,2024-12-19,False,False,13.810555555555556,True
294100,018d937f-12e9-71ca-a5d5-f31985870694,TR,2025-01-23 18:16:14,14.39,17.99,20.0,USD,61,2018-10-17,17.99,USD,TR,True,False,False,False,False,False,False,2290.0,-3.599999999999998,-0.20011117287381863,2025-01-23,False,False,14.003576388888888,True
294100,018d937f-12e9-71ca-a5d5-f31985870694,TR,2025-03-13 19:30:30,14.39,17.99,20.0,USD,61,2018-10-17,17.99,USD,TR,True,False,False,False,False,False,False,2339.0,-3.599999999999998,-0.20011117287381863,2025-03-13,False,False,6.908877314814815,True
294100,018d937f-12e9-71ca-a5d5-f31985870694,TR,2025-03-24 17:16:40,14.39,17.99,20.0,USD,61,2018-10-17,17.99,USD,TR,True,False,False,False,False,False,False,2350.0,-3.599999999999998,-0.20011117287381863,2025-03-24,False,False,14.001331018518519,True
294100,018d937f-12e9-71ca-a5d5-f31985870694,TR,2025-05-14 17:43:26,14.39,17.99,20.0,USD,61,2018-10-17,17.99,USD,TR,True,False,False,False,False,False,False,2401.0,-3.599999999999998,-0.20011117287381863,2025-05-14,False,False,6.98287037037037,True
294100,018d937f-12e9-71ca-a5d5-f31985870694,TR,2025-06-26 22:44:37,14.39,17.99,20.0,USD,61,2018-10-17,17.99,USD,TR,True,False,False,False,False,False,False,2444.0,-3.599999999999998,-0.20011117287381863,2025-06-26,False,False,27.771574074074074,True
294100,018d937f-12e9-71ca-a5d5-f31985870694,TR,2025-09-29 17:30:34,14.39,17.99,20.0,USD,61,2018-10-17,17.99,USD,TR,True,False,False,False,False,False,False,2539.0,-3.599999999999998,-0.20011117287381863,2025-09-29,False,False,6.9921643518518515,True
294100,018d937f-12e9-71ca-a5d5-f31985870694,TR,2025-10-10 17:15:23,14.39,17.99,20.0,USD,61,2018-10-17,17.99,USD,TR,True,False,False,False,False,False,False,2550.0,-3.599999999999998,-0.20011117287381863,2025-10-10,False,False,14.000347222222222,True
294100,018d937f-12e9-71ca-a5d5-f31985870694,US,2018-10-17 15:28:25,34.99,34.99,0.0,USD,61,2018-10-17,34.99,USD,US,False,False,False,False,True,False,True,0.0,0.0,0.0,2018-10-17,False,False,,False
294100,018d937f-12e9-71ca-a5d5-f31985870694,US,2020-06-25 18:24:18,31.49,34.99,10.0,USD,61,2018-10-17,34.99,USD,US,True,False,False,False,False,False,False,617.0,-3.5000000000000036,-0.10002857959416989,2020-06-25,False,False,13.964756944444444,True
294100,018d937f-12e9-71ca-a5d5-f31985870694,US,2020-08-09 17:21:35,31.49,34.99,10.0,USD,61,2018-10-17,34.99,USD,US,True,False,False,False,False,False,False,662.0,-3.5000000000000036,-0.10002857959416989,2020-08-09,False,False,5.9998611111111115,True
294100,018d937f-12e9-71ca-a5d5-f31985870694,US,2020-10-29 17:08:53,31.49,34.99,10.0,USD,61,2018-10-17,34.99,USD,US,True,False,False,False,False,False,False,743.0,-3.5000000000000036,-0.10002857959416989,2020-10-29,False,False,4.053958333333333,True
294100,018d937f-12e9-71ca-a5d5-f31985870694,US,2020-11-25 18:33:14,31.49,34.99,10.0,USD,61,2018-10-17,34.99,USD,US,True,False,False,False,False,False,False,770.0,-3.5000000000000036,-0.10002857959416989,2020-11-25,False,False,5.993715277777778,True
294100,018d937f-12e9-71ca-a5d5-f31985870694,US,2020-12-22 19:00:10,31.49,34.99,10.0,USD,61,2018-10-17,34.99,USD,US,True,False,False,False,False,False,False,797.0,-3.5000000000000036,-0.10002857959416989,2020-12-22,False,False,13.998136574074074,True
294100,018d937f-12e9-71ca-a5d5-f31985870694,US,2021-02-11 18:58:32,31.49,34.99,10.0,USD,61,2018-10-17,34.99,USD,US,True,False,False,False,False,False,False,848.0,-3.5000000000000036,-0.10002857959416989,2021-02-11,False,False,3.9772569444444446,True
294100,018d937f-12e9-71ca-a5d5-f31985870694,US,2021-06-28 14:30:31,31.49,34.99,10.0,USD,61,2018-10-17,34.99,USD,US,True,False,False,False,False,False,False,985.0,-3.5000000000000036,-0.10002857959416989,2021-06-28,False,False,10.119560185185184,True
294100,018d937f-12e9-71ca-a5d5-f31985870694,US,2021-08-07 17:18:35,31.49,34.99,10.0,USD,61,2018-10-17,34.99,USD,US,True,False,False,False,False,False,False,1025.0,-3.5000000000000036,-0.10002857959416989,2021-08-07,False,False,6.992731481481481,True
294100,018d937f-12e9-71ca-a5d5-f31985870694,US,2021-10-28 17:58:28,31.49,34.99,10.0,USD,61,2018-10-17,34.99,USD,US,True,False,False,False,False,False,False,1107.0,-3.5000000000000036,-0.10002857959416989,2021-10-28,False,False,4.018483796296296,True
294100,018d937f-12e9-71ca-a5d5-f31985870694,US,2021-11-24 18:40:54,31.49,34.99,10.0,USD,61,2018-10-17,34.99,USD,US,True,False,False,False,False,False,False,1134.0,-3.5000000000000036,-0.10002857959416989,2021-11-24,False,False,7.090439814814815,True
294100,018d937f-12e9-71ca-a5d5-f31985870694,US,2021-12-22 18:32:24,31.49,34.99,10.0,USD,61,2018-10-17,34.99,USD,US,True,False,False,False,False,False,False,1162.0,-3.5000000000000036,-0.10002857959416989,2021-12-22,False,False,13.995949074074074,True
294100,018d937f-12e9-71ca-a5d5-f31985870694,US,2022-01-27 18:25:59,31.49,34.99,10.0,USD,61,2018-10-17,34.99,USD,US,True,False,False,False,False,False,False,1198.0,-3.5000000000000036,-0.10002857959416989,2022-01-27,False,False,6.997673611111111,True
294100,018d937f-12e9-71ca-a5d5-f31985870694,US,2022-05-16 17:12:39,31.49,34.99,10.0,USD,61,2018-10-17,34.99,USD,US,True,False,False,False,False,False,False,1307.0,-3.5000000000000036,-0.10002857959416989,2022-05-16,False,False,7.02693287037037,True
294100,018d937f-12e9-71ca-a5d5-f31985870694,US,2022-06-23 22:57:52,31.49,34.99,10.0,USD,61,2018-10-17,34.99,USD,US,True,False,False,False,False,False,False,1345.0,-3.5000000000000036,-0.10002857959416989,2022-06-23,False,False,13.778020833333333,True
294100,018d937f-12e9-71ca-a5d5-f31985870694,US,2022-08-01 17:22:22,31.49,34.99,10.0,USD,61,2018-10-17,34.99,USD,US,True,False,False,False,False,False,False,1384.0,-3.5000000000000036,-0.10002857959416989,2022-08-01,False,False,7.0057175925925925,True
294100,018d937f-12e9-71ca-a5d5-f31985870694,US,2022-10-21 14:18:23,31.49,34.99,10.0,USD,61,2018-10-17,34.99,USD,US,True,False,False,False,False,False,False,1465.0,-3.5000000000000036,-0.10002857959416989,2022-10-21,False,False,6.999884259259259,True
294100,018d937f-12e9-71ca-a5d5-f31985870694,US,2022-12-22 21:50:10,27.99,34.99,20.0,USD,61,2018-10-17,34.99,USD,US,True,False,False,False,False,False,False,1527.0,-7.0000000000000036,-0.20005715918833966,2022-12-22,False,False,13.85125,True
294100,018d937f-12e9-71ca-a5d5-f31985870694,US,2023-01-23 18:30:38,27.99,34.99,20.0,USD,61,2018-10-17,34.99,USD,US,True,False,False,False,False,False,False,1559.0,-7.0000000000000036,-0.20005715918833966,2023-01-23,False,False,7.003668981481481,True
294100,018d937f-12e9-71ca-a5d5-f31985870694,US,2023-03-16 19:49:48,27.99,34.99,20.0,USD,61,2018-10-17,34.99,USD,US,True,False,False,False,False,False,False,1611.0,-7.0000000000000036,-0.20005715918833966,2023-03-16,False,False,6.962361111111111,True
294100,018d937f-12e9-71ca-a5d5-f31985870694,US,2023-04-27 17:19:22,27.99,34.99,20.0,USD,61,2018-10-17,34.99,USD,US,True,False,False,False,False,False,False,1653.0,-7.0000000000000036,-0.20005715918833966,2023-04-27,False,False,7.000231481481482,True
294100,018d937f-12e9-71ca-a5d5-f31985870694,US,2023-06-29 18:09:10,27.99,34.99,20.0,USD,61,2018-10-17,34.99,USD,US,True,False,False,False,False,False,False,1716.0,-7.0000000000000036,-0.20005715918833966,2023-06-29,False,False,13.967835648148148,True
294100,018d937f-12e9-71ca-a5d5-f31985870694,US,2023-08-03 17:19:42,27.99,34.99,20.0,USD,61,2018-10-17,34.99,USD,US,True,False,False,False,False,False,False,1751.0,-7.0000000000000036,-0.20005715918833966,2023-08-03,False,False,6.990636574074074,True
294100,018d937f-12e9-71ca-a5d5-f31985870694,US,2023-09-25 17:33:23,27.99,34.99,20.0,USD,61,2018-10-17,34.99,USD,US,True,False,False,False,False,False,False,1804.0,-7.0000000000000036,-0.20005715918833966,2023-09-25,False,False,6.981296296296296,True
294100,018d937f-12e9-71ca-a5d5-f31985870694,US,2023-11-21 18:17:14,27.99,34.99,20.0,USD,61,2018-10-17,34.99,USD,US,True,False,False,False,False,False,False,1861.0,-7.0000000000000036,-0.20005715918833966,2023-11-21,False,False,7.0226041666666665,True
294100,018d937f-12e9-71ca-a5d5-f31985870694,US,2023-12-21 19:24:40,27.99,34.99,20.0,USD,61,2018-10-17,34.99,USD,US,True,False,False,False,False,False,False,1891.0,-7.0000000000000036,-0.20005715918833966,2023-12-21,False,False,13.96306712962963,True
294100,018d937f-12e9-71ca-a5d5-f31985870694,US,2024-03-14 17:17:17,27.99,34.99,20.0,USD,61,2018-10-17,34.99,USD,US,True,False,False,False,False,False,False,1975.0,-7.0000000000000036,-0.20005715918833966,2024-03-14,False,False,7.0016087962962965,True
294100,018d937f-12e9-71ca-a5d5-f31985870694,US,2024-04-11 17:18:03,27.99,34.99,20.0,USD,61,2018-10-17,34.99,USD,US,True,False,False,False,False,False,False,2003.0,-7.0000000000000036,-0.20005715918833966,2024-04-11,False,False,13.999340277777778,True
294100,018d937f-12e9-71ca-a5d5-f31985870694,US,2024-06-27 17:24:28,27.99,34.99,20.0,USD,61,2018-10-17,34.99,USD,US,True,False,False,False,False,False,False,2080.0,-7.0000000000000036,-0.20005715918833966,2024-06-27,False,False,13.996631944444445,True
294100,018d937f-12e9-71ca-a5d5-f31985870694,US,2024-07-15 17:16:04,27.99,34.99,20.0,USD,61,2018-10-17,34.99,USD,US,True,False,False,False,False,False,False,2098.0,-7.0000000000000036,-0.20005715918833966,2024-07-15,False,False,14.001504629629629,True
294100,018d937f-12e9-71ca-a5d5-f31985870694,US,2024-10-04 17:15:20,27.99,34.99,20.0,USD,61,2018-10-17,34.99,USD,US,True,False,False,False,False,False,False,2179.0,-7.0000000000000036,-0.20005715918833966,2024-10-04,False,False,14.00017361111111,True
294100,018d937f-12e9-71ca-a5d5-f31985870694,US,2024-11-27 20:20:49,27.99,34.99,20.0,USD,61,2018-10-17,34.99,USD,US,True,False,False,False,False,False,False,2233.0,-7.0000000000000036,-0.20005715918833966,2024-11-27,False,False,6.914953703703704,True
294100,018d937f-12e9-71ca-a5d5-f31985870694,US,2024-12-19 22:53:41,27.99,34.99,20.0,USD,61,2018-10-17,34.99,USD,US,True,False,False,False,False,False,False,2255.0,-7.0000000000000036,-0.20005715918833966,2024-12-19,False,False,13.808599537037036,True
294100,018d937f-12e9-71ca-a5d5-f31985870694,US,2025-01-23 18:16:15,27.99,34.99,20.0,USD,61,2018-10-17,34.99,USD,US,True,False,False,False,False,False,False,2290.0,-7.0000000000000036,-0.20005715918833966,2025-01-23,False,False,14.003715277777777,True
294100,018d937f-12e9-71ca-a5d5-f31985870694,US,2025-03-13 19:05:49,27.99,34.99,20.0,USD,61,2018-10-17,34.99,USD,US,True,False,False,False,False,False,False,2339.0,-7.0000000000000036,-0.20005715918833966,2025-03-13,False,False,6.925902777777778,True
294100,018d937f-12e9-71ca-a5d5-f31985870694,US,2025-03-24 17:15:39,27.99,34.99,20.0,USD,61,2018-10-17,34.99,USD,US,True,False,False,False,False,False,False,2350.0,-7.0000000000000036,-0.20005715918833966,2025-03-24,False,False,14.000497685185184,True
294100,018d937f-12e9-71ca-a5d5-f31985870694,US,2025-05-14 17:42:30,27.99,34.99,20.0,USD,61,2018-10-17,34.99,USD,US,True,False,False,False,False,False,False,2401.0,-7.0000000000000036,-0.20005715918833966,2025-05-14,False,False,6.981458333333333,True
294100,018d937f-12e9-71ca-a5d5-f31985870694,US,2025-06-26 22:33:52,27.99,34.99,20.0,USD,61,2018-10-17,34.99,USD,US,True,False,False,False,False,False,False,2444.0,-7.0000000000000036,-0.20005715918833966,2025-06-26,False,False,27.779409722222223,True
294100,018d937f-12e9-71ca-a5d5-f31985870694,US,2025-09-29 17:33:15,27.99,34.99,20.0,USD,61,2018-10-17,34.99,USD,US,True,False,False,False,False,False,False,2539.0,-7.0000000000000036,-0.20005715918833966,2025-09-29,False,False,6.990289351851852,True
294100,018d937f-12e9-71ca-a5d5-f31985870694,US,2025-10-10 17:15:23,27.99,34.99,20.0,USD,61,2018-10-17,34.99,USD,US,True,False,False,False,False,False,False,2550.0,-7.0000000000000036,-0.20005715918833966,2025-10-10,False,False,14.000034722222223,True
311210,018d937e-ea27-712b-b589-66a2265d60d9,AR,2015-11-25 18:39:58,49.79,59.99,17.0,USD,61,2015-11-05,59.99,USD,AR,True,False,False,False,False,False,False,20.0,-10.200000000000003,-0.17002833805634276,2015-11-25,False,False,5.98886574074074,True
311210,018d937e-ea27-712b-b589-66a2265d60d9,AR,2015-12-03 18:19:21,49.79,59.99,17.0,USD,61,2015-11-05,59.99,USD,AR,True,False,False,False,False,False,False,28.0,-10.200000000000003,-0.17002833805634276,2015-12-03,False,False,1.9973611111111111,True
311210,018d937e-ea27-712b-b589-66a2265d60d9,AR,2015-12-17 18:11:11,44.99,59.99,25.0,USD,61,2015-11-05,59.99,USD,AR,True,False,False,False,False,False,False,42.0,-15.0,-0.2500416736122687,2015-12-17,False,False,17.999305555555555,True
311210,018d937e-ea27-712b-b589-66a2265d60d9,AR,2016-02-05 18:53:32,40.19,59.99,33.0,USD,61,2015-11-05,59.99,USD,AR,True,False,False,False,False,False,False,92.0,-19.800000000000004,-0.33005500916819475,2016-02-05,False,False,6.993773148148148,True
311210,018d937e-ea27-712b-b589-66a2265d60d9,AR,2016-02-25 18:11:41,39.59,59.99,34.0,USD,61,2015-11-05,59.99,USD,AR,True,False,False,False,False,False,False,112.0,-20.4,-0.3400566761126854,2016-02-25,False,False,4.0105208333333335,True
311210,018d937e-ea27-712b-b589-66a2265d60d9,AR,2016-04-14 17:10:35,35.99,59.99,40.0,USD,61,2015-11-05,59.99,USD,AR,True,False,False,False,False,False,False,161.0,-24.0,-0.4000666777796299,2016-04-14,False,False,4.013194444444444,True
311210,018d937e-ea27-712b-b589-66a2265d60d9,AR,2016-05-12 17:15:23,35.99,59.99,40.0,USD,61,2015-11-05,59.99,USD,AR,True,False,False,False,False,False,False,189.0,-24.0,-0.4000666777796299,2016-05-12,False,False,4.002986111111111,True
311210,018d937e-ea27-712b-b589-66a2265d60d9,AR,2016-06-23 19:14:44,29.99,59.99,50.0,USD,61,2015-11-05,59.99,USD,AR,True,False,False,False,False,False,False,231.0,-30.000000000000004,-0.5000833472245374,2016-06-23,False,False,10.882430555555555,True
311210,018d937e-ea27-712b-b589-66a2265d60d9,AR,2016-08-04 20:15:27,29.99,59.99,50.0,USD,61,2015-11-05,59.99,USD,AR,True,False,False,False,False,False,False,273.0,-30.000000000000004,-0.5000833472245374,2016-08-04,False,False,3.8958564814814816,True
311210,018d937e-ea27-712b-b589-66a2265d60d9,AR,2016-09-01 18:15:38,29.99,59.99,50.0,USD,61,2015-11-05,59.99,USD,AR,True,False,False,False,False,False,False,301.0,-30.000000000000004,-0.5000833472245374,2016-09-01,False,False,3.9998958333333334,True
311210,018d937e-ea27-712b-b589-66a2265d60d9,AR,2016-09-27 23:45:33,29.99,59.99,50.0,USD,61,2015-11-05,59.99,USD,AR,True,False,False,False,False,False,False,327.0,-30.000000000000004,-0.5000833472245374,2016-09-27,False,False,5.7710185185185185,True
311210,018d937e-ea27-712b-b589-66a2265d60d9,AR,2016-10-28 18:15:28,29.99,59.99,50.0,USD,61,2015-11-05,59.99,USD,AR,True,False,False,False,False,False,False,358.0,-30.000000000000004,-0.5000833472245374,2016-10-28,False,False,4.104212962962963,True
311210,018d937e-ea27-712b-b589-66a2265d60d9,AR,2016-11-23 21:15:53,29.99,59.99,50.0,USD,61,2015-11-05,59.99,USD,AR,True,False,False,False,False,False,False,384.0,-30.000000000000004,-0.5000833472245374,2016-11-23,False,False,5.979074074074074,True
311210,018d937e-ea27-712b-b589-66a2265d60d9,AR,2016-12-22 19:46:12,29.99,59.99,50.0,USD,61,2015-11-05,59.99,USD,AR,True,False,False,False,False,False,False,413.0,-30.000000000000004,-0.5000833472245374,2016-12-22,False,False,10.979224537037037,True
311210,018d937e-ea27-712b-b589-66a2265d60d9,AR,2017-05-18 20:15:28,29.99,59.99,50.0,USD,61,2015-11-05,59.99,USD,AR,True,False,False,False,False,False,False,560.0,-30.000000000000004,-0.5000833472245374,2017-05-18,False,False,3.916724537037037,True
311210,018d937e-ea27-712b-b589-66a2265d60d9,AR,2017-05-30 23:45:21,14.99,14.99,0.0,USD,61,2015-11-05,59.99,USD,AR,False,False,False,True,False,False,False,572.0,-45.0,-0.7501250208368061,2017-05-30,False,False,,False
311210,018d937e-ea27-712b-b589-66a2265d60d9,AR,2017-05-31 02:15:32,59.99,59.99,0.0,USD,61,2015-11-05,59.99,USD,AR,False,False,False,True,False,False,False,573.0,0.0,0.0,2017-05-31,False,False,,False
311210,018d937e-ea27-712b-b589-66a2265d60d9,AR,2017-06-23 01:15:26,29.99,59.99,50.0,USD,61,2015-11-05,59.99,USD,AR,True,False,False,False,False,False,False,596.0,-30.000000000000004,-0.5000833472245374,2017-06-23,False,False,12.688043981481481,True
311210,018d937e-ea27-712b-b589-66a2265d60d9,AR,2017-10-05 19:45:24,49.79,59.99,17.0,USD,61,2015-11-05,59.99,USD,AR,True,False,False,False,False,False,False,700.0,-10.200000000000003,-0.17002833805634276,2017-10-05,False,False,3.937777777777778,True
311210,018d937e-ea27-712b-b589-66a2265d60d9,AR,2017-11-22 21:45:27,47.99,59.99,20.0,USD,61,2015-11-05,59.99,USD,AR,True,False,False,False,False,False,False,748.0,-12.0,-0.200033338889815,2017-11-22,False,False,5.875497685185185,True
311210,018d937e-ea27-712b-b589-66a2265d60d9,AR,2017-12-21 21:15:32,44.99,59.99,25.0,USD,61,2015-11-05,59.99,USD,AR,True,False,False,False,False,False,False,777.0,-15.0,-0.2500416736122687,2017-12-21,False,False,13.91724537037037,True
311210,018d937e-ea27-712b-b589-66a2265d60d9,AR,2018-02-15 18:49:33,38.99,59.99,35.0,USD,61,2015-11-05,59.99,USD,AR,True,False,False,False,False,False,False,833.0,-21.0,-0.3500583430571762,2018-02-15,False,False,4.02099537037037,True
311210,018d937e-ea27-712b-b589-66a2265d60d9,AR,2018-03-15 19:51:27,44.99,59.99,25.0,USD,61,2015-11-05,59.99,USD,AR,True,False,False,False,False,False,False,861.0,-15.0,-0.2500416736122687,2018-03-15,False,False,4.083020833333333,True
311210,018d937e-ea27-712b-b589-66a2265d60d9,AR,2018-06-22 07:35:06,35.99,59.99,40.0,USD,61,2015-11-05,59.99,USD,AR,True,False,False,False,False,False,False,960.0,-24.0,-0.4000666777796299,2018-06-22,False,False,13.451944444444445,True
311210,018d937e-ea27-712b-b589-66a2265d60d9,AR,2018-09-06 19:33:39,44.99,59.99,25.0,USD,61,2015-11-05,59.99,USD,AR,True,False,False,False,False,False,False,1036.0,-15.0,-0.2500416736122687,2018-09-06,False,False,4.905925925925926,True
311210,018d937e-ea27-712b-b589-66a2265d60d9,AR,2018-10-30 02:11:21,44.99,59.99,25.0,USD,61,2015-11-05,59.99,USD,AR,True,False,False,False,False,False,False,1090.0,-15.0,-0.2500416736122687,2018-10-30,False,False,2.64537037037037,True
311210,018d937e-ea27-712b-b589-66a2265d60d9,AR,2018-11-21 19:24:28,44.99,59.99,25.0,USD,61,2015-11-05,59.99,USD,AR,True,False,False,False,False,False,False,1112.0,-15.0,-0.2500416736122687,2018-11-21,False,False,5.988113425925926,True
311210,018d937e-ea27-712b-b589-66a2265d60d9,AR,2018-12-20 22:04:46,44.99,59.99,25.0,USD,61,2015-11-05,59.99,USD,AR,True,False,False,False,False,False,False,1141.0,-15.0,-0.2500416736122687,2018-12-20,False,False,13.908194444444444,True
311210,018d937e-ea27-712b-b589-66a2265d60d9,AR,2019-03-29 11:44:59,29.99,59.99,50.0,USD,61,2015-11-05,59.99,USD,AR,True,False,False,False,False,False,False,1240.0,-30.000000000000004,-0.5000833472245374,2019-03-29,False,False,0.4237384259259259,True
311210,018d937e-ea27-712b-b589-66a2265d60d9,AR,2019-04-01 12:34:57,29.99,59.99,50.0,USD,61,2015-11-05,59.99,USD,AR,True,False,False,False,False,False,False,1243.0,-30.000000000000004,-0.5000833472245374,2019-04-01,False,False,0.2192824074074074,True
311210,018d937e-ea27-712b-b589-66a2265d60d9,AR,2019-04-05 00:01:12,29.99,59.99,50.0,USD,61,2015-11-05,59.99,USD,AR,True,False,False,False,False,False,False,1247.0,-30.000000000000004,-0.5000833472245374,2019-04-05,False,False,3.8080671296296296,True
311210,018d937e-ea27-712b-b589-66a2265d60d9,AR,2019-06-26 03:23:31,29.99,59.99,50.0,USD,61,2015-11-05,59.99,USD,AR,True,False,False,False,False,False,False,1329.0,-30.000000000000004,-0.5000833472245374,2019-06-26,False,False,13.659513888888888,True
311210,018d937e-ea27-712b-b589-66a2265d60d9,AR,2019-10-03 18:07:12,29.99,59.99,50.0,USD,61,2015-11-05,59.99,USD,AR,True,False,False,False,False,False,False,1428.0,-30.000000000000004,-0.5000833472245374,2019-10-03,False,False,3.968599537037037,True
311210,018d937e-ea27-712b-b589-66a2265d60d9,AR,2019-10-28 17:23:07,29.99,59.99,50.0,USD,61,2015-11-05,59.99,USD,AR,True,False,False,False,False,False,False,1453.0,-30.000000000000004,-0.5000833472245374,2019-10-28,False,False,4.001701388888889,True
311210,018d937e-ea27-712b-b589-66a2265d60d9,AR,2019-11-07 18:21:13,29.99,59.99,50.0,USD,61,2015-11-05,59.99,USD,AR,True,False,False,False,False,False,False,1463.0,-30.000000000000004,-0.5000833472245374,2019-11-07,False,False,4.0004282407407405,True
311210,018d937e-ea27-712b-b589-66a2265d60d9,AR,2019-11-26 18:35:25,29.99,59.99,50.0,USD,61,2015-11-05,59.99,USD,AR,True,False,False,False,False,False,False,1482.0,-30.000000000000004,-0.5000833472245374,2019-11-26,False,False,6.994421296296296,True
311210,018d937e-ea27-712b-b589-66a2265d60d9,AR,2019-12-19 18:11:58,29.99,59.99,50.0,USD,61,2015-11-05,59.99,USD,AR,True,False,False,False,False,False,False,1505.0,-30.000000000000004,-0.5000833472245374,2019-12-19,False,False,14.016493055555555,True
311210,018d937e-ea27-712b-b589-66a2265d60d9,AR,2020-01-23 18:22:27,29.99,59.99,50.0,USD,61,2015-11-05,59.99,USD,AR,True,False,False,False,False,False,False,1540.0,-30.000000000000004,-0.5000833472245374,2020-01-23,False,False,4.004004629629629,True
311210,018d937e-ea27-712b-b589-66a2265d60d9,AR,2020-05-07 17:21:20,29.99,59.99,50.0,USD,61,2015-11-05,59.99,USD,AR,True,False,False,False,False,False,False,1645.0,-30.000000000000004,-0.5000833472245374,2020-05-07,False,False,12.000034722222223,True
311210,018d937e-ea27-712b-b589-66a2265d60d9,AR,2020-06-25 17:50:16,35.99,59.99,40.0,USD,61,2015-11-05,59.99,USD,AR,True,False,False,False,False,False,False,1694.0,-24.0,-0.4000666777796299,2020-06-25,False,False,13.984733796296297,True
311210,018d937e-ea27-712b-b589-66a2265d60d9,AR,2021-02-11 19:01:35,35.99,59.99,40.0,USD,61,2015-11-05,59.99,USD,AR,True,False,False,False,False,False,False,1925.0,-24.0,-0.4000666777796299,2021-02-11,False,False,3.983159722222222,True
311210,018d937e-ea27-712b-b589-66a2265d60d9,AU,2015-11-25 18:34:20,68.74,82.82,17.0,AUD,61,2015-11-05,95.95,AUD,AU,True,False,False,False,False,False,False,20.0,-27.210000000000008,-0.2835852006253258,2015-11-25,False,False,5.992465277777778,True
311210,018d937e-ea27-712b-b589-66a2265d60d9,AU,2015-12-03 18:12:08,68.14,82.1,17.0,AUD,61,2015-11-05,95.95,AUD,AU,True,False,False,False,False,False,False,28.0,-27.810000000000002,-0.2898384575299635,2015-12-03,False,False,2.0021412037037036,True
311210,018d937e-ea27-712b-b589-66a2265d60d9,AU,2015-12-17 18:10:41,63.26,84.35,25.0,AUD,61,2015-11-05,95.95,AUD,AU,True,False,False,False,False,False,False,42.0,-32.690000000000005,-0.34069828035435124,2015-12-17,False,False,18.00619212962963,True
311210,018d937e-ea27-712b-b589-66a2265d60d9,AU,2016-02-05 18:14:12,56.74,84.69,33.0,AUD,61,2015-11-05,95.95,AUD,AU,True,False,False,False,False,False,False,92.0,-39.21,-0.4086503387180823,2016-02-05,False,False,7.0007523148148145,True
311210,018d937e-ea27-712b-b589-66a2265d60d9,AU,2016-02-25 18:11:32,54.99,83.33,34.0,AUD,61,2015-11-05,95.95,AUD,AU,True,False,False,False,False,False,False,112.0,-40.96,-0.4268890046899426,2016-02-25,False,False,4.0105208333333335,True
311210,018d937e-ea27-712b-b589-66a2265d60d9,AU,2016-04-14 17:16:39,46.76,77.94,40.0,AUD,61,2015-11-05,95.95,AUD,AU,True,False,False,False,False,False,False,161.0,-49.190000000000005,-0.5126628452318917,2016-04-14,False,False,3.9946527777777776,True
311210,018d937e-ea27-712b-b589-66a2265d60d9,AU,2016-05-12 17:03:37,49.08,81.81,40.0,AUD,61,2015-11-05,95.95,AUD,AU,True,False,False,False,False,False,False,189.0,-46.870000000000005,-0.4884835852006254,2016-05-12,False,False,4.002025462962963,True
311210,018d937e-ea27-712b-b589-66a2265d60d9,AU,2016-06-23 18:08:39,39.55,79.11,50.0,AUD,61,2015-11-05,95.95,AUD,AU,True,False,False,False,False,False,False,231.0,-56.400000000000006,-0.5878061490359563,2016-06-23,False,False,10.928587962962963,True
311210,018d937e-ea27-712b-b589-66a2265d60d9,AU,2016-07-07 01:37:05,79.94,79.94,0.0,AUD,61,2015-11-05,95.95,AUD,AU,False,False,False,False,False,False,False,245.0,-16.010000000000005,-0.1668577384054195,2016-07-07,False,False,,False
311210,018d937e-ea27-712b-b589-66a2265d60d9,AU,2016-08-04 20:15:49,39.27,78.55,50.0,AUD,61,2015-11-05,95.95,AUD,AU,True,False,False,False,False,False,False,273.0,-56.68,-0.5907243355914539,2016-08-04,False,False,3.9583449074074073,True
311210,018d937e-ea27-712b-b589-66a2265d60d9,AU,2016-09-01 17:46:08,39.7,79.42,50.0,AUD,61,2015-11-05,95.95,AUD,AU,True,False,False,False,False,False,False,301.0,-56.25,-0.5862428348097968,2016-09-01,False,False,4.083298611111111,True
311210,018d937e-ea27-712b-b589-66a2265d60d9,AU,2016-09-28 03:15:56,39.12,78.26,50.0,AUD,61,2015-11-05,95.95,AUD,AU,True,False,False,False,False,False,False,328.0,-56.830000000000005,-0.5922876498176134,2016-09-28,False,False,5.666759259259259,True
311210,018d937e-ea27-712b-b589-66a2265d60d9,AU,2016-10-28 21:15:57,39.58,79.17,50.0,AUD,61,2015-11-05,95.95,AUD,AU,True,False,False,False,False,False,False,358.0,-56.370000000000005,-0.5874934861907244,2016-10-28,False,False,3.8546875,True
311210,018d937e-ea27-712b-b589-66a2265d60d9,AU,2016-11-23 19:48:44,40.54,81.09,50.0,AUD,61,2015-11-05,95.95,AUD,AU,True,False,False,False,False,False,False,384.0,-55.410000000000004,-0.5774882751433038,2016-11-23,False,False,5.957361111111111,True
311210,018d937e-ea27-712b-b589-66a2265d60d9,AU,2016-12-22 19:16:31,41.52,83.06,50.0,AUD,61,2015-11-05,95.95,AUD,AU,True,False,False,False,False,False,False,413.0,-54.43,-0.567274622199062,2016-12-22,False,False,10.979849537037037,True
311210,018d937e-ea27-712b-b589-66a2265d60d9,AU,2017-05-18 21:46:22,40.23,80.47,50.0,AUD,61,2015-11-05,95.95,AUD,AU,True,False,False,False,False,False,False,560.0,-55.720000000000006,-0.5807191245440334,2017-05-18,False,False,3.896076388888889,True
311210,018d937e-ea27-712b-b589-66a2265d60d9,AU,2017-06-22 23:15:54,39.5,79.01,50.0,AUD,61,2015-11-05,95.95,AUD,AU,True,False,False,False,False,False,False,595.0,-56.45,-0.5883272537780093,2017-06-22,False,False,12.81263888888889,True
311210,018d937e-ea27-712b-b589-66a2265d60d9,AU,2017-10-05 17:46:24,63.84,76.92,17.0,AUD,61,2015-11-05,95.95,AUD,AU,True,False,False,False,False,False,False,700.0,-32.11,-0.3346534653465346,2017-10-05,False,False,4.020914351851852,True
311210,018d937e-ea27-712b-b589-66a2265d60d9,AU,2017-11-22 22:16:02,63.06,78.83,20.0,AUD,61,2015-11-05,95.95,AUD,AU,True,False,False,False,False,False,False,748.0,-32.89,-0.3427826993225638,2017-11-22,False,False,5.876018518518518,True
311210,018d937e-ea27-712b-b589-66a2265d60d9,AU,2017-12-21 19:16:27,58.44,77.92,25.0,AUD,61,2015-11-05,95.95,AUD,AU,True,False,False,False,False,False,False,777.0,-37.510000000000005,-0.39093277748827515,2017-12-21,False,False,14.12505787037037,True
311210,018d937e-ea27-712b-b589-66a2265d60d9,AU,2018-02-15 18:56:29,49.34,75.92,35.0,AUD,61,2015-11-05,95.95,AUD,AU,True,False,False,False,False,False,False,833.0,-46.61,-0.48577384054194894,2018-02-15,False,False,4.081828703703704,True
311210,018d937e-ea27-712b-b589-66a2265d60d9,AU,2018-03-15 19:32:43,57.55,76.73,25.0,AUD,61,2015-11-05,95.95,AUD,AU,True,False,False,False,False,False,False,861.0,-38.400000000000006,-0.40020844189682125,2018-03-15,False,False,4.022013888888889,True
311210,018d937e-ea27-712b-b589-66a2265d60d9,AU,2018-06-21 23:26:54,36.0,60.0,40.0,AUD,61,2015-11-05,95.95,AUD,AU,True,False,False,False,False,False,False,959.0,-59.95,-0.6248045857217301,2018-06-21,False,False,13.753217592592593,True
311210,018d937e-ea27-712b-b589-66a2265d60d9,AU,2018-09-06 19:27:47,62.57,83.43,25.0,AUD,61,2015-11-05,95.95,AUD,AU,True,False,False,False,False,False,False,1036.0,-33.38,-0.3478895257946848,2018-09-06,False,False,4.90662037037037,True
311210,018d937e-ea27-712b-b589-66a2265d60d9,AU,2018-10-30 01:19:22,63.38,84.51,25.0,AUD,61,2015-11-05,95.95,AUD,AU,True,False,False,False,False,False,False,1090.0,-32.57,-0.3394476289734236,2018-10-30,False,False,2.7499074074074072,True
311210,018d937e-ea27-712b-b589-66a2265d60d9,AU,2018-11-20 23:40:10,123.87,123.87,0.0,AUD,61,2015-11-05,95.95,AUD,AU,False,False,False,True,False,False,False,1111.0,27.92,0.29098488796248057,2018-11-20,False,False,,False
311210,018d937e-ea27-712b-b589-66a2265d60d9,AU,2018-11-21 22:55:00,67.46,89.95,25.0,AUD,61,2015-11-05,95.95,AUD,AU,True,False,False,False,False,False,False,1112.0,-28.49000000000001,-0.2969254820218865,2018-11-21,False,False,5.896875,True
311210,018d937e-ea27-712b-b589-66a2265d60d9,AU,2018-12-20 20:33:20,67.46,89.95,25.0,AUD,61,2015-11-05,95.95,AUD,AU,True,False,False,False,False,False,False,1141.0,-28.49000000000001,-0.2969254820218865,2018-12-20,False,False,13.993877314814815,True
311210,018d937e-ea27-712b-b589-66a2265d60d9,AU,2019-02-04 20:36:34,83.97,139.95,40.0,AUD,61,2015-11-05,95.95,AUD,AU,True,False,False,False,False,False,False,1187.0,-11.980000000000004,-0.12485669619593542,2019-02-04,False,False,7.093344907407407,True
311210,018d937e-ea27-712b-b589-66a2265d60d9,AU,2019-02-14 22:58:26,89.95,89.95,0.0,AUD,61,2015-11-05,95.95,AUD,AU,False,False,False,True,False,False,False,1197.0,-6.0,-0.06253256904637827,2019-02-14,False,False,,False
311210,018d937e-ea27-712b-b589-66a2265d60d9,AU,2019-03-29 11:29:21,44.97,89.95,50.0,AUD,61,2015-11-05,95.95,AUD,AU,True,False,False,False,False,False,False,1240.0,-50.980000000000004,-0.5313183949973945,2019-03-29,False,False,0.44702546296296297,True
311210,018d937e-ea27-712b-b589-66a2265d60d9,AU,2019-04-01 12:17:03,44.97,89.95,50.0,AUD,61,2015-11-05,95.95,AUD,AU,True,False,False,False,False,False,False,1243.0,-50.980000000000004,-0.5313183949973945,2019-04-01,False,False,0.25254629629629627,True
311210,018d937e-ea27-712b-b589-66a2265d60d9,AU,2019-04-04 21:38:56,44.97,89.95,50.0,AUD,61,2015-11-05,95.95,AUD,AU,True,False,False,False,False,False,False,1246.0,-50.980000000000004,-0.5313183949973945,2019-04-04,False,False,3.822060185185185,True
311210,018d937e-ea27-712b-b589-66a2265d60d9,AU,2019-06-26 02:40:58,44.97,89.95,50.0,AUD,61,2015-11-05,95.95,AUD,AU,True,False,False,False,False,False,False,1329.0,-50.980000000000004,-0.5313183949973945,2019-06-26,False,False,13.893148148148148,True
311210,018d937e-ea27-712b-b589-66a2265d60d9,AU,2019-10-03 18:07:13,44.97,89.95,50.0,AUD,61,2015-11-05,95.95,AUD,AU,True,False,False,False,False,False,False,1428.0,-50.980000000000004,-0.5313183949973945,2019-10-03,False,False,3.9681828703703705,True
311210,018d937e-ea27-712b-b589-66a2265d60d9,AU,2019-10-28 17:25:54,44.97,89.95,50.0,AUD,61,2015-11-05,95.95,AUD,AU,True,False,False,False,False,False,False,1453.0,-50.980000000000004,-0.5313183949973945,2019-10-28,False,False,3.9982060185185184,True
311210,018d937e-ea27-712b-b589-66a2265d60d9,AU,2019-11-07 18:21:28,44.97,89.95,50.0,AUD,61,2015-11-05,95.95,AUD,AU,True,False,False,False,False,False,False,1463.0,-50.980000000000004,-0.5313183949973945,2019-11-07,False,False,4.000439814814815,True
311210,018d937e-ea27-712b-b589-66a2265d60d9,AU,2019-11-26 18:59:48,44.97,89.95,50.0,AUD,61,2015-11-05,95.95,AUD,AU,True,False,False,False,False,False,False,1482.0,-50.980000000000004,-0.5313183949973945,2019-11-26,False,False,6.977777777777778,True
311210,018d937e-ea27-712b-b589-66a2265d60d9,AU,2019-12-19 18:13:41,44.97,89.95,50.0,AUD,61,2015-11-05,95.95,AUD,AU,True,False,False,False,False,False,False,1505.0,-50.980000000000004,-0.5313183949973945,2019-12-19,False,False,14.020011574074074,True
311210,018d937e-ea27-712b-b589-66a2265d60d9,AU,2020-01-23 18:29:43,44.97,89.95,50.0,AUD,61,2015-11-05,95.95,AUD,AU,True,False,False,False,False,False,False,1540.0,-50.980000000000004,-0.5313183949973945,2020-01-23,False,False,3.994837962962963,True
311210,018d937e-ea27-712b-b589-66a2265d60d9,AU,2020-05-07 17:21:23,44.97,89.95,50.0,AUD,61,2015-11-05,95.95,AUD,AU,True,False,False,False,False,False,False,1645.0,-50.980000000000004,-0.5313183949973945,2020-05-07,False,False,12.000150462962964,True
311210,018d937e-ea27-712b-b589-66a2265d60d9,AU,2020-06-25 18:01:23,53.97,89.95,40.0,AUD,61,2015-11-05,95.95,AUD,AU,True,False,False,False,False,False,False,1694.0,-41.980000000000004,-0.437519541427827,2020-06-25,False,False,13.97318287037037,True
311210,018d937e-ea27-712b-b589-66a2265d60d9,AU,2021-02-11 18:58:30,53.97,89.95,40.0,AUD,61,2015-11-05,95.95,AUD,AU,True,False,False,False,False,False,False,1925.0,-41.980000000000004,-0.437519541427827,2021-02-11,False,False,3.9792939814814816,True
311210,018d937e-ea27-712b-b589-66a2265d60d9,BR,2015-11-06 11:55:52,159.44,159.44,0.0,BRL,61,2015-11-05,329.9,BRL,BR,False,False,False,False,False,False,False,1.0,-170.45999999999998,-0.5167020309184601,2015-11-06,False,False,,False
311210,018d937e-ea27-712b-b589-66a2265d60d9,BR,2015-11-25 18:43:07,133.22,160.52,17.0,BRL,61,2015-11-05,329.9,BRL,BR,True,False,False,False,False,False,False,20.0,-196.67999999999998,-0.5961806608063049,2015-11-25,False,False,5.986574074074074,True
311210,018d937e-ea27-712b-b589-66a2265d60d9,BR,2015-12-03 18:18:23,133.84,161.27,17.0,BRL,61,2015-11-05,329.9,BRL,BR,True,False,False,False,False,False,False,28.0,-196.05999999999997,-0.5943013034252804,2015-12-03,False,False,1.9979398148148149,True
311210,018d937e-ea27-712b-b589-66a2265d60d9,BR,2015-12-17 18:09:56,120.35,160.45,25.0,BRL,61,2015-11-05,329.9,BRL,BR,True,False,False,False,False,False,False,42.0,-209.54999999999998,-0.6351924825704759,2015-12-17,False,False,18.00633101851852,True
311210,018d937e-ea27-712b-b589-66a2265d60d9,BR,2016-02-05 18:12:22,107.44,160.31,33.0,BRL,61,2015-11-05,329.9,BRL,BR,True,False,False,False,False,False,False,92.0,-222.45999999999998,-0.6743255531979387,2016-02-05,False,False,7.022256944444444,True
311210,018d937e-ea27-712b-b589-66a2265d60d9,BR,2016-02-25 18:14:00,105.85,160.4,34.0,BRL,61,2015-11-05,329.9,BRL,BR,True,False,False,False,False,False,False,112.0,-224.04999999999998,-0.679145195513792,2016-02-25,False,False,4.0085648148148145,True
311210,018d937e-ea27-712b-b589-66a2265d60d9,BR,2016-03-24 04:07:31,155.56,155.56,0.0,BRL,61,2015-11-05,329.9,BRL,BR,False,False,False,True,False,False,False,140.0,-174.33999999999997,-0.528463170657775,2016-03-24,False,False,,False
311210,018d937e-ea27-712b-b589-66a2265d60d9,BR,2016-04-14 17:57:03,95.78,159.6,40.0,BRL,61,2015-11-05,329.9,BRL,BR,True,False,False,False,False,False,False,161.0,-234.11999999999998,-0.7096695968475295,2016-04-14,False,False,3.9815625,True
311210,018d937e-ea27-712b-b589-66a2265d60d9,BR,2016-05-12 17:17:18,96.64,161.07,40.0,BRL,61,2015-11-05,329.9,BRL,BR,True,False,False,False,False,False,False,189.0,-233.26,-0.7070627462867536,2016-05-12,False,False,3.9924189814814817,True
311210,018d937e-ea27-712b-b589-66a2265d60d9,BR,2016-06-23 16:57:49,80.23,160.5,50.0,BRL,61,2015-11-05,329.9,BRL,BR,True,False,False,False,False,False,False,231.0,-249.66999999999996,-0.7568050924522582,2016-06-23,False,False,11.053715277777778,True
311210,018d937e-ea27-712b-b589-66a2265d60d9,BR,2016-08-04 17:45:35,79.82,159.6,50.0,BRL,61,2015-11-05,329.9,BRL,BR,True,False,False,False,False,False,False,273.0,-250.07999999999998,-0.7580478933010003,2016-08-04,False,False,4.104224537037037,True
311210,018d937e-ea27-712b-b589-66a2265d60d9,BR,2016-09-01 20:46:03,79.72,159.48,50.0,BRL,61,2015-11-05,329.9,BRL,BR,True,False,False,False,False,False,False,301.0,-250.17999999999998,-0.7583510154592301,2016-09-01,False,False,3.937314814814815,True
311210,018d937e-ea27-712b-b589-66a2265d60d9,BR,2016-09-28 02:17:23,80.0,160.01,50.0,BRL,61,2015-11-05,329.9,BRL,BR,True,False,False,False,False,False,False,328.0,-249.89999999999998,-0.7575022734161867,2016-09-28,False,False,5.728321759259259,True
311210,018d937e-ea27-712b-b589-66a2265d60d9,BR,2016-10-28 17:15:54,79.98,160.0,50.0,BRL,61,2015-11-05,329.9,BRL,BR,True,False,False,False,False,False,False,358.0,-249.91999999999996,-0.7575628978478326,2016-10-28,False,False,4.1041087962962965,True
311210,018d937e-ea27-712b-b589-66a2265d60d9,BR,2016-11-23 18:46:36,80.26,160.56,50.0,BRL,61,2015-11-05,329.9,BRL,BR,True,False,False,False,False,False,False,384.0,-249.64,-0.7567141558047893,2016-11-23,False,False,6.062418981481481,True
311210,018d937e-ea27-712b-b589-66a2265d60d9,BR,2016-12-22 19:16:14,80.64,161.32,50.0,BRL,61,2015-11-05,329.9,BRL,BR,True,False,False,False,False,False,False,413.0,-249.26,-0.7555622916035162,2016-12-22,False,False,11.041828703703704,True
311210,018d937e-ea27-712b-b589-66a2265d60d9,BR,2017-05-19 01:15:41,75.05,150.14,50.0,BRL,61,2015-11-05,329.9,BRL,BR,True,False,False,False,False,False,False,561.0,-254.84999999999997,-0.7725068202485601,2017-05-19,False,False,3.7291435185185184,True
311210,018d937e-ea27-712b-b589-66a2265d60d9,BR,2017-06-22 18:46:11,80.11,160.23,50.0,BRL,61,2015-11-05,329.9,BRL,BR,True,False,False,False,False,False,False,595.0,-249.78999999999996,-0.757168839042134,2017-06-22,False,False,12.999814814814815,True
311210,018d937e-ea27-712b-b589-66a2265d60d9,BR,2017-08-29 19:16:00,199.89,199.89,0.0,BRL,61,2015-11-05,329.9,BRL,BR,False,False,False,True,False,False,False,663.0,-130.01,-0.3940891179145195,2017-08-29,False,False,,False
311210,018d937e-ea27-712b-b589-66a2265d60d9,BR,2017-10-05 18:16:17,165.34,199.21,17.0,BRL,61,2015-11-05,329.9,BRL,BR,True,False,False,False,False,False,False,700.0,-164.55999999999997,-0.49881782358290383,2017-10-05,False,False,4.103726851851852,True
311210,018d937e-ea27-712b-b589-66a2265d60d9,BR,2017-11-22 23:15:53,159.79,199.74,20.0,BRL,61,2015-11-05,329.9,BRL,BR,True,False,False,False,False,False,False,748.0,-170.10999999999999,-0.515641103364656,2017-11-22,False,False,5.813240740740741,True
311210,018d937e-ea27-712b-b589-66a2265d60d9,BR,2017-12-21 21:15:51,149.89,199.85,25.0,BRL,61,2015-11-05,329.9,BRL,BR,True,False,False,False,False,False,False,777.0,-180.01,-0.5456501970294029,2017-12-21,False,False,13.896805555555556,True
311210,018d937e-ea27-712b-b589-66a2265d60d9,BR,2018-02-15 18:54:07,129.88,199.81,35.0,BRL,61,2015-11-05,329.9,BRL,BR,True,False,False,False,False,False,False,833.0,-200.01999999999998,-0.6063049408911791,2018-02-15,False,False,4.123946759259259,True
311210,018d937e-ea27-712b-b589-66a2265d60d9,BR,2018-03-15 22:28:47,150.04,200.05,25.0,BRL,61,2015-11-05,329.9,BRL,BR,True,False,False,False,False,False,False,861.0,-179.85999999999999,-0.5451955137920582,2018-03-15,False,False,3.8564351851851852,True
311210,018d937e-ea27-712b-b589-66a2265d60d9,BR,2018-06-22 02:27:38,120.5,200.85,40.0,BRL,61,2015-11-05,329.9,BRL,BR,True,False,False,False,False,False,False,960.0,-209.39999999999998,-0.6347377993331312,2018-06-22,False,False,13.617083333333333,True
311210,018d937e-ea27-712b-b589-66a2265d60d9,BR,2018-09-06 19:40:40,147.25,196.32,25.0,BRL,61,2015-11-05,329.9,BRL,BR,True,False,False,False,False,False,False,1036.0,-182.64999999999998,-0.5536526220066686,2018-09-06,False,False,5.00599537037037,True
311210,018d937e-ea27-712b-b589-66a2265d60d9,BR,2018-10-29 17:32:44,150.07,200.07,25.0,BRL,61,2015-11-05,329.9,BRL,BR,True,False,False,False,False,False,False,1089.0,-179.82999999999998,-0.5451045771445893,2018-10-29,False,False,3.09150462962963,True
311210,018d937e-ea27-712b-b589-66a2265d60d9,BR,2018-11-21 19:00:50,149.35,199.14,25.0,BRL,61,2015-11-05,329.9,BRL,BR,True,False,False,False,False,False,False,1112.0,-180.54999999999998,-0.5472870566838436,2018-11-21,False,False,6.0735879629629625,True
311210,018d937e-ea27-712b-b589-66a2265d60d9,BR,2018-12-20 18:23:36,149.92,199.9,25.0,BRL,61,2015-11-05,329.9,BRL,BR,True,False,False,False,False,False,False,1141.0,-179.98,-0.5455592603819339,2018-12-20,False,False,14.307361111111112,True
311210,018d937e-ea27-712b-b589-66a2265d60d9,BR,2019-02-04 19:03:35,99.95,199.9,50.0,BRL,61,2015-11-05,329.9,BRL,BR,True,False,False,False,False,False,False,1187.0,-229.95,-0.6970294028493482,2019-02-04,False,False,7.115439814814815,True
311210,018d937e-ea27-712b-b589-66a2265d60d9,BR,2019-03-29 11:37:12,99.95,199.9,50.0,BRL,61,2015-11-05,329.9,BRL,BR,True,False,False,False,False,False,False,1240.0,-229.95,-0.6970294028493482,2019-03-29,False,False,0.426875,True
311210,018d937e-ea27-712b-b589-66a2265d60d9,BR,2019-04-01 12:27:42,99.95,199.9,50.0,BRL,61,2015-11-05,329.9,BRL,BR,True,False,False,False,False,False,False,1243.0,-229.95,-0.6970294028493482,2019-04-01,False,False,0.2169212962962963,True
311210,018d937e-ea27-712b-b589-66a2265d60d9,BR,2019-04-04 23:49:28,99.95,199.9,50.0,BRL,61,2015-11-05,329.9,BRL,BR,True,False,False,False,False,False,False,1246.0,-229.95,-0.6970294028493482,2019-04-04,False,False,3.8013425925925928,True
311210,018d937e-ea27-712b-b589-66a2265d60d9,BR,2019-06-26 02:08:23,99.95,199.9,50.0,BRL,61,2015-11-05,329.9,BRL,BR,True,False,False,False,False,False,False,1329.0,-229.95,-0.6970294028493482,2019-06-26,False,False,13.769502314814815,True
311210,018d937e-ea27-712b-b589-66a2265d60d9,BR,2019-10-03 18:07:17,99.95,199.9,50.0,BRL,61,2015-11-05,329.9,BRL,BR,True,False,False,False,False,False,False,1428.0,-229.95,-0.6970294028493482,2019-10-03,False,False,3.968425925925926,True
311210,018d937e-ea27-712b-b589-66a2265d60d9,BR,2019-10-28 17:23:28,99.95,199.9,50.0,BRL,61,2015-11-05,329.9,BRL,BR,True,False,False,False,False,False,False,1453.0,-229.95,-0.6970294028493482,2019-10-28,False,False,4.0020138888888885,True
311210,018d937e-ea27-712b-b589-66a2265d60d9,BR,2019-11-07 18:21:13,99.95,199.9,50.0,BRL,61,2015-11-05,329.9,BRL,BR,True,False,False,False,False,False,False,1463.0,-229.95,-0.6970294028493482,2019-11-07,False,False,4.000231481481482,True
311210,018d937e-ea27-712b-b589-66a2265d60d9,BR,2019-11-26 19:00:56,99.95,199.9,50.0,BRL,61,2015-11-05,329.9,BRL,BR,True,False,False,False,False,False,False,1482.0,-229.95,-0.6970294028493482,2019-11-26,False,False,6.98099537037037,True
311210,018d937e-ea27-712b-b589-66a2265d60d9,BR,2019-12-19 18:08:33,99.95,199.9,50.0,BRL,61,2015-11-05,329.9,BRL,BR,True,False,False,False,False,False,False,1505.0,-229.95,-0.6970294028493482,2019-12-19,False,False,14.018969907407408,True
311210,018d937e-ea27-712b-b589-66a2265d60d9,BR,2020-01-23 18:34:19,99.95,199.9,50.0,BRL,61,2015-11-05,329.9,BRL,BR,True,False,False,False,False,False,False,1540.0,-229.95,-0.6970294028493482,2020-01-23,False,False,3.9914930555555554,True
311210,018d937e-ea27-712b-b589-66a2265d60d9,BR,2020-05-07 17:21:32,99.95,199.9,50.0,BRL,61,2015-11-05,329.9,BRL,BR,True,False,False,False,False,False,False,1645.0,-229.95,-0.6970294028493482,2020-05-07,False,False,11.999930555555556,True
311210,018d937e-ea27-712b-b589-66a2265d60d9,BR,2020-06-25 18:33:42,119.94,199.9,40.0,BRL,61,2015-11-05,329.9,BRL,BR,True,False,False,False,False,False,False,1694.0,-209.95999999999998,-0.636435283419218,2020-06-25,False,False,13.95800925925926,True
311210,018d937e-ea27-712b-b589-66a2265d60d9,BR,2021-02-11 18:58:40,119.94,199.9,40.0,BRL,61,2015-11-05,329.9,BRL,BR,True,False,False,False,False,False,False,1925.0,-209.95999999999998,-0.636435283419218,2021-02-11,False,False,3.9854861111111113,True
311210,018d937e-ea27-712b-b589-66a2265d60d9,CA,2016-02-20 22:10:12,79.99,79.99,0.0,CAD,61,2015-11-05,79.99,CAD,CA,False,False,False,False,False,False,False,107.0,0.0,0.0,2016-02-20,False,False,,False
311210,018d937e-ea27-712b-b589-66a2265d60d9,CA,2016-02-25 18:12:46,52.79,79.99,34.0,CAD,61,2015-11-05,79.99,CAD,CA,True,False,False,False,False,False,False,112.0,-27.199999999999996,-0.34004250531316416,2016-02-25,False,False,3.9996875,True
311210,018d937e-ea27-712b-b589-66a2265d60d9,CA,2016-04-14 17:32:58,47.99,79.99,40.0,CAD,61,2015-11-05,79.99,CAD,CA,True,False,False,False,False,False,False,161.0,-31.999999999999993,-0.40005000625078124,2016-04-14,False,False,3.9978587962962964,True
311210,018d937e-ea27-712b-b589-66a2265d60d9,CA,2016-05-12 17:06:17,47.99,79.99,40.0,CAD,61,2015-11-05,79.99,CAD,CA,True,False,False,False,False,False,False,189.0,-31.999999999999993,-0.40005000625078124,2016-05-12,False,False,4.000393518518519,True
311210,018d937e-ea27-712b-b589-66a2265d60d9,CA,2016-06-23 18:51:06,39.99,79.99,50.0,CAD,61,2015-11-05,79.99,CAD,CA,True,False,False,False,False,False,False,231.0,-39.99999999999999,-0.5000625078134766,2016-06-23,False,False,10.954618055555555,True
311210,018d937e-ea27-712b-b589-66a2265d60d9,CA,2016-08-04 19:45:30,39.99,79.99,50.0,CAD,61,2015-11-05,79.99,CAD,CA,True,False,False,False,False,False,False,273.0,-39.99999999999999,-0.5000625078134766,2016-08-04,False,False,3.9375347222222223,True
311210,018d937e-ea27-712b-b589-66a2265d60d9,CA,2016-09-01 17:45:40,39.99,79.99,50.0,CAD,61,2015-11-05,79.99,CAD,CA,True,False,False,False,False,False,False,301.0,-39.99999999999999,-0.5000625078134766,2016-09-01,False,False,4.1041087962962965,True
311210,018d937e-ea27-712b-b589-66a2265d60d9,CA,2016-09-28 00:15:41,39.99,79.99,50.0,CAD,61,2015-11-05,79.99,CAD,CA,True,False,False,False,False,False,False,328.0,-39.99999999999999,-0.5000625078134766,2016-09-28,False,False,5.791701388888889,True
311210,018d937e-ea27-712b-b589-66a2265d60d9,CA,2016-10-28 19:15:38,39.99,79.99,50.0,CAD,61,2015-11-05,79.99,CAD,CA,True,False,False,False,False,False,False,358.0,-39.99999999999999,-0.5000625078134766,2016-10-28,False,False,3.9378125,True
311210,018d937e-ea27-712b-b589-66a2265d60d9,CA,2016-11-23 21:16:09,39.99,79.99,50.0,CAD,61,2015-11-05,79.99,CAD,CA,True,False,False,False,False,False,False,384.0,-39.99999999999999,-0.5000625078134766,2016-11-23,False,False,5.937222222222222,True
311210,018d937e-ea27-712b-b589-66a2265d60d9,CA,2016-12-22 19:15:54,39.99,79.99,50.0,CAD,61,2015-11-05,79.99,CAD,CA,True,False,False,False,False,False,False,413.0,-39.99999999999999,-0.5000625078134766,2016-12-22,False,False,11.041921296296296,True
311210,018d937e-ea27-712b-b589-66a2265d60d9,CA,2017-05-18 19:45:27,39.99,79.99,50.0,CAD,61,2015-11-05,79.99,CAD,CA,True,False,False,False,False,False,False,560.0,-39.99999999999999,-0.5000625078134766,2017-05-18,False,False,4.020983796296297,True
311210,018d937e-ea27-712b-b589-66a2265d60d9,CA,2017-06-23 01:15:32,39.99,79.99,50.0,CAD,61,2015-11-05,79.99,CAD,CA,True,False,False,False,False,False,False,596.0,-39.99999999999999,-0.5000625078134766,2017-06-23,False,False,12.708900462962964,True
311210,018d937e-ea27-712b-b589-66a2265d60d9,CA,2017-10-05 18:15:59,66.39,79.99,17.0,CAD,61,2015-11-05,79.99,CAD,CA,True,False,False,False,False,False,False,700.0,-13.599999999999994,-0.17002125265658197,2017-10-05,False,False,4.041643518518518,True
311210,018d937e-ea27-712b-b589-66a2265d60d9,CA,2017-11-22 22:15:40,63.99,79.99,20.0,CAD,61,2015-11-05,79.99,CAD,CA,True,False,False,False,False,False,False,748.0,-15.999999999999993,-0.20002500312539062,2017-11-22,False,False,5.979074074074074,True
311210,018d937e-ea27-712b-b589-66a2265d60d9,CA,2017-12-21 21:15:42,59.99,79.99,25.0,CAD,61,2015-11-05,79.99,CAD,CA,True,False,False,False,False,False,False,777.0,-19.999999999999993,-0.2500312539067383,2017-12-21,False,False,13.937627314814815,True
311210,018d937e-ea27-712b-b589-66a2265d60d9,CA,2018-02-15 21:20:31,51.99,79.99,35.0,CAD,61,2015-11-05,79.99,CAD,CA,True,False,False,False,False,False,False,833.0,-27.999999999999993,-0.35004375546943356,2018-02-15,False,False,3.896747685185185,True
311210,018d937e-ea27-712b-b589-66a2265d60d9,CA,2018-03-15 21:55:43,59.99,79.99,25.0,CAD,61,2015-11-05,79.99,CAD,CA,True,False,False,False,False,False,False,861.0,-19.999999999999993,-0.2500312539067383,2018-03-15,False,False,3.8339930555555557,True
311210,018d937e-ea27-712b-b589-66a2265d60d9,CA,2018-06-21 21:16:02,47.99,79.99,40.0,CAD,61,2015-11-05,79.99,CAD,CA,True,False,False,False,False,False,False,959.0,-31.999999999999993,-0.40005000625078124,2018-06-21,False,False,14.022048611111112,True
311210,018d937e-ea27-712b-b589-66a2265d60d9,CA,2018-09-06 19:28:27,59.99,79.99,25.0,CAD,61,2015-11-05,79.99,CAD,CA,True,False,False,False,False,False,False,1036.0,-19.999999999999993,-0.2500312539067383,2018-09-06,False,False,5.014097222222222,True
311210,018d937e-ea27-712b-b589-66a2265d60d9,CA,2018-10-30 01:46:03,59.99,79.99,25.0,CAD,61,2015-11-05,79.99,CAD,CA,True,False,False,False,False,False,False,1090.0,-19.999999999999993,-0.2500312539067383,2018-10-30,False,False,2.742951388888889,True
311210,018d937e-ea27-712b-b589-66a2265d60d9,CA,2018-11-21 22:41:40,59.99,79.99,25.0,CAD,61,2015-11-05,79.99,CAD,CA,True,False,False,False,False,False,False,1112.0,-19.999999999999993,-0.2500312539067383,2018-11-21,False,False,5.911203703703704,True
311210,018d937e-ea27-712b-b589-66a2265d60d9,CA,2018-12-20 23:05:00,59.99,79.99,25.0,CAD,61,2015-11-05,79.99,CAD,CA,True,False,False,False,False,False,False,1141.0,-19.999999999999993,-0.2500312539067383,2018-12-20,False,False,13.958553240740741,True
311210,018d937e-ea27-712b-b589-66a2265d60d9,CA,2019-02-04 20:43:17,77.99,129.99,40.0,CAD,61,2015-11-05,79.99,CAD,CA,True,False,False,False,False,False,False,1187.0,-2.0,-0.02500312539067384,2019-02-04,False,False,7.1221296296296295,True
311210,018d937e-ea27-712b-b589-66a2265d60d9,CA,2019-03-29 11:48:19,39.99,79.99,50.0,CAD,61,2015-11-05,79.99,CAD,CA,True,False,False,False,False,False,False,1240.0,-39.99999999999999,-0.5000625078134766,2019-03-29,False,False,0.4190509259259259,True
311210,018d937e-ea27-712b-b589-66a2265d60d9,CA,2019-04-01 12:12:08,39.99,79.99,50.0,CAD,61,2015-11-05,79.99,CAD,CA,True,False,False,False,False,False,False,1243.0,-39.99999999999999,-0.5000625078134766,2019-04-01,False,False,0.2493287037037037,True
311210,018d937e-ea27-712b-b589-66a2265d60d9,CA,2019-04-04 20:10:07,39.99,79.99,50.0,CAD,61,2015-11-05,79.99,CAD,CA,True,False,False,False,False,False,False,1246.0,-39.99999999999999,-0.5000625078134766,2019-04-04,False,False,3.891701388888889,True
311210,018d937e-ea27-712b-b589-66a2265d60d9,CA,2019-06-25 17:55:29,39.99,79.99,50.0,CAD,61,2015-11-05,79.99,CAD,CA,True,False,False,False,False,False,False,1328.0,-39.99999999999999,-0.5000625078134766,2019-06-25,False,False,14.079525462962962,True
311210,018d937e-ea27-712b-b589-66a2265d60d9,CA,2019-10-03 18:07:06,39.99,79.99,50.0,CAD,61,2015-11-05,79.99,CAD,CA,True,False,False,False,False,False,False,1428.0,-39.99999999999999,-0.5000625078134766,2019-10-03,False,False,3.9684606481481484,True
311210,018d937e-ea27-712b-b589-66a2265d60d9,CA,2019-10-28 17:57:41,39.99,79.99,50.0,CAD,61,2015-11-05,79.99,CAD,CA,True,False,False,False,False,False,False,1453.0,-39.99999999999999,-0.5000625078134766,2019-10-28,False,False,3.9765509259259257,True
311210,018d937e-ea27-712b-b589-66a2265d60d9,CA,2019-11-07 18:21:12,39.99,79.99,50.0,CAD,61,2015-11-05,79.99,CAD,CA,True,False,False,False,False,False,False,1463.0,-39.99999999999999,-0.5000625078134766,2019-11-07,False,False,4.0005092592592595,True
311210,018d937e-ea27-712b-b589-66a2265d60d9,CA,2019-11-26 18:34:05,39.99,79.99,50.0,CAD,61,2015-11-05,79.99,CAD,CA,True,False,False,False,False,False,False,1482.0,-39.99999999999999,-0.5000625078134766,2019-11-26,False,False,6.995358796296296,True
311210,018d937e-ea27-712b-b589-66a2265d60d9,CA,2019-12-19 18:23:02,39.99,79.99,50.0,CAD,61,2015-11-05,79.99,CAD,CA,True,False,False,False,False,False,False,1505.0,-39.99999999999999,-0.5000625078134766,2019-12-19,False,False,14.012743055555555,True
311210,018d937e-ea27-712b-b589-66a2265d60d9,CA,2020-01-23 18:23:56,39.99,79.99,50.0,CAD,61,2015-11-05,79.99,CAD,CA,True,False,False,False,False,False,False,1540.0,-39.99999999999999,-0.5000625078134766,2020-01-23,False,False,3.998900462962963,True
311210,018d937e-ea27-712b-b589-66a2265d60d9,CA,2020-05-07 17:21:12,39.99,79.99,50.0,CAD,61,2015-11-05,79.99,CAD,CA,True,False,False,False,False,False,False,1645.0,-39.99999999999999,-0.5000625078134766,2020-05-07,False,False,12.00005787037037,True
311210,018d937e-ea27-712b-b589-66a2265d60d9,CA,2020-06-25 18:26:30,47.99,79.99,40.0,CAD,61,2015-11-05,79.99,CAD,CA,True,False,False,False,False,False,False,1694.0,-31.999999999999993,-0.40005000625078124,2020-06-25,False,False,13.960451388888888,True
311210,018d937e-ea27-712b-b589-66a2265d60d9,CA,2021-02-11 19:01:44,47.99,79.99,40.0,CAD,61,2015-11-05,79.99,CAD,CA,True,False,False,False,False,False,False,1925.0,-31.999999999999993,-0.40005000625078124,2021-02-11,False,False,3.9858101851851853,True
311210,018d937e-ea27-712b-b589-66a2265d60d9,DE,2015-11-25 18:14:53,49.79,59.99,17.0,EUR,61,2015-11-05,59.99,EUR,DE,True,False,False,False,False,False,False,20.0,-10.200000000000003,-0.17002833805634276,2015-11-25,False,False,5.995972222222222,True
311210,018d937e-ea27-712b-b589-66a2265d60d9,DE,2015-12-03 18:09:05,49.79,59.99,17.0,EUR,61,2015-11-05,59.99,EUR,DE,True,False,False,False,False,False,False,28.0,-10.200000000000003,-0.17002833805634276,2015-12-03,False,False,1.9963657407407407,True
311210,018d937e-ea27-712b-b589-66a2265d60d9,DE,2015-12-17 18:18:16,44.99,59.99,25.0,EUR,61,2015-11-05,59.99,EUR,DE,True,False,False,False,False,False,False,42.0,-15.0,-0.2500416736122687,2015-12-17,False,False,18.002418981481483,True
311210,018d937e-ea27-712b-b589-66a2265d60d9,DE,2016-02-05 18:35:06,40.19,59.99,33.0,EUR,61,2015-11-05,59.99,EUR,DE,True,False,False,False,False,False,False,92.0,-19.800000000000004,-0.33005500916819475,2016-02-05,False,False,7.003819444444445,True
311210,018d937e-ea27-712b-b589-66a2265d60d9,DE,2016-02-25 18:18:07,39.59,59.99,34.0,EUR,61,2015-11-05,59.99,EUR,DE,True,False,False,False,False,False,False,112.0,-20.4,-0.3400566761126854,2016-02-25,False,False,4.0022569444444445,True
311210,018d937e-ea27-712b-b589-66a2265d60d9,DE,2016-04-14 17:17:40,35.99,59.99,40.0,EUR,61,2015-11-05,59.99,EUR,DE,True,False,False,False,False,False,False,161.0,-24.0,-0.4000666777796299,2016-04-14,False,False,3.9961921296296294,True
311210,018d937e-ea27-712b-b589-66a2265d60d9,DE,2016-05-12 17:15:08,35.99,59.99,40.0,EUR,61,2015-11-05,59.99,EUR,DE,True,False,False,False,False,False,False,189.0,-24.0,-0.4000666777796299,2016-05-12,False,False,3.992233796296296,True
311210,018d937e-ea27-712b-b589-66a2265d60d9,DE,2016-06-23 19:52:57,29.99,59.99,50.0,EUR,61,2015-11-05,59.99,EUR,DE,True,False,False,False,False,False,False,231.0,-30.000000000000004,-0.5000833472245374,2016-06-23,False,False,10.907233796296296,True
311210,018d937e-ea27-712b-b589-66a2265d60d9,DE,2016-08-04 18:45:04,29.99,59.99,50.0,EUR,61,2015-11-05,59.99,EUR,DE,True,False,False,False,False,False,False,273.0,-30.000000000000004,-0.5000833472245374,2016-08-04,False,False,3.9583449074074073,True
311210,018d937e-ea27-712b-b589-66a2265d60d9,DE,2016-09-01 17:15:10,29.99,59.99,50.0,EUR,61,2015-11-05,59.99,EUR,DE,True,False,False,False,False,False,False,301.0,-30.000000000000004,-0.5000833472245374,2016-09-01,False,False,4.041620370370371,True
311210,018d937e-ea27-712b-b589-66a2265d60d9,DE,2016-09-28 02:45:05,29.99,59.99,50.0,EUR,61,2015-11-05,59.99,EUR,DE,True,False,False,False,False,False,False,328.0,-30.000000000000004,-0.5000833472245374,2016-09-28,False,False,5.604247685185185,True
311210,018d937e-ea27-712b-b589-66a2265d60d9,DE,2016-10-28 18:45:04,29.99,59.99,50.0,EUR,61,2015-11-05,59.99,EUR,DE,True,False,False,False,False,False,False,358.0,-30.000000000000004,-0.5000833472245374,2016-10-28,False,False,3.958391203703704,True
311210,018d937e-ea27-712b-b589-66a2265d60d9,DE,2016-11-23 21:45:05,29.99,59.99,50.0,EUR,61,2015-11-05,59.99,EUR,DE,True,False,False,False,False,False,False,384.0,-30.000000000000004,-0.5000833472245374,2016-11-23,False,False,5.895925925925926,True
311210,018d937e-ea27-712b-b589-66a2265d60d9,DE,2016-12-22 21:15:06,29.99,59.99,50.0,EUR,61,2015-11-05,59.99,EUR,DE,True,False,False,False,False,False,False,413.0,-30.000000000000004,-0.5000833472245374,2016-12-22,False,False,10.895844907407408,True
311210,018d937e-ea27-712b-b589-66a2265d60d9,DE,2017-05-18 17:15:12,29.99,59.99,50.0,EUR,61,2015-11-05,59.99,EUR,DE,True,False,False,False,False,False,False,560.0,-30.000000000000004,-0.5000833472245374,2017-05-18,False,False,4.020740740740741,True
311210,018d937e-ea27-712b-b589-66a2265d60d9,DE,2017-06-22 22:15:04,29.99,59.99,50.0,EUR,61,2015-11-05,59.99,EUR,DE,True,False,False,False,False,False,False,595.0,-30.000000000000004,-0.5000833472245374,2017-06-22,False,False,12.854166666666666,True
311210,018d937e-ea27-712b-b589-66a2265d60d9,DE,2017-10-05 18:15:10,49.79,59.99,17.0,EUR,61,2015-11-05,59.99,EUR,DE,True,False,False,False,False,False,False,700.0,-10.200000000000003,-0.17002833805634276,2017-10-05,False,False,4.00005787037037,True
311210,018d937e-ea27-712b-b589-66a2265d60d9,DE,2017-11-22 21:15:05,47.99,59.99,20.0,EUR,61,2015-11-05,59.99,EUR,DE,True,False,False,False,False,False,False,748.0,-12.0,-0.200033338889815,2017-11-22,False,False,5.9584375,True
311210,018d937e-ea27-712b-b589-66a2265d60d9,DE,2017-12-21 20:45:05,44.99,59.99,25.0,EUR,61,2015-11-05,59.99,EUR,DE,True,False,False,False,False,False,False,777.0,-15.0,-0.2500416736122687,2017-12-21,False,False,13.958333333333334,True
311210,018d937e-ea27-712b-b589-66a2265d60d9,DE,2018-02-15 19:45:05,38.99,59.99,35.0,EUR,61,2015-11-05,59.99,EUR,DE,True,False,False,False,False,False,False,833.0,-21.0,-0.3500583430571762,2018-02-15,False,False,4.04167824074074,True
311210,018d937e-ea27-712b-b589-66a2265d60d9,DE,2018-03-15 19:15:12,44.99,59.99,25.0,EUR,61,2015-11-05,59.99,EUR,DE,True,False,False,False,False,False,False,861.0,-15.0,-0.2500416736122687,2018-03-15,False,False,3.9583796296296296,True
311210,018d937e-ea27-712b-b589-66a2265d60d9,DE,2018-06-21 19:07:57,35.99,59.99,40.0,EUR,61,2015-11-05,59.99,EUR,DE,True,False,False,False,False,False,False,959.0,-24.0,-0.4000666777796299,2018-06-21,False,False,13.949421296296297,True
311210,018d937e-ea27-712b-b589-66a2265d60d9,DE,2018-09-06 17:18:03,44.99,59.99,25.0,EUR,61,2015-11-05,59.99,EUR,DE,True,False,False,False,False,False,False,1036.0,-15.0,-0.2500416736122687,2018-09-06,False,False,4.996111111111111,True
311210,018d937e-ea27-712b-b589-66a2265d60d9,DE,2018-10-29 17:26:38,44.99,59.99,25.0,EUR,61,2015-11-05,59.99,EUR,DE,True,False,False,False,False,False,False,1089.0,-15.0,-0.2500416736122687,2018-10-29,False,False,3.2056828703703704,True
311210,018d937e-ea27-712b-b589-66a2265d60d9,DE,2018-11-21 19:25:35,44.99,59.99,25.0,EUR,61,2015-11-05,59.99,EUR,DE,True,False,False,False,False,False,False,1112.0,-15.0,-0.2500416736122687,2018-11-21,False,False,6.006284722222222,True
311210,018d937e-ea27-712b-b589-66a2265d60d9,DE,2018-12-20 21:22:31,44.99,59.99,25.0,EUR,61,2015-11-05,59.99,EUR,DE,True,False,False,False,False,False,False,1141.0,-15.0,-0.2500416736122687,2018-12-20,False,False,14.108391203703704,True
311210,018d937e-ea27-712b-b589-66a2265d60d9,DE,2019-03-29 11:55:03,29.99,59.99,50.0,EUR,61,2015-11-05,59.99,EUR,DE,True,False,False,False,False,False,False,1240.0,-30.000000000000004,-0.5000833472245374,2019-03-29,False,False,0.46966435185185185,True
311210,018d937e-ea27-712b-b589-66a2265d60d9,DE,2019-04-01 11:08:57,29.99,59.99,50.0,EUR,61,2015-11-05,59.99,EUR,DE,True,False,False,False,False,False,False,1243.0,-30.000000000000004,-0.5000833472245374,2019-04-01,False,False,0.26395833333333335,True
311210,018d937e-ea27-712b-b589-66a2265d60d9,DE,2019-04-04 20:07:31,29.99,59.99,50.0,EUR,61,2015-11-05,59.99,EUR,DE,True,False,False,False,False,False,False,1246.0,-30.000000000000004,-0.5000833472245374,2019-04-04,False,False,3.913298611111111,True
311210,018d937e-ea27-712b-b589-66a2265d60d9,DE,2019-06-25 20:02:12,29.99,59.99,50.0,EUR,61,2015-11-05,59.99,EUR,DE,True,False,False,False,False,False,False,1328.0,-30.000000000000004,-0.5000833472245374,2019-06-25,False,False,13.959606481481481,True
311210,018d937e-ea27-712b-b589-66a2265d60d9,DE,2019-10-03 18:07:14,29.99,59.99,50.0,EUR,61,2015-11-05,59.99,EUR,DE,True,False,False,False,False,False,False,1428.0,-30.000000000000004,-0.5000833472245374,2019-10-03,False,False,3.968125,True
311210,018d937e-ea27-712b-b589-66a2265d60d9,DE,2019-10-28 17:59:24,29.99,59.99,50.0,EUR,61,2015-11-05,59.99,EUR,DE,True,False,False,False,False,False,False,1453.0,-30.000000000000004,-0.5000833472245374,2019-10-28,False,False,3.9747916666666665,True
311210,018d937e-ea27-712b-b589-66a2265d60d9,DE,2019-11-07 18:21:16,29.99,59.99,50.0,EUR,61,2015-11-05,59.99,EUR,DE,True,False,False,False,False,False,False,1463.0,-30.000000000000004,-0.5000833472245374,2019-11-07,False,False,4.000104166666667,True
311210,018d937e-ea27-712b-b589-66a2265d60d9,DE,2019-11-26 18:23:18,29.99,59.99,50.0,EUR,61,2015-11-05,59.99,EUR,DE,True,False,False,False,False,False,False,1482.0,-30.000000000000004,-0.5000833472245374,2019-11-26,False,False,7.004861111111111,True
311210,018d937e-ea27-712b-b589-66a2265d60d9,DE,2019-12-19 18:22:30,29.99,59.99,50.0,EUR,61,2015-11-05,59.99,EUR,DE,True,False,False,False,False,False,False,1505.0,-30.000000000000004,-0.5000833472245374,2019-12-19,False,False,14.009618055555556,True
311210,018d937e-ea27-712b-b589-66a2265d60d9,DE,2020-01-23 18:31:47,29.99,59.99,50.0,EUR,61,2015-11-05,59.99,EUR,DE,True,False,False,False,False,False,False,1540.0,-30.000000000000004,-0.5000833472245374,2020-01-23,False,False,3.99775462962963,True
311210,018d937e-ea27-712b-b589-66a2265d60d9,DE,2020-05-07 17:21:17,29.99,59.99,50.0,EUR,61,2015-11-05,59.99,EUR,DE,True,False,False,False,False,False,False,1645.0,-30.000000000000004,-0.5000833472245374,2020-05-07,False,False,12.00017361111111,True
311210,018d937e-ea27-712b-b589-66a2265d60d9,DE,2020-06-25 18:24:46,35.99,59.99,40.0,EUR,61,2015-11-05,59.99,EUR,DE,True,False,False,False,False,False,False,1694.0,-24.0,-0.4000666777796299,2020-06-25,False,False,13.962430555555555,True
311210,018d937e-ea27-712b-b589-66a2265d60d9,DE,2021-02-11 19:01:01,35.99,59.99,40.0,EUR,61,2015-11-05,59.99,EUR,DE,True,False,False,False,False,False,False,1925.0,-24.0,-0.4000666777796299,2021-02-11,False,False,3.983784722222222,True
311210,018d937e-ea27-712b-b589-66a2265d60d9,FR,2015-11-25 18:14:53,49.79,59.99,17.0,EUR,61,2015-11-05,59.99,EUR,FR,True,False,False,False,False,False,False,20.0,-10.200000000000003,-0.17002833805634276,2015-11-25,False,False,5.995972222222222,True
311210,018d937e-ea27-712b-b589-66a2265d60d9,FR,2015-12-03 18:09:05,49.79,59.99,17.0,EUR,61,2015-11-05,59.99,EUR,FR,True,False,False,False,False,False,False,28.0,-10.200000000000003,-0.17002833805634276,2015-12-03,False,False,1.9963657407407407,True
311210,018d937e-ea27-712b-b589-66a2265d60d9,FR,2015-12-17 18:18:16,44.99,59.99,25.0,EUR,61,2015-11-05,59.99,EUR,FR,True,False,False,False,False,False,False,42.0,-15.0,-0.2500416736122687,2015-12-17,False,False,18.002418981481483,True
311210,018d937e-ea27-712b-b589-66a2265d60d9,FR,2016-02-05 18:35:06,40.19,59.99,33.0,EUR,61,2015-11-05,59.99,EUR,FR,True,False,False,False,False,False,False,92.0,-19.800000000000004,-0.33005500916819475,2016-02-05,False,False,7.003819444444445,True
311210,018d937e-ea27-712b-b589-66a2265d60d9,FR,2016-02-25 18:18:07,39.59,59.99,34.0,EUR,61,2015-11-05,59.99,EUR,FR,True,False,False,False,False,False,False,112.0,-20.4,-0.3400566761126854,2016-02-25,False,False,4.0022569444444445,True
311210,018d937e-ea27-712b-b589-66a2265d60d9,FR,2016-04-14 17:17:40,35.99,59.99,40.0,EUR,61,2015-11-05,59.99,EUR,FR,True,False,False,False,False,False,False,161.0,-24.0,-0.4000666777796299,2016-04-14,False,False,3.9961921296296294,True
311210,018d937e-ea27-712b-b589-66a2265d60d9,FR,2016-05-12 17:15:08,35.99,59.99,40.0,EUR,61,2015-11-05,59.99,EUR,FR,True,False,False,False,False,False,False,189.0,-24.0,-0.4000666777796299,2016-05-12,False,False,3.992233796296296,True
311210,018d937e-ea27-712b-b589-66a2265d60d9,FR,2016-06-23 19:52:57,29.99,59.99,50.0,EUR,61,2015-11-05,59.99,EUR,FR,True,False,False,False,False,False,False,231.0,-30.000000000000004,-0.5000833472245374,2016-06-23,False,False,10.907233796296296,True
311210,018d937e-ea27-712b-b589-66a2265d60d9,FR,2016-08-04 18:45:04,29.99,59.99,50.0,EUR,61,2015-11-05,59.99,EUR,FR,True,False,False,False,False,False,False,273.0,-30.000000000000004,-0.5000833472245374,2016-08-04,False,False,3.9583449074074073,True
311210,018d937e-ea27-712b-b589-66a2265d60d9,FR,2016-09-01 17:15:10,29.99,59.99,50.0,EUR,61,2015-11-05,59.99,EUR,FR,True,False,False,False,False,False,False,301.0,-30.000000000000004,-0.5000833472245374,2016-09-01,False,False,4.041620370370371,True
311210,018d937e-ea27-712b-b589-66a2265d60d9,FR,2016-09-28 02:45:05,29.99,59.99,50.0,EUR,61,2015-11-05,59.99,EUR,FR,True,False,False,False,False,False,False,328.0,-30.000000000000004,-0.5000833472245374,2016-09-28,False,False,5.604247685185185,True
311210,018d937e-ea27-712b-b589-66a2265d60d9,FR,2016-10-28 18:45:04,29.99,59.99,50.0,EUR,61,2015-11-05,59.99,EUR,FR,True,False,False,False,False,False,False,358.0,-30.000000000000004,-0.5000833472245374,2016-10-28,False,False,3.958391203703704,True
311210,018d937e-ea27-712b-b589-66a2265d60d9,FR,2016-11-23 21:45:05,29.99,59.99,50.0,EUR,61,2015-11-05,59.99,EUR,FR,True,False,False,False,False,False,False,384.0,-30.000000000000004,-0.5000833472245374,2016-11-23,False,False,5.895925925925926,True
311210,018d937e-ea27-712b-b589-66a2265d60d9,FR,2016-12-22 21:15:06,29.99,59.99,50.0,EUR,61,2015-11-05,59.99,EUR,FR,True,False,False,False,False,False,False,413.0,-30.000000000000004,-0.5000833472245374,2016-12-22,False,False,10.895844907407408,True
311210,018d937e-ea27-712b-b589-66a2265d60d9,FR,2017-05-18 17:15:12,29.99,59.99,50.0,EUR,61,2015-11-05,59.99,EUR,FR,True,False,False,False,False,False,False,560.0,-30.000000000000004,-0.5000833472245374,2017-05-18,False,False,4.020740740740741,True
311210,018d937e-ea27-712b-b589-66a2265d60d9,FR,2017-06-22 22:15:04,29.99,59.99,50.0,EUR,61,2015-11-05,59.99,EUR,FR,True,False,False,False,False,False,False,595.0,-30.000000000000004,-0.5000833472245374,2017-06-22,False,False,12.854166666666666,True
311210,018d937e-ea27-712b-b589-66a2265d60d9,FR,2017-10-05 18:15:10,49.79,59.99,17.0,EUR,61,2015-11-05,59.99,EUR,FR,True,False,False,False,False,False,False,700.0,-10.200000000000003,-0.17002833805634276,2017-10-05,False,False,4.00005787037037,True
311210,018d937e-ea27-712b-b589-66a2265d60d9,FR,2017-11-22 21:15:05,47.99,59.99,20.0,EUR,61,2015-11-05,59.99,EUR,FR,True,False,False,False,False,False,False,748.0,-12.0,-0.200033338889815,2017-11-22,False,False,5.9584375,True
311210,018d937e-ea27-712b-b589-66a2265d60d9,FR,2017-12-21 20:45:05,44.99,59.99,25.0,EUR,61,2015-11-05,59.99,EUR,FR,True,False,False,False,False,False,False,777.0,-15.0,-0.2500416736122687,2017-12-21,False,False,13.958333333333334,True
311210,018d937e-ea27-712b-b589-66a2265d60d9,FR,2018-02-15 19:45:05,38.99,59.99,35.0,EUR,61,2015-11-05,59.99,EUR,FR,True,False,False,False,False,False,False,833.0,-21.0,-0.3500583430571762,2018-02-15,False,False,4.04167824074074,True
311210,018d937e-ea27-712b-b589-66a2265d60d9,FR,2018-03-15 19:15:12,44.99,59.99,25.0,EUR,61,2015-11-05,59.99,EUR,FR,True,False,False,False,False,False,False,861.0,-15.0,-0.2500416736122687,2018-03-15,False,False,3.9583796296296296,True
311210,018d937e-ea27-712b-b589-66a2265d60d9,FR,2018-06-21 19:07:57,35.99,59.99,40.0,EUR,61,2015-11-05,59.99,EUR,FR,True,False,False,False,False,False,False,959.0,-24.0,-0.4000666777796299,2018-06-21,False,False,13.949421296296297,True
311210,018d937e-ea27-712b-b589-66a2265d60d9,FR,2018-09-06 17:18:03,44.99,59.99,25.0,EUR,61,2015-11-05,59.99,EUR,FR,True,False,False,False,False,False,False,1036.0,-15.0,-0.2500416736122687,2018-09-06,False,False,4.996111111111111,True
311210,018d937e-ea27-712b-b589-66a2265d60d9,FR,2018-10-29 17:26:38,44.99,59.99,25.0,EUR,61,2015-11-05,59.99,EUR,FR,True,False,False,False,False,False,False,1089.0,-15.0,-0.2500416736122687,2018-10-29,False,False,3.2056828703703704,True
311210,018d937e-ea27-712b-b589-66a2265d60d9,FR,2018-11-21 19:25:35,44.99,59.99,25.0,EUR,61,2015-11-05,59.99,EUR,FR,True,False,False,False,False,False,False,1112.0,-15.0,-0.2500416736122687,2018-11-21,False,False,6.006284722222222,True
311210,018d937e-ea27-712b-b589-66a2265d60d9,FR,2018-12-20 21:22:31,44.99,59.99,25.0,EUR,61,2015-11-05,59.99,EUR,FR,True,False,False,False,False,False,False,1141.0,-15.0,-0.2500416736122687,2018-12-20,False,False,14.108391203703704,True
311210,018d937e-ea27-712b-b589-66a2265d60d9,FR,2019-03-29 11:55:03,29.99,59.99,50.0,EUR,61,2015-11-05,59.99,EUR,FR,True,False,False,False,False,False,False,1240.0,-30.000000000000004,-0.5000833472245374,2019-03-29,False,False,0.46966435185185185,True
311210,018d937e-ea27-712b-b589-66a2265d60d9,FR,2019-04-01 11:08:57,29.99,59.99,50.0,EUR,61,2015-11-05,59.99,EUR,FR,True,False,False,False,False,False,False,1243.0,-30.000000000000004,-0.5000833472245374,2019-04-01,False,False,0.26395833333333335,True
311210,018d937e-ea27-712b-b589-66a2265d60d9,FR,2019-04-04 20:07:31,29.99,59.99,50.0,EUR,61,2015-11-05,59.99,EUR,FR,True,False,False,False,False,False,False,1246.0,-30.000000000000004,-0.5000833472245374,2019-04-04,False,False,3.913298611111111,True
311210,018d937e-ea27-712b-b589-66a2265d60d9,FR,2019-06-25 20:02:12,29.99,59.99,50.0,EUR,61,2015-11-05,59.99,EUR,FR,True,False,False,False,False,False,False,1328.0,-30.000000000000004,-0.5000833472245374,2019-06-25,False,False,13.959606481481481,True
311210,018d937e-ea27-712b-b589-66a2265d60d9,FR,2019-10-03 18:07:14,29.99,59.99,50.0,EUR,61,2015-11-05,59.99,EUR,FR,True,False,False,False,False,False,False,1428.0,-30.000000000000004,-0.5000833472245374,2019-10-03,False,False,3.968125,True
311210,018d937e-ea27-712b-b589-66a2265d60d9,FR,2019-10-28 17:59:24,29.99,59.99,50.0,EUR,61,2015-11-05,59.99,EUR,FR,True,False,False,False,False,False,False,1453.0,-30.000000000000004,-0.5000833472245374,2019-10-28,False,False,3.9747916666666665,True
311210,018d937e-ea27-712b-b589-66a2265d60d9,FR,2019-11-07 18:21:16,29.99,59.99,50.0,EUR,61,2015-11-05,59.99,EUR,FR,True,False,False,False,False,False,False,1463.0,-30.000000000000004,-0.5000833472245374,2019-11-07,False,False,4.000104166666667,True
311210,018d937e-ea27-712b-b589-66a2265d60d9,FR,2019-11-26 18:23:18,29.99,59.99,50.0,EUR,61,2015-11-05,59.99,EUR,FR,True,False,False,False,False,False,False,1482.0,-30.000000000000004,-0.5000833472245374,2019-11-26,False,False,7.004861111111111,True
311210,018d937e-ea27-712b-b589-66a2265d60d9,FR,2019-12-19 18:22:30,29.99,59.99,50.0,EUR,61,2015-11-05,59.99,EUR,FR,True,False,False,False,False,False,False,1505.0,-30.000000000000004,-0.5000833472245374,2019-12-19,False,False,14.009618055555556,True
311210,018d937e-ea27-712b-b589-66a2265d60d9,FR,2020-01-23 18:31:47,29.99,59.99,50.0,EUR,61,2015-11-05,59.99,EUR,FR,True,False,False,False,False,False,False,1540.0,-30.000000000000004,-0.5000833472245374,2020-01-23,False,False,3.99775462962963,True
311210,018d937e-ea27-712b-b589-66a2265d60d9,FR,2020-05-07 17:21:17,29.99,59.99,50.0,EUR,61,2015-11-05,59.99,EUR,FR,True,False,False,False,False,False,False,1645.0,-30.000000000000004,-0.5000833472245374,2020-05-07,False,False,12.00017361111111,True
311210,018d937e-ea27-712b-b589-66a2265d60d9,FR,2020-06-25 18:24:46,35.99,59.99,40.0,EUR,61,2015-11-05,59.99,EUR,FR,True,False,False,False,False,False,False,1694.0,-24.0,-0.4000666777796299,2020-06-25,False,False,13.962430555555555,True
311210,018d937e-ea27-712b-b589-66a2265d60d9,FR,2021-02-11 19:01:01,35.99,59.99,40.0,EUR,61,2015-11-05,59.99,EUR,FR,True,False,False,False,False,False,False,1925.0,-24.0,-0.4000666777796299,2021-02-11,False,False,3.983784722222222,True
311210,018d937e-ea27-712b-b589-66a2265d60d9,GB,2015-11-25 18:15:08,33.19,39.99,17.0,GBP,61,2015-11-05,44.99,GBP,GB,True,False,False,False,False,False,False,20.0,-11.800000000000004,-0.2622805067792844,2015-11-25,False,False,5.995798611111111,True
311210,018d937e-ea27-712b-b589-66a2265d60d9,GB,2015-12-03 18:09:06,33.19,39.99,17.0,GBP,61,2015-11-05,44.99,GBP,GB,True,False,False,False,False,False,False,28.0,-11.800000000000004,-0.2622805067792844,2015-12-03,False,False,1.9965162037037036,True
311210,018d937e-ea27-712b-b589-66a2265d60d9,GB,2015-12-17 18:18:16,29.99,39.99,25.0,GBP,61,2015-11-05,44.99,GBP,GB,True,False,False,False,False,False,False,42.0,-15.000000000000004,-0.33340742387197164,2015-12-17,False,False,18.00236111111111,True
311210,018d937e-ea27-712b-b589-66a2265d60d9,GB,2016-02-05 18:27:21,26.79,39.99,33.0,GBP,61,2015-11-05,44.99,GBP,GB,True,False,False,False,False,False,False,92.0,-18.200000000000003,-0.4045343409646589,2016-02-05,False,False,6.995405092592593,True
311210,018d937e-ea27-712b-b589-66a2265d60d9,GB,2016-02-25 18:12:37,26.39,39.99,34.0,GBP,61,2015-11-05,44.99,GBP,GB,True,False,False,False,False,False,False,112.0,-18.6,-0.41342520560124474,2016-02-25,False,False,4.003946759259259,True
311210,018d937e-ea27-712b-b589-66a2265d60d9,GB,2016-04-14 17:17:39,23.99,39.99,40.0,GBP,61,2015-11-05,44.99,GBP,GB,True,False,False,False,False,False,False,161.0,-21.000000000000004,-0.4667703934207602,2016-04-14,False,False,3.998287037037037,True
311210,018d937e-ea27-712b-b589-66a2265d60d9,GB,2016-05-12 17:09:26,23.99,39.99,40.0,GBP,61,2015-11-05,44.99,GBP,GB,True,False,False,False,False,False,False,189.0,-21.000000000000004,-0.4667703934207602,2016-05-12,False,False,3.996261574074074,True
311210,018d937e-ea27-712b-b589-66a2265d60d9,GB,2016-06-23 19:27:11,19.99,39.99,50.0,GBP,61,2015-11-05,44.99,GBP,GB,True,False,False,False,False,False,False,231.0,-25.000000000000004,-0.5556790397866194,2016-06-23,False,False,10.92523148148148,True
311210,018d937e-ea27-712b-b589-66a2265d60d9,GB,2016-08-04 19:15:22,19.99,39.99,50.0,GBP,61,2015-11-05,44.99,GBP,GB,True,False,False,False,False,False,False,273.0,-25.000000000000004,-0.5556790397866194,2016-08-04,False,False,4.083298611111111,True
311210,018d937e-ea27-712b-b589-66a2265d60d9,GB,2016-09-01 17:45:20,19.99,39.99,50.0,GBP,61,2015-11-05,44.99,GBP,GB,True,False,False,False,False,False,False,301.0,-25.000000000000004,-0.5556790397866194,2016-09-01,False,False,4.083379629629629,True
311210,018d937e-ea27-712b-b589-66a2265d60d9,GB,2016-09-28 00:45:25,19.99,39.99,50.0,GBP,61,2015-11-05,44.99,GBP,GB,True,False,False,False,False,False,False,328.0,-25.000000000000004,-0.5556790397866194,2016-09-28,False,False,5.770844907407407,True
311210,018d937e-ea27-712b-b589-66a2265d60d9,GB,2016-10-28 18:45:20,19.99,39.99,50.0,GBP,61,2015-11-05,44.99,GBP,GB,True,False,False,False,False,False,False,358.0,-25.000000000000004,-0.5556790397866194,2016-10-28,False,False,3.9793287037037035,True
311210,018d937e-ea27-712b-b589-66a2265d60d9,GB,2016-11-23 18:15:57,19.99,39.99,50.0,GBP,61,2015-11-05,44.99,GBP,GB,True,False,False,False,False,False,False,384.0,-25.000000000000004,-0.5556790397866194,2016-11-23,False,False,6.020694444444445,True
311210,018d937e-ea27-712b-b589-66a2265d60d9,GB,2016-12-22 19:15:30,19.99,39.99,50.0,GBP,61,2015-11-05,44.99,GBP,GB,True,False,False,False,False,False,False,413.0,-25.000000000000004,-0.5556790397866194,2016-12-22,False,False,10.979375,True
311210,018d937e-ea27-712b-b589-66a2265d60d9,GB,2017-05-18 17:45:20,19.99,39.99,50.0,GBP,61,2015-11-05,44.99,GBP,GB,True,False,False,False,False,False,False,560.0,-25.000000000000004,-0.5556790397866194,2017-05-18,False,False,3.9999652777777777,True
311210,018d937e-ea27-712b-b589-66a2265d60d9,GB,2017-06-22 23:15:19,19.99,39.99,50.0,GBP,61,2015-11-05,44.99,GBP,GB,True,False,False,False,False,False,False,595.0,-25.000000000000004,-0.5556790397866194,2017-06-22,False,False,12.791967592592593,True
311210,018d937e-ea27-712b-b589-66a2265d60d9,GB,2017-08-29 19:15:34,44.99,44.99,0.0,GBP,61,2015-11-05,44.99,GBP,GB,False,False,False,True,False,False,False,663.0,0.0,0.0,2017-08-29,False,False,,False
311210,018d937e-ea27-712b-b589-66a2265d60d9,GB,2017-10-05 17:15:36,37.34,44.99,17.0,GBP,61,2015-11-05,44.99,GBP,GB,True,False,False,False,False,False,False,700.0,-7.649999999999999,-0.17003778617470544,2017-10-05,False,False,4.041643518518518,True
311210,018d937e-ea27-712b-b589-66a2265d60d9,GB,2017-11-22 22:45:19,35.99,44.99,20.0,GBP,61,2015-11-05,44.99,GBP,GB,True,False,False,False,False,False,False,748.0,-9.0,-0.20004445432318296,2017-11-22,False,False,5.896087962962963,True
311210,018d937e-ea27-712b-b589-66a2265d60d9,GB,2017-12-21 19:15:30,33.74,44.99,25.0,GBP,61,2015-11-05,44.99,GBP,GB,True,False,False,False,False,False,False,777.0,-11.25,-0.25005556790397865,2017-12-21,False,False,14.000347222222222,True
311210,018d937e-ea27-712b-b589-66a2265d60d9,GB,2018-02-15 18:17:03,29.24,44.99,35.0,GBP,61,2015-11-05,44.99,GBP,GB,True,False,False,False,False,False,False,833.0,-15.750000000000004,-0.35007779506557024,2018-02-15,False,False,4.042291666666666,True
311210,018d937e-ea27-712b-b589-66a2265d60d9,GB,2018-03-15 17:18:30,33.74,44.99,25.0,GBP,61,2015-11-05,44.99,GBP,GB,True,False,False,False,False,False,False,861.0,-11.25,-0.25005556790397865,2018-03-15,False,False,4.042268518518519,True
311210,018d937e-ea27-712b-b589-66a2265d60d9,GB,2018-06-21 20:10:47,26.99,44.99,40.0,GBP,61,2015-11-05,44.99,GBP,GB,True,False,False,False,False,False,False,959.0,-18.000000000000004,-0.4000889086463659,2018-06-21,False,False,13.881493055555556,True
311210,018d937e-ea27-712b-b589-66a2265d60d9,GB,2018-09-06 17:12:16,33.74,44.99,25.0,GBP,61,2015-11-05,44.99,GBP,GB,True,False,False,False,False,False,False,1036.0,-11.25,-0.25005556790397865,2018-09-06,False,False,5.002326388888889,True
311210,018d937e-ea27-712b-b589-66a2265d60d9,GB,2018-10-29 17:14:36,33.74,44.99,25.0,GBP,61,2015-11-05,44.99,GBP,GB,True,False,False,False,False,False,False,1089.0,-11.25,-0.25005556790397865,2018-10-29,False,False,3.317905092592593,True
311210,018d937e-ea27-712b-b589-66a2265d60d9,GB,2018-11-21 18:50:49,33.74,44.99,25.0,GBP,61,2015-11-05,44.99,GBP,GB,True,False,False,False,False,False,False,1112.0,-11.25,-0.25005556790397865,2018-11-21,False,False,6.119016203703704,True
311210,018d937e-ea27-712b-b589-66a2265d60d9,GB,2018-12-20 20:50:25,33.74,44.99,25.0,GBP,61,2015-11-05,44.99,GBP,GB,True,False,False,False,False,False,False,1141.0,-11.25,-0.25005556790397865,2018-12-20,False,False,13.914571759259259,True
311210,018d937e-ea27-712b-b589-66a2265d60d9,GB,2019-03-29 11:51:23,22.49,44.99,50.0,GBP,61,2015-11-05,44.99,GBP,GB,True,False,False,False,False,False,False,1240.0,-22.500000000000004,-0.5001111358079574,2019-03-29,False,False,0.4805671296296296,True
311210,018d937e-ea27-712b-b589-66a2265d60d9,GB,2019-04-01 11:02:33,22.49,44.99,50.0,GBP,61,2015-11-05,44.99,GBP,GB,True,False,False,False,False,False,False,1243.0,-22.500000000000004,-0.5001111358079574,2019-04-01,False,False,0.26902777777777775,True
311210,018d937e-ea27-712b-b589-66a2265d60d9,GB,2019-04-04 19:55:24,22.49,44.99,50.0,GBP,61,2015-11-05,44.99,GBP,GB,True,False,False,False,False,False,False,1246.0,-22.500000000000004,-0.5001111358079574,2019-04-04,False,False,3.8961805555555555,True
311210,018d937e-ea27-712b-b589-66a2265d60d9,GB,2019-06-25 19:52:29,22.49,44.99,50.0,GBP,61,2015-11-05,44.99,GBP,GB,True,False,False,False,False,False,False,1328.0,-22.500000000000004,-0.5001111358079574,2019-06-25,False,False,13.959398148148148,True
311210,018d937e-ea27-712b-b589-66a2265d60d9,GB,2019-10-03 18:07:18,22.49,44.99,50.0,GBP,61,2015-11-05,44.99,GBP,GB,True,False,False,False,False,False,False,1428.0,-22.500000000000004,-0.5001111358079574,2019-10-03,False,False,3.968101851851852,True
311210,018d937e-ea27-712b-b589-66a2265d60d9,GB,2019-10-28 17:23:01,22.49,44.99,50.0,GBP,61,2015-11-05,44.99,GBP,GB,True,False,False,False,False,False,False,1453.0,-22.500000000000004,-0.5001111358079574,2019-10-28,False,False,3.9997337962962964,True
311210,018d937e-ea27-712b-b589-66a2265d60d9,GB,2019-11-07 18:21:23,22.49,44.99,50.0,GBP,61,2015-11-05,44.99,GBP,GB,True,False,False,False,False,False,False,1463.0,-22.500000000000004,-0.5001111358079574,2019-11-07,False,False,4.000335648148148,True
311210,018d937e-ea27-712b-b589-66a2265d60d9,GB,2019-11-26 18:23:12,22.49,44.99,50.0,GBP,61,2015-11-05,44.99,GBP,GB,True,False,False,False,False,False,False,1482.0,-22.500000000000004,-0.5001111358079574,2019-11-26,False,False,7.001909722222222,True
311210,018d937e-ea27-712b-b589-66a2265d60d9,GB,2019-12-19 18:13:16,22.49,44.99,50.0,GBP,61,2015-11-05,44.99,GBP,GB,True,False,False,False,False,False,False,1505.0,-22.500000000000004,-0.5001111358079574,2019-12-19,False,False,14.017986111111112,True
311210,018d937e-ea27-712b-b589-66a2265d60d9,GB,2020-01-23 18:35:30,22.49,44.99,50.0,GBP,61,2015-11-05,44.99,GBP,GB,True,False,False,False,False,False,False,1540.0,-22.500000000000004,-0.5001111358079574,2020-01-23,False,False,3.9916319444444444,True
311210,018d937e-ea27-712b-b589-66a2265d60d9,GB,2020-05-07 17:21:44,22.49,44.99,50.0,GBP,61,2015-11-05,44.99,GBP,GB,True,False,False,False,False,False,False,1645.0,-22.500000000000004,-0.5001111358079574,2020-05-07,False,False,11.999895833333333,True
311210,018d937e-ea27-712b-b589-66a2265d60d9,GB,2020-06-25 17:57:14,26.99,44.99,40.0,GBP,61,2015-11-05,44.99,GBP,GB,True,False,False,False,False,False,False,1694.0,-18.000000000000004,-0.4000889086463659,2020-06-25,False,False,13.982407407407408,True
311210,018d937e-ea27-712b-b589-66a2265d60d9,GB,2021-02-11 18:28:07,26.99,44.99,40.0,GBP,61,2015-11-05,44.99,GBP,GB,True,False,False,False,False,False,False,1925.0,-18.000000000000004,-0.4000889086463659,2021-02-11,False,False,4.00693287037037,True
311210,018d937e-ea27-712b-b589-66a2265d60d9,JP,2015-11-25 18:39:58,7112.857142857143,8570.0,17.0,JPY,61,2015-11-05,8990.0,JPY,JP,True,True,True,False,False,False,False,20.0,-1877.1428571428569,-0.20880343238518984,2015-11-25,True,True,5.98886574074074,True
311210,018d937e-ea27-712b-b589-66a2265d60d9,JP,2015-12-03 18:19:21,7112.857142857143,8570.0,17.0,JPY,61,2015-11-05,8990.0,JPY,JP,True,False,False,False,False,False,False,28.0,-1877.1428571428569,-0.20880343238518984,2015-12-03,True,True,1.9973611111111111,True
311210,018d937e-ea27-712b-b589-66a2265d60d9,JP,2015-12-17 18:11:11,6427.142857142858,8570.0,25.0,JPY,61,2015-11-05,8990.0,JPY,JP,True,False,False,False,False,False,False,42.0,-2562.857142857142,-0.28507865882726835,2015-12-17,True,True,17.999305555555555,True
311210,018d937e-ea27-712b-b589-66a2265d60d9,JP,2016-02-05 18:53:32,5741.428571428572,8570.0,33.0,JPY,61,2015-11-05,8990.0,JPY,JP,True,False,False,False,False,False,False,92.0,-3248.5714285714284,-0.36135388526934686,2016-02-05,True,True,6.993773148148148,True
311210,018d937e-ea27-712b-b589-66a2265d60d9,JP,2016-02-25 18:11:41,5655.714285714286,8570.0,34.0,JPY,61,2015-11-05,8990.0,JPY,JP,True,False,False,False,False,False,False,112.0,-3334.2857142857138,-0.37088828857460665,2016-02-25,True,True,4.0105208333333335,True
311210,018d937e-ea27-712b-b589-66a2265d60d9,JP,2016-04-14 17:10:35,5141.428571428572,8570.0,40.0,JPY,61,2015-11-05,8990.0,JPY,JP,True,False,False,False,False,False,False,161.0,-3848.5714285714284,-0.4280947084061656,2016-04-14,True,True,4.013194444444444,True
311210,018d937e-ea27-712b-b589-66a2265d60d9,JP,2016-05-12 17:15:23,5141.428571428572,8570.0,40.0,JPY,61,2015-11-05,8990.0,JPY,JP,True,False,False,False,False,False,False,189.0,-3848.5714285714284,-0.4280947084061656,2016-05-12,True,True,4.002986111111111,True
311210,018d937e-ea27-712b-b589-66a2265d60d9,JP,2016-06-23 19:14:44,4284.285714285714,8570.0,50.0,JPY,61,2015-11-05,8990.0,JPY,JP,True,False,False,False,False,False,False,231.0,-4705.714285714286,-0.5234387414587638,2016-06-23,True,True,10.882430555555555,True
311210,018d937e-ea27-712b-b589-66a2265d60d9,JP,2016-08-04 20:15:27,4284.285714285714,8570.0,50.0,JPY,61,2015-11-05,8990.0,JPY,JP,True,False,False,False,False,False,False,273.0,-4705.714285714286,-0.5234387414587638,2016-08-04,True,True,3.8958564814814816,True
311210,018d937e-ea27-712b-b589-66a2265d60d9,JP,2016-09-01 18:15:38,4284.285714285714,8570.0,50.0,JPY,61,2015-11-05,8990.0,JPY,JP,True,False,False,False,False,False,False,301.0,-4705.714285714286,-0.5234387414587638,2016-09-01,True,True,3.9998958333333334,True
311210,018d937e-ea27-712b-b589-66a2265d60d9,JP,2016-09-27 23:45:33,4284.285714285714,8570.0,50.0,JPY,61,2015-11-05,8990.0,JPY,JP,True,False,False,False,False,False,False,327.0,-4705.714285714286,-0.5234387414587638,2016-09-27,True,True,5.7710185185185185,True
311210,018d937e-ea27-712b-b589-66a2265d60d9,JP,2016-10-28 18:15:28,4284.285714285714,8570.0,50.0,JPY,61,2015-11-05,8990.0,JPY,JP,True,False,False,False,False,False,False,358.0,-4705.714285714286,-0.5234387414587638,2016-10-28,True,True,4.104212962962963,True
311210,018d937e-ea27-712b-b589-66a2265d60d9,JP,2016-11-23 21:15:53,4284.285714285714,8570.0,50.0,JPY,61,2015-11-05,8990.0,JPY,JP,True,False,False,False,False,False,False,384.0,-4705.714285714286,-0.5234387414587638,2016-11-23,True,True,5.979074074074074,True
311210,018d937e-ea27-712b-b589-66a2265d60d9,JP,2016-12-22 19:46:12,4284.285714285714,8570.0,50.0,JPY,61,2015-11-05,8990.0,JPY,JP,True,False,False,False,False,False,False,413.0,-4705.714285714286,-0.5234387414587638,2016-12-22,True,True,10.979224537037037,True
311210,018d937e-ea27-712b-b589-66a2265d60d9,JP,2017-05-18 20:15:28,4284.285714285714,8570.0,50.0,JPY,61,2015-11-05,8990.0,JPY,JP,True,False,False,False,False,False,False,560.0,-4705.714285714286,-0.5234387414587638,2017-05-18,True,True,3.916724537037037,True
311210,018d937e-ea27-712b-b589-66a2265d60d9,JP,2017-05-30 23:45:21,2141.4285714285716,2141.4285714285716,0.0,JPY,61,2015-11-05,8990.0,JPY,JP,False,False,False,True,False,False,False,572.0,-6848.571428571428,-0.761798824090259,2017-05-30,True,True,,False
311210,018d937e-ea27-712b-b589-66a2265d60d9,JP,2017-05-31 02:15:32,8570.0,8570.0,0.0,JPY,61,2015-11-05,8990.0,JPY,JP,False,False,False,True,False,False,False,573.0,-420.0,-0.04671857619577313,2017-05-31,True,True,,False
311210,018d937e-ea27-712b-b589-66a2265d60d9,JP,2017-06-23 01:15:26,4284.285714285714,8570.0,50.0,JPY,61,2015-11-05,8990.0,JPY,JP,True,False,False,False,False,False,False,596.0,-4705.714285714286,-0.5234387414587638,2017-06-23,True,True,12.688043981481481,True
311210,018d937e-ea27-712b-b589-66a2265d60d9,JP,2017-10-05 19:45:24,7112.857142857143,8570.0,17.0,JPY,61,2015-11-05,8990.0,JPY,JP,True,False,False,False,False,False,False,700.0,-1877.1428571428569,-0.20880343238518984,2017-10-05,True,True,3.937777777777778,True
311210,018d937e-ea27-712b-b589-66a2265d60d9,JP,2017-11-22 21:45:27,6855.714285714286,8570.0,20.0,JPY,61,2015-11-05,8990.0,JPY,JP,True,False,False,False,False,False,False,748.0,-2134.2857142857138,-0.2374066423009693,2017-11-22,True,True,5.875497685185185,True
311210,018d937e-ea27-712b-b589-66a2265d60d9,JP,2017-12-21 21:15:32,6427.142857142858,8570.0,25.0,JPY,61,2015-11-05,8990.0,JPY,JP,True,False,False,False,False,False,False,777.0,-2562.857142857142,-0.28507865882726835,2017-12-21,True,True,13.91724537037037,True
311210,018d937e-ea27-712b-b589-66a2265d60d9,JP,2018-02-15 18:49:33,5570.0,8570.0,35.0,JPY,61,2015-11-05,8990.0,JPY,JP,True,False,False,False,False,False,False,833.0,-3420.0,-0.38042269187986655,2018-02-15,True,True,4.02099537037037,True
311210,018d937e-ea27-712b-b589-66a2265d60d9,JP,2018-03-15 19:51:27,6427.142857142858,8570.0,25.0,JPY,61,2015-11-05,8990.0,JPY,JP,True,False,False,False,False,False,False,861.0,-2562.857142857142,-0.28507865882726835,2018-03-15,True,True,4.083020833333333,True
311210,018d937e-ea27-712b-b589-66a2265d60d9,JP,2018-06-22 07:35:06,5141.428571428572,8570.0,40.0,JPY,61,2015-11-05,8990.0,JPY,JP,True,False,False,False,False,False,False,960.0,-3848.5714285714284,-0.4280947084061656,2018-06-22,True,True,13.451944444444445,True
311210,018d937e-ea27-712b-b589-66a2265d60d9,JP,2018-09-06 19:33:39,6427.142857142858,8570.0,25.0,JPY,61,2015-11-05,8990.0,JPY,JP,True,False,False,False,False,False,False,1036.0,-2562.857142857142,-0.28507865882726835,2018-09-06,True,True,4.905925925925926,True
311210,018d937e-ea27-712b-b589-66a2265d60d9,JP,2018-10-30 02:11:21,6427.142857142858,8570.0,25.0,JPY,61,2015-11-05,8990.0,JPY,JP,True,False,False,False,False,False,False,1090.0,-2562.857142857142,-0.28507865882726835,2018-10-30,True,True,2.64537037037037,True
311210,018d937e-ea27-712b-b589-66a2265d60d9,JP,2018-11-21 19:24:28,6427.142857142858,8570.0,25.0,JPY,61,2015-11-05,8990.0,JPY,JP,True,False,False,False,False,False,False,1112.0,-2562.857142857142,-0.28507865882726835,2018-11-21,True,True,5.988113425925926,True
311210,018d937e-ea27-712b-b589-66a2265d60d9,JP,2018-12-20 22:04:46,6427.142857142858,8570.0,25.0,JPY,61,2015-11-05,8990.0,JPY,JP,True,False,False,False,False,False,False,1141.0,-2562.857142857142,-0.28507865882726835,2018-12-20,True,True,13.908194444444444,True
311210,018d937e-ea27-712b-b589-66a2265d60d9,JP,2019-03-29 11:44:59,4284.285714285714,8570.0,50.0,JPY,61,2015-11-05,8990.0,JPY,JP,True,False,False,False,False,False,False,1240.0,-4705.714285714286,-0.5234387414587638,2019-03-29,True,True,0.4237384259259259,True
311210,018d937e-ea27-712b-b589-66a2265d60d9,JP,2019-04-01 12:34:57,4284.285714285714,8570.0,50.0,JPY,61,2015-11-05,8990.0,JPY,JP,True,False,False,False,False,False,False,1243.0,-4705.714285714286,-0.5234387414587638,2019-04-01,True,True,0.2192824074074074,True
311210,018d937e-ea27-712b-b589-66a2265d60d9,JP,2019-04-05 00:01:12,4284.285714285714,8570.0,50.0,JPY,61,2015-11-05,8990.0,JPY,JP,True,False,False,False,False,False,False,1247.0,-4705.714285714286,-0.5234387414587638,2019-04-05,True,True,3.8080671296296296,True
311210,018d937e-ea27-712b-b589-66a2265d60d9,JP,2019-06-26 03:23:31,4284.285714285714,8570.0,50.0,JPY,61,2015-11-05,8990.0,JPY,JP,True,False,False,False,False,False,False,1329.0,-4705.714285714286,-0.5234387414587638,2019-06-26,True,True,13.659513888888888,True
311210,018d937e-ea27-712b-b589-66a2265d60d9,JP,2019-10-03 18:07:12,4284.285714285714,8570.0,50.0,JPY,61,2015-11-05,8990.0,JPY,JP,True,False,False,False,False,False,False,1428.0,-4705.714285714286,-0.5234387414587638,2019-10-03,True,True,3.968599537037037,True
311210,018d937e-ea27-712b-b589-66a2265d60d9,JP,2019-10-28 17:23:07,4284.285714285714,8570.0,50.0,JPY,61,2015-11-05,8990.0,JPY,JP,True,False,False,False,False,False,False,1453.0,-4705.714285714286,-0.5234387414587638,2019-10-28,True,True,4.001701388888889,True
311210,018d937e-ea27-712b-b589-66a2265d60d9,JP,2019-11-07 18:21:13,4284.285714285714,8570.0,50.0,JPY,61,2015-11-05,8990.0,JPY,JP,True,False,False,False,False,False,False,1463.0,-4705.714285714286,-0.5234387414587638,2019-11-07,True,True,4.0004282407407405,True
311210,018d937e-ea27-712b-b589-66a2265d60d9,JP,2019-11-26 18:35:25,4284.285714285714,8570.0,50.0,JPY,61,2015-11-05,8990.0,JPY,JP,True,False,False,False,False,False,False,1482.0,-4705.714285714286,-0.5234387414587638,2019-11-26,True,True,6.994421296296296,True
311210,018d937e-ea27-712b-b589-66a2265d60d9,JP,2019-12-19 18:11:58,4284.285714285714,8570.0,50.0,JPY,61,2015-11-05,8990.0,JPY,JP,True,False,False,False,False,False,False,1505.0,-4705.714285714286,-0.5234387414587638,2019-12-19,True,True,14.016493055555555,True
311210,018d937e-ea27-712b-b589-66a2265d60d9,JP,2020-01-23 18:22:27,4284.285714285714,8570.0,50.0,JPY,61,2015-11-05,8990.0,JPY,JP,True,False,False,False,False,False,False,1540.0,-4705.714285714286,-0.5234387414587638,2020-01-23,True,True,4.004004629629629,True
311210,018d937e-ea27-712b-b589-66a2265d60d9,JP,2020-05-07 17:21:20,4284.285714285714,8570.0,50.0,JPY,61,2015-11-05,8990.0,JPY,JP,True,False,False,False,False,False,False,1645.0,-4705.714285714286,-0.5234387414587638,2020-05-07,True,True,12.000034722222223,True
311210,018d937e-ea27-712b-b589-66a2265d60d9,JP,2020-06-25 17:50:16,5141.428571428572,8570.0,40.0,JPY,61,2015-11-05,8990.0,JPY,JP,True,False,False,False,False,False,False,1694.0,-3848.5714285714284,-0.4280947084061656,2020-06-25,True,True,13.984733796296297,True
311210,018d937e-ea27-712b-b589-66a2265d60d9,JP,2021-02-11 19:01:35,5141.428571428572,8570.0,40.0,JPY,61,2015-11-05,8990.0,JPY,JP,True,False,False,False,False,False,False,1925.0,-3848.5714285714284,-0.4280947084061656,2021-02-11,True,True,3.983159722222222,True
311210,018d937e-ea27-712b-b589-66a2265d60d9,PL,2015-11-25 18:14:53,219.07600000000002,263.956,17.0,PLN,61,2015-11-05,258.5,PLN,PL,True,True,True,False,False,False,False,20.0,-39.42399999999998,-0.15251063829787226,2015-11-25,True,True,5.995972222222222,True
311210,018d937e-ea27-712b-b589-66a2265d60d9,PL,2015-12-03 18:09:05,219.07600000000002,263.956,17.0,PLN,61,2015-11-05,258.5,PLN,PL,True,False,False,False,False,False,False,28.0,-39.42399999999998,-0.15251063829787226,2015-12-03,True,True,1.9963657407407407,True
311210,018d937e-ea27-712b-b589-66a2265d60d9,PL,2015-12-17 18:18:16,197.95600000000002,263.956,25.0,PLN,61,2015-11-05,258.5,PLN,PL,True,False,False,False,False,False,False,42.0,-60.54399999999998,-0.23421276595744678,2015-12-17,True,True,18.002418981481483,True
311210,018d937e-ea27-712b-b589-66a2265d60d9,PL,2016-02-05 18:35:06,176.836,263.956,33.0,PLN,61,2015-11-05,258.5,PLN,PL,True,False,False,False,False,False,False,92.0,-81.66399999999999,-0.3159148936170212,2016-02-05,True,True,7.003819444444445,True
311210,018d937e-ea27-712b-b589-66a2265d60d9,PL,2016-02-25 18:18:07,174.19600000000003,263.956,34.0,PLN,61,2015-11-05,258.5,PLN,PL,True,False,False,False,False,False,False,112.0,-84.30399999999997,-0.326127659574468,2016-02-25,True,True,4.0022569444444445,True
311210,018d937e-ea27-712b-b589-66a2265d60d9,PL,2016-04-14 17:17:40,158.35600000000002,263.956,40.0,PLN,61,2015-11-05,258.5,PLN,PL,True,False,False,False,False,False,False,161.0,-100.14399999999998,-0.3874042553191488,2016-04-14,True,True,3.9961921296296294,True
311210,018d937e-ea27-712b-b589-66a2265d60d9,PL,2016-05-12 17:15:08,158.35600000000002,263.956,40.0,PLN,61,2015-11-05,258.5,PLN,PL,True,False,False,False,False,False,False,189.0,-100.14399999999998,-0.3874042553191488,2016-05-12,True,True,3.992233796296296,True
311210,018d937e-ea27-712b-b589-66a2265d60d9,PL,2016-06-23 19:52:57,131.95600000000002,263.956,50.0,PLN,61,2015-11-05,258.5,PLN,PL,True,False,False,False,False,False,False,231.0,-126.54399999999998,-0.4895319148936169,2016-06-23,True,True,10.907233796296296,True
311210,018d937e-ea27-712b-b589-66a2265d60d9,PL,2016-08-04 18:45:04,131.95600000000002,263.956,50.0,PLN,61,2015-11-05,258.5,PLN,PL,True,False,False,False,False,False,False,273.0,-126.54399999999998,-0.4895319148936169,2016-08-04,True,True,3.9583449074074073,True
311210,018d937e-ea27-712b-b589-66a2265d60d9,PL,2016-09-01 17:15:10,131.95600000000002,263.956,50.0,PLN,61,2015-11-05,258.5,PLN,PL,True,False,False,False,False,False,False,301.0,-126.54399999999998,-0.4895319148936169,2016-09-01,True,True,4.041620370370371,True
311210,018d937e-ea27-712b-b589-66a2265d60d9,PL,2016-09-28 02:45:05,131.95600000000002,263.956,50.0,PLN,61,2015-11-05,258.5,PLN,PL,True,False,False,False,False,False,False,328.0,-126.54399999999998,-0.4895319148936169,2016-09-28,True,True,5.604247685185185,True
311210,018d937e-ea27-712b-b589-66a2265d60d9,PL,2016-10-28 18:45:04,131.95600000000002,263.956,50.0,PLN,61,2015-11-05,258.5,PLN,PL,True,False,False,False,False,False,False,358.0,-126.54399999999998,-0.4895319148936169,2016-10-28,True,True,3.958391203703704,True
311210,018d937e-ea27-712b-b589-66a2265d60d9,PL,2016-11-23 21:45:05,131.95600000000002,263.956,50.0,PLN,61,2015-11-05,258.5,PLN,PL,True,False,False,False,False,False,False,384.0,-126.54399999999998,-0.4895319148936169,2016-11-23,True,True,5.895925925925926,True
311210,018d937e-ea27-712b-b589-66a2265d60d9,PL,2016-12-22 21:15:06,131.95600000000002,263.956,50.0,PLN,61,2015-11-05,258.5,PLN,PL,True,False,False,False,False,False,False,413.0,-126.54399999999998,-0.4895319148936169,2016-12-22,True,True,10.895844907407408,True
311210,018d937e-ea27-712b-b589-66a2265d60d9,PL,2017-05-18 17:15:12,131.95600000000002,263.956,50.0,PLN,61,2015-11-05,258.5,PLN,PL,True,False,False,False,False,False,False,560.0,-126.54399999999998,-0.4895319148936169,2017-05-18,True,True,4.020740740740741,True
311210,018d937e-ea27-712b-b589-66a2265d60d9,PL,2017-06-22 22:15:04,131.95600000000002,263.956,50.0,PLN,61,2015-11-05,258.5,PLN,PL,True,False,False,False,False,False,False,595.0,-126.54399999999998,-0.4895319148936169,2017-06-22,True,True,12.854166666666666,True
311210,018d937e-ea27-712b-b589-66a2265d60d9,PL,2017-10-05 18:15:10,219.07600000000002,263.956,17.0,PLN,61,2015-11-05,258.5,PLN,PL,True,False,False,False,False,False,False,700.0,-39.42399999999998,-0.15251063829787226,2017-10-05,True,True,4.00005787037037,True
311210,018d937e-ea27-712b-b589-66a2265d60d9,PL,2017-11-22 21:15:05,211.15600000000003,263.956,20.0,PLN,61,2015-11-05,258.5,PLN,PL,True,False,False,False,False,False,False,748.0,-47.343999999999966,-0.18314893617021266,2017-11-22,True,True,5.9584375,True
311210,018d937e-ea27-712b-b589-66a2265d60d9,PL,2017-12-21 20:45:05,197.95600000000002,263.956,25.0,PLN,61,2015-11-05,258.5,PLN,PL,True,False,False,False,False,False,False,777.0,-60.54399999999998,-0.23421276595744678,2017-12-21,True,True,13.958333333333334,True
311210,018d937e-ea27-712b-b589-66a2265d60d9,PL,2018-02-15 19:45:05,171.556,263.956,35.0,PLN,61,2015-11-05,258.5,PLN,PL,True,False,False,False,False,False,False,833.0,-86.94399999999999,-0.3363404255319149,2018-02-15,True,True,4.04167824074074,True
311210,018d937e-ea27-712b-b589-66a2265d60d9,PL,2018-03-15 19:15:12,197.95600000000002,263.956,25.0,PLN,61,2015-11-05,258.5,PLN,PL,True,False,False,False,False,False,False,861.0,-60.54399999999998,-0.23421276595744678,2018-03-15,True,True,3.9583796296296296,True
311210,018d937e-ea27-712b-b589-66a2265d60d9,PL,2018-06-21 19:07:57,158.35600000000002,263.956,40.0,PLN,61,2015-11-05,258.5,PLN,PL,True,False,False,False,False,False,False,959.0,-100.14399999999998,-0.3874042553191488,2018-06-21,True,True,13.949421296296297,True
311210,018d937e-ea27-712b-b589-66a2265d60d9,PL,2018-09-06 17:18:03,197.95600000000002,263.956,25.0,PLN,61,2015-11-05,258.5,PLN,PL,True,False,False,False,False,False,False,1036.0,-60.54399999999998,-0.23421276595744678,2018-09-06,True,True,4.996111111111111,True
311210,018d937e-ea27-712b-b589-66a2265d60d9,PL,2018-10-29 17:26:38,197.95600000000002,263.956,25.0,PLN,61,2015-11-05,258.5,PLN,PL,True,False,False,False,False,False,False,1089.0,-60.54399999999998,-0.23421276595744678,2018-10-29,True,True,3.2056828703703704,True
311210,018d937e-ea27-712b-b589-66a2265d60d9,PL,2018-11-21 19:25:35,197.95600000000002,263.956,25.0,PLN,61,2015-11-05,258.5,PLN,PL,True,False,False,False,False,False,False,1112.0,-60.54399999999998,-0.23421276595744678,2018-11-21,True,True,6.006284722222222,True
311210,018d937e-ea27-712b-b589-66a2265d60d9,PL,2018-12-20 21:22:31,197.95600000000002,263.956,25.0,PLN,61,2015-11-05,258.5,PLN,PL,True,False,False,False,False,False,False,1141.0,-60.54399999999998,-0.23421276595744678,2018-12-20,True,True,14.108391203703704,True
311210,018d937e-ea27-712b-b589-66a2265d60d9,PL,2019-03-29 11:55:03,131.95600000000002,263.956,50.0,PLN,61,2015-11-05,258.5,PLN,PL,True,False,False,False,False,False,False,1240.0,-126.54399999999998,-0.4895319148936169,2019-03-29,True,True,0.46966435185185185,True
311210,018d937e-ea27-712b-b589-66a2265d60d9,PL,2019-04-01 11:08:57,131.95600000000002,263.956,50.0,PLN,61,2015-11-05,258.5,PLN,PL,True,False,False,False,False,False,False,1243.0,-126.54399999999998,-0.4895319148936169,2019-04-01,True,True,0.26395833333333335,True
311210,018d937e-ea27-712b-b589-66a2265d60d9,PL,2019-04-04 20:07:31,131.95600000000002,263.956,50.0,PLN,61,2015-11-05,258.5,PLN,PL,True,False,False,False,False,False,False,1246.0,-126.54399999999998,-0.4895319148936169,2019-04-04,True,True,3.913298611111111,True
311210,018d937e-ea27-712b-b589-66a2265d60d9,PL,2019-06-25 20:02:12,131.95600000000002,263.956,50.0,PLN,61,2015-11-05,258.5,PLN,PL,True,False,False,False,False,False,False,1328.0,-126.54399999999998,-0.4895319148936169,2019-06-25,True,True,13.959606481481481,True
311210,018d937e-ea27-712b-b589-66a2265d60d9,PL,2019-10-03 18:07:14,131.95600000000002,263.956,50.0,PLN,61,2015-11-05,258.5,PLN,PL,True,False,False,False,False,False,False,1428.0,-126.54399999999998,-0.4895319148936169,2019-10-03,True,True,3.968125,True
311210,018d937e-ea27-712b-b589-66a2265d60d9,PL,2019-10-28 17:59:24,131.95600000000002,263.956,50.0,PLN,61,2015-11-05,258.5,PLN,PL,True,False,False,False,False,False,False,1453.0,-126.54399999999998,-0.4895319148936169,2019-10-28,True,True,3.9747916666666665,True
311210,018d937e-ea27-712b-b589-66a2265d60d9,PL,2019-11-07 18:21:16,131.95600000000002,263.956,50.0,PLN,61,2015-11-05,258.5,PLN,PL,True,False,False,False,False,False,False,1463.0,-126.54399999999998,-0.4895319148936169,2019-11-07,True,True,4.000104166666667,True
311210,018d937e-ea27-712b-b589-66a2265d60d9,PL,2019-11-26 18:23:18,131.95600000000002,263.956,50.0,PLN,61,2015-11-05,258.5,PLN,PL,True,False,False,False,False,False,False,1482.0,-126.54399999999998,-0.4895319148936169,2019-11-26,True,True,7.004861111111111,True
311210,018d937e-ea27-712b-b589-66a2265d60d9,PL,2019-12-19 18:22:30,131.95600000000002,263.956,50.0,PLN,61,2015-11-05,258.5,PLN,PL,True,False,False,False,False,False,False,1505.0,-126.54399999999998,-0.4895319148936169,2019-12-19,True,True,14.009618055555556,True
311210,018d937e-ea27-712b-b589-66a2265d60d9,PL,2020-01-23 18:31:47,131.95600000000002,263.956,50.0,PLN,61,2015-11-05,258.5,PLN,PL,True,False,False,False,False,False,False,1540.0,-126.54399999999998,-0.4895319148936169,2020-01-23,True,True,3.99775462962963,True
311210,018d937e-ea27-712b-b589-66a2265d60d9,PL,2020-05-07 17:21:17,131.95600000000002,263.956,50.0,PLN,61,2015-11-05,258.5,PLN,PL,True,False,False,False,False,False,False,1645.0,-126.54399999999998,-0.4895319148936169,2020-05-07,True,True,12.00017361111111,True
311210,018d937e-ea27-712b-b589-66a2265d60d9,PL,2020-06-25 18:24:46,158.35600000000002,263.956,40.0,PLN,61,2015-11-05,258.5,PLN,PL,True,False,False,False,False,False,False,1694.0,-100.14399999999998,-0.3874042553191488,2020-06-25,True,True,13.962430555555555,True
311210,018d937e-ea27-712b-b589-66a2265d60d9,PL,2021-02-11 19:01:01,158.35600000000002,263.956,40.0,PLN,61,2015-11-05,258.5,PLN,PL,True,False,False,False,False,False,False,1925.0,-100.14399999999998,-0.3874042553191488,2021-02-11,True,True,3.983784722222222,True
311210,018d937e-ea27-712b-b589-66a2265d60d9,TR,2016-02-20 21:05:18,6.265000000000001,6.265000000000001,0.0,USD,61,2015-11-05,59.99,USD,TR,False,True,True,False,False,False,False,107.0,-53.725,-0.8955659276546091,2016-02-20,True,True,,False
311210,018d937e-ea27-712b-b589-66a2265d60d9,TR,2016-02-25 18:12:28,4.1349,6.265000000000001,34.0,USD,61,2015-11-05,59.99,USD,TR,True,False,False,False,False,False,False,112.0,-55.8551,-0.931073512252042,2016-02-25,True,True,4.006145833333333,True
311210,018d937e-ea27-712b-b589-66a2265d60d9,TR,2016-04-14 17:16:30,3.7590000000000003,6.265000000000001,40.0,USD,61,2015-11-05,59.99,USD,TR,True,False,False,False,False,False,False,161.0,-56.231,-0.9373395565927655,2016-04-14,True,True,3.992141203703704,True
311210,018d937e-ea27-712b-b589-66a2265d60d9,TR,2016-05-12 17:22:44,3.7590000000000003,6.265000000000001,40.0,USD,61,2015-11-05,59.99,USD,TR,True,False,False,False,False,False,False,189.0,-56.231,-0.9373395565927655,2016-05-12,True,True,3.986990740740741,True
311210,018d937e-ea27-712b-b589-66a2265d60d9,TR,2016-06-23 18:21:40,3.1325000000000003,6.265000000000001,50.0,USD,61,2015-11-05,59.99,USD,TR,True,False,False,False,False,False,False,231.0,-56.8575,-0.9477829638273045,2016-06-23,True,True,10.955115740740741,True
311210,018d937e-ea27-712b-b589-66a2265d60d9,TR,2016-08-04 19:16:05,3.1325000000000003,6.265000000000001,50.0,USD,61,2015-11-05,59.99,USD,TR,True,False,False,False,False,False,False,273.0,-56.8575,-0.9477829638273045,2016-08-04,True,True,4.0208912037037035,True
311210,018d937e-ea27-712b-b589-66a2265d60d9,TR,2016-09-01 18:46:25,3.1325000000000003,6.265000000000001,50.0,USD,61,2015-11-05,59.99,USD,TR,True,False,False,False,False,False,False,301.0,-56.8575,-0.9477829638273045,2016-09-01,True,True,3.9999421296296296,True
311210,018d937e-ea27-712b-b589-66a2265d60d9,TR,2016-09-28 01:16:32,3.1325000000000003,6.265000000000001,50.0,USD,61,2015-11-05,59.99,USD,TR,True,False,False,False,False,False,False,328.0,-56.8575,-0.9477829638273045,2016-09-28,True,True,5.708634259259259,True
311210,018d937e-ea27-712b-b589-66a2265d60d9,TR,2016-10-28 19:16:21,3.1325000000000003,6.265000000000001,50.0,USD,61,2015-11-05,59.99,USD,TR,True,False,False,False,False,False,False,358.0,-56.8575,-0.9477829638273045,2016-10-28,True,True,3.938263888888889,True
311210,018d937e-ea27-712b-b589-66a2265d60d9,TR,2016-11-23 20:17:17,3.1325000000000003,6.265000000000001,50.0,USD,61,2015-11-05,59.99,USD,TR,True,False,False,False,False,False,False,384.0,-56.8575,-0.9477829638273045,2016-11-23,True,True,6.00005787037037,True
311210,018d937e-ea27-712b-b589-66a2265d60d9,TR,2016-12-22 19:16:59,3.1325000000000003,6.265000000000001,50.0,USD,61,2015-11-05,59.99,USD,TR,True,False,False,False,False,False,False,413.0,-56.8575,-0.9477829638273045,2016-12-22,True,True,11.000509259259259,True
311210,018d937e-ea27-712b-b589-66a2265d60d9,TR,2017-05-18 17:16:50,3.1325000000000003,6.265000000000001,50.0,USD,61,2015-11-05,59.99,USD,TR,True,False,False,False,False,False,False,560.0,-56.8575,-0.9477829638273045,2017-05-18,True,True,4.020625,True
311210,018d937e-ea27-712b-b589-66a2265d60d9,TR,2017-06-22 23:16:09,3.1325000000000003,6.265000000000001,50.0,USD,61,2015-11-05,59.99,USD,TR,True,False,False,False,False,False,False,595.0,-56.8575,-0.9477829638273045,2017-06-22,True,True,12.792569444444444,True
311210,018d937e-ea27-712b-b589-66a2265d60d9,TR,2017-08-29 17:46:04,7.315,7.315,0.0,USD,61,2015-11-05,59.99,USD,TR,False,False,False,True,False,False,False,663.0,-52.675000000000004,-0.8780630105017503,2017-08-29,True,True,,False
311210,018d937e-ea27-712b-b589-66a2265d60d9,TR,2017-10-05 17:17:11,6.0714500000000005,7.315,17.0,USD,61,2015-11-05,59.99,USD,TR,True,False,False,False,False,False,False,700.0,-53.91855,-0.8987922987164527,2017-10-05,True,True,4.061701388888889,True
311210,018d937e-ea27-712b-b589-66a2265d60d9,TR,2017-11-22 23:16:19,5.852,7.315,20.0,USD,61,2015-11-05,59.99,USD,TR,True,False,False,False,False,False,False,748.0,-54.138000000000005,-0.9024504084014002,2017-11-22,True,True,5.792291666666666,True
311210,018d937e-ea27-712b-b589-66a2265d60d9,TR,2017-12-21 18:17:00,5.486250000000001,7.315,25.0,USD,61,2015-11-05,59.99,USD,TR,True,False,False,False,False,False,False,777.0,-54.503750000000004,-0.9085472578763127,2017-12-21,True,True,14.021967592592592,True
311210,018d937e-ea27-712b-b589-66a2265d60d9,TR,2018-02-15 21:28:12,4.7547500000000005,7.315,35.0,USD,61,2015-11-05,59.99,USD,TR,True,False,False,False,False,False,False,833.0,-55.23525,-0.9207409568261377,2018-02-15,True,True,3.978715277777778,True
311210,018d937e-ea27-712b-b589-66a2265d60d9,TR,2018-03-15 19:38:18,5.486250000000001,7.315,25.0,USD,61,2015-11-05,59.99,USD,TR,True,False,False,False,False,False,False,861.0,-54.503750000000004,-0.9085472578763127,2018-03-15,True,True,3.981863425925926,True
311210,018d937e-ea27-712b-b589-66a2265d60d9,TR,2018-06-21 20:21:05,4.389,7.315,40.0,USD,61,2015-11-05,59.99,USD,TR,True,False,False,False,False,False,False,959.0,-55.601,-0.9268378063010502,2018-06-21,True,True,13.904375,True
311210,018d937e-ea27-712b-b589-66a2265d60d9,TR,2018-09-06 17:20:14,5.486250000000001,7.315,25.0,USD,61,2015-11-05,59.99,USD,TR,True,False,False,False,False,False,False,1036.0,-54.503750000000004,-0.9085472578763127,2018-09-06,True,True,4.994525462962963,True
311210,018d937e-ea27-712b-b589-66a2265d60d9,TR,2018-10-29 17:18:21,5.486250000000001,7.315,25.0,USD,61,2015-11-05,59.99,USD,TR,True,False,False,False,False,False,False,1089.0,-54.503750000000004,-0.9085472578763127,2018-10-29,True,True,3.0047569444444444,True
311210,018d937e-ea27-712b-b589-66a2265d60d9,TR,2018-11-21 19:13:59,5.486250000000001,7.315,25.0,USD,61,2015-11-05,59.99,USD,TR,True,False,False,False,False,False,False,1112.0,-54.503750000000004,-0.9085472578763127,2018-11-21,True,True,6.209027777777778,True
311210,018d937e-ea27-712b-b589-66a2265d60d9,TR,2018-12-20 21:01:23,5.486250000000001,7.315,25.0,USD,61,2015-11-05,59.99,USD,TR,True,False,False,False,False,False,False,1141.0,-54.503750000000004,-0.9085472578763127,2018-12-20,True,True,13.909097222222222,True
311210,018d937e-ea27-712b-b589-66a2265d60d9,TR,2019-03-29 11:50:04,3.6575,7.315,50.0,USD,61,2015-11-05,59.99,USD,TR,True,False,False,False,False,False,False,1240.0,-56.3325,-0.9390315052508751,2019-03-29,True,True,0.48528935185185185,True
311210,018d937e-ea27-712b-b589-66a2265d60d9,TR,2019-04-01 11:10:22,3.6575,7.315,50.0,USD,61,2015-11-05,59.99,USD,TR,True,False,False,False,False,False,False,1243.0,-56.3325,-0.9390315052508751,2019-04-01,True,True,0.2760300925925926,True
311210,018d937e-ea27-712b-b589-66a2265d60d9,TR,2019-04-04 19:55:06,3.6575,7.315,50.0,USD,61,2015-11-05,59.99,USD,TR,True,False,False,False,False,False,False,1246.0,-56.3325,-0.9390315052508751,2019-04-04,True,True,3.9130555555555557,True
311210,018d937e-ea27-712b-b589-66a2265d60d9,TR,2019-06-25 20:06:36,3.6575,7.315,50.0,USD,61,2015-11-05,59.99,USD,TR,True,False,False,False,False,False,False,1328.0,-56.3325,-0.9390315052508751,2019-06-25,True,True,13.937002314814816,True
311210,018d937e-ea27-712b-b589-66a2265d60d9,TR,2019-10-03 18:07:15,3.6575,7.315,50.0,USD,61,2015-11-05,59.99,USD,TR,True,False,False,False,False,False,False,1428.0,-56.3325,-0.9390315052508751,2019-10-03,True,True,3.968240740740741,True
311210,018d937e-ea27-712b-b589-66a2265d60d9,TR,2019-10-28 17:57:15,3.6575,7.315,50.0,USD,61,2015-11-05,59.99,USD,TR,True,False,False,False,False,False,False,1453.0,-56.3325,-0.9390315052508751,2019-10-28,True,True,3.9761921296296294,True
311210,018d937e-ea27-712b-b589-66a2265d60d9,TR,2019-11-07 18:21:14,3.6575,7.315,50.0,USD,61,2015-11-05,59.99,USD,TR,True,False,False,False,False,False,False,1463.0,-56.3325,-0.9390315052508751,2019-11-07,True,True,4.000254629629629,True
311210,018d937e-ea27-712b-b589-66a2265d60d9,TR,2019-11-26 18:31:14,3.6575,7.315,50.0,USD,61,2015-11-05,59.99,USD,TR,True,False,False,False,False,False,False,1482.0,-56.3325,-0.9390315052508751,2019-11-26,True,True,6.998541666666667,True
311210,018d937e-ea27-712b-b589-66a2265d60d9,TR,2019-12-19 18:12:35,3.6575,7.315,50.0,USD,61,2015-11-05,59.99,USD,TR,True,False,False,False,False,False,False,1505.0,-56.3325,-0.9390315052508751,2019-12-19,True,True,14.01579861111111,True
311210,018d937e-ea27-712b-b589-66a2265d60d9,TR,2020-01-23 18:32:14,3.6575,7.315,50.0,USD,61,2015-11-05,59.99,USD,TR,True,False,False,False,False,False,False,1540.0,-56.3325,-0.9390315052508751,2020-01-23,True,True,3.996608796296296,True
311210,018d937e-ea27-712b-b589-66a2265d60d9,TR,2020-05-07 17:21:14,3.6575,7.315,50.0,USD,61,2015-11-05,59.99,USD,TR,True,False,False,False,False,False,False,1645.0,-56.3325,-0.9390315052508751,2020-05-07,True,True,12.000104166666667,True
311210,018d937e-ea27-712b-b589-66a2265d60d9,TR,2020-06-25 18:28:20,4.389,7.315,40.0,USD,61,2015-11-05,59.99,USD,TR,True,False,False,False,False,False,False,1694.0,-55.601,-0.9268378063010502,2020-06-25,True,True,13.959340277777779,True
311210,018d937e-ea27-712b-b589-66a2265d60d9,TR,2021-02-11 19:00:57,4.389,7.315,40.0,USD,61,2015-11-05,59.99,USD,TR,True,False,False,False,False,False,False,1925.0,-55.601,-0.9268378063010502,2021-02-11,True,True,3.9779050925925925,True
311210,018d937e-ea27-712b-b589-66a2265d60d9,US,2015-11-25 18:39:58,49.79,59.99,17.0,USD,61,2015-11-05,59.99,USD,US,True,False,False,False,False,False,False,20.0,-10.200000000000003,-0.17002833805634276,2015-11-25,False,False,5.98886574074074,True
311210,018d937e-ea27-712b-b589-66a2265d60d9,US,2015-12-03 18:19:21,49.79,59.99,17.0,USD,61,2015-11-05,59.99,USD,US,True,False,False,False,False,False,False,28.0,-10.200000000000003,-0.17002833805634276,2015-12-03,False,False,1.9973611111111111,True
311210,018d937e-ea27-712b-b589-66a2265d60d9,US,2015-12-17 18:11:11,44.99,59.99,25.0,USD,61,2015-11-05,59.99,USD,US,True,False,False,False,False,False,False,42.0,-15.0,-0.2500416736122687,2015-12-17,False,False,17.999305555555555,True
311210,018d937e-ea27-712b-b589-66a2265d60d9,US,2016-02-05 18:53:32,40.19,59.99,33.0,USD,61,2015-11-05,59.99,USD,US,True,False,False,False,False,False,False,92.0,-19.800000000000004,-0.33005500916819475,2016-02-05,False,False,6.993773148148148,True
311210,018d937e-ea27-712b-b589-66a2265d60d9,US,2016-02-25 18:11:41,39.59,59.99,34.0,USD,61,2015-11-05,59.99,USD,US,True,False,False,False,False,False,False,112.0,-20.4,-0.3400566761126854,2016-02-25,False,False,4.0105208333333335,True
311210,018d937e-ea27-712b-b589-66a2265d60d9,US,2016-04-14 17:10:35,35.99,59.99,40.0,USD,61,2015-11-05,59.99,USD,US,True,False,False,False,False,False,False,161.0,-24.0,-0.4000666777796299,2016-04-14,False,False,4.013194444444444,True
311210,018d937e-ea27-712b-b589-66a2265d60d9,US,2016-05-12 17:15:23,35.99,59.99,40.0,USD,61,2015-11-05,59.99,USD,US,True,False,False,False,False,False,False,189.0,-24.0,-0.4000666777796299,2016-05-12,False,False,4.002986111111111,True
311210,018d937e-ea27-712b-b589-66a2265d60d9,US,2016-06-23 19:14:44,29.99,59.99,50.0,USD,61,2015-11-05,59.99,USD,US,True,False,False,False,False,False,False,231.0,-30.000000000000004,-0.5000833472245374,2016-06-23,False,False,10.882430555555555,True
311210,018d937e-ea27-712b-b589-66a2265d60d9,US,2016-08-04 20:15:27,29.99,59.99,50.0,USD,61,2015-11-05,59.99,USD,US,True,False,False,False,False,False,False,273.0,-30.000000000000004,-0.5000833472245374,2016-08-04,False,False,3.8958564814814816,True
311210,018d937e-ea27-712b-b589-66a2265d60d9,US,2016-09-01 18:15:38,29.99,59.99,50.0,USD,61,2015-11-05,59.99,USD,US,True,False,False,False,False,False,False,301.0,-30.000000000000004,-0.5000833472245374,2016-09-01,False,False,3.9998958333333334,True
311210,018d937e-ea27-712b-b589-66a2265d60d9,US,2016-09-27 23:45:33,29.99,59.99,50.0,USD,61,2015-11-05,59.99,USD,US,True,False,False,False,False,False,False,327.0,-30.000000000000004,-0.5000833472245374,2016-09-27,False,False,5.7710185185185185,True
311210,018d937e-ea27-712b-b589-66a2265d60d9,US,2016-10-28 18:15:28,29.99,59.99,50.0,USD,61,2015-11-05,59.99,USD,US,True,False,False,False,False,False,False,358.0,-30.000000000000004,-0.5000833472245374,2016-10-28,False,False,4.104212962962963,True
311210,018d937e-ea27-712b-b589-66a2265d60d9,US,2016-11-23 21:15:53,29.99,59.99,50.0,USD,61,2015-11-05,59.99,USD,US,True,False,False,False,False,False,False,384.0,-30.000000000000004,-0.5000833472245374,2016-11-23,False,False,5.979074074074074,True
311210,018d937e-ea27-712b-b589-66a2265d60d9,US,2016-12-22 19:46:12,29.99,59.99,50.0,USD,61,2015-11-05,59.99,USD,US,True,False,False,False,False,False,False,413.0,-30.000000000000004,-0.5000833472245374,2016-12-22,False,False,10.979224537037037,True
311210,018d937e-ea27-712b-b589-66a2265d60d9,US,2017-05-18 20:15:28,29.99,59.99,50.0,USD,61,2015-11-05,59.99,USD,US,True,False,False,False,False,False,False,560.0,-30.000000000000004,-0.5000833472245374,2017-05-18,False,False,3.916724537037037,True
311210,018d937e-ea27-712b-b589-66a2265d60d9,US,2017-05-30 23:45:21,14.99,14.99,0.0,USD,61,2015-11-05,59.99,USD,US,False,False,False,True,False,False,False,572.0,-45.0,-0.7501250208368061,2017-05-30,False,False,,False
311210,018d937e-ea27-712b-b589-66a2265d60d9,US,2017-05-31 02:15:32,59.99,59.99,0.0,USD,61,2015-11-05,59.99,USD,US,False,False,False,True,False,False,False,573.0,0.0,0.0,2017-05-31,False,False,,False
311210,018d937e-ea27-712b-b589-66a2265d60d9,US,2017-06-23 01:15:26,29.99,59.99,50.0,USD,61,2015-11-05,59.99,USD,US,True,False,False,False,False,False,False,596.0,-30.000000000000004,-0.5000833472245374,2017-06-23,False,False,12.688043981481481,True
311210,018d937e-ea27-712b-b589-66a2265d60d9,US,2017-10-05 19:45:24,49.79,59.99,17.0,USD,61,2015-11-05,59.99,USD,US,True,False,False,False,False,False,False,700.0,-10.200000000000003,-0.17002833805634276,2017-10-05,False,False,3.937777777777778,True
311210,018d937e-ea27-712b-b589-66a2265d60d9,US,2017-11-22 21:45:27,47.99,59.99,20.0,USD,61,2015-11-05,59.99,USD,US,True,False,False,False,False,False,False,748.0,-12.0,-0.200033338889815,2017-11-22,False,False,5.875497685185185,True
311210,018d937e-ea27-712b-b589-66a2265d60d9,US,2017-12-21 21:15:32,44.99,59.99,25.0,USD,61,2015-11-05,59.99,USD,US,True,False,False,False,False,False,False,777.0,-15.0,-0.2500416736122687,2017-12-21,False,False,13.91724537037037,True
311210,018d937e-ea27-712b-b589-66a2265d60d9,US,2018-02-15 18:49:33,38.99,59.99,35.0,USD,61,2015-11-05,59.99,USD,US,True,False,False,False,False,False,False,833.0,-21.0,-0.3500583430571762,2018-02-15,False,False,4.02099537037037,True
311210,018d937e-ea27-712b-b589-66a2265d60d9,US,2018-03-15 19:51:27,44.99,59.99,25.0,USD,61,2015-11-05,59.99,USD,US,True,False,False,False,False,False,False,861.0,-15.0,-0.2500416736122687,2018-03-15,False,False,4.083020833333333,True
311210,018d937e-ea27-712b-b589-66a2265d60d9,US,2018-06-22 07:35:06,35.99,59.99,40.0,USD,61,2015-11-05,59.99,USD,US,True,False,False,False,False,False,False,960.0,-24.0,-0.4000666777796299,2018-06-22,False,False,13.451944444444445,True
311210,018d937e-ea27-712b-b589-66a2265d60d9,US,2018-09-06 19:33:39,44.99,59.99,25.0,USD,61,2015-11-05,59.99,USD,US,True,False,False,False,False,False,False,1036.0,-15.0,-0.2500416736122687,2018-09-06,False,False,4.905925925925926,True
311210,018d937e-ea27-712b-b589-66a2265d60d9,US,2018-10-30 02:11:21,44.99,59.99,25.0,USD,61,2015-11-05,59.99,USD,US,True,False,False,False,False,False,False,1090.0,-15.0,-0.2500416736122687,2018-10-30,False,False,2.64537037037037,True
311210,018d937e-ea27-712b-b589-66a2265d60d9,US,2018-11-21 19:24:28,44.99,59.99,25.0,USD,61,2015-11-05,59.99,USD,US,True,False,False,False,False,False,False,1112.0,-15.0,-0.2500416736122687,2018-11-21,False,False,5.988113425925926,True
311210,018d937e-ea27-712b-b589-66a2265d60d9,US,2018-12-20 22:04:46,44.99,59.99,25.0,USD,61,2015-11-05,59.99,USD,US,True,False,False,False,False,False,False,1141.0,-15.0,-0.2500416736122687,2018-12-20,False,False,13.908194444444444,True
311210,018d937e-ea27-712b-b589-66a2265d60d9,US,2019-03-29 11:44:59,29.99,59.99,50.0,USD,61,2015-11-05,59.99,USD,US,True,False,False,False,False,False,False,1240.0,-30.000000000000004,-0.5000833472245374,2019-03-29,False,False,0.4237384259259259,True
311210,018d937e-ea27-712b-b589-66a2265d60d9,US,2019-04-01 12:34:57,29.99,59.99,50.0,USD,61,2015-11-05,59.99,USD,US,True,False,False,False,False,False,False,1243.0,-30.000000000000004,-0.5000833472245374,2019-04-01,False,False,0.2192824074074074,True
311210,018d937e-ea27-712b-b589-66a2265d60d9,US,2019-04-05 00:01:12,29.99,59.99,50.0,USD,61,2015-11-05,59.99,USD,US,True,False,False,False,False,False,False,1247.0,-30.000000000000004,-0.5000833472245374,2019-04-05,False,False,3.8080671296296296,True
311210,018d937e-ea27-712b-b589-66a2265d60d9,US,2019-06-26 03:23:31,29.99,59.99,50.0,USD,61,2015-11-05,59.99,USD,US,True,False,False,False,False,False,False,1329.0,-30.000000000000004,-0.5000833472245374,2019-06-26,False,False,13.659513888888888,True
311210,018d937e-ea27-712b-b589-66a2265d60d9,US,2019-10-03 18:07:12,29.99,59.99,50.0,USD,61,2015-11-05,59.99,USD,US,True,False,False,False,False,False,False,1428.0,-30.000000000000004,-0.5000833472245374,2019-10-03,False,False,3.968599537037037,True
311210,018d937e-ea27-712b-b589-66a2265d60d9,US,2019-10-28 17:23:07,29.99,59.99,50.0,USD,61,2015-11-05,59.99,USD,US,True,False,False,False,False,False,False,1453.0,-30.000000000000004,-0.5000833472245374,2019-10-28,False,False,4.001701388888889,True
311210,018d937e-ea27-712b-b589-66a2265d60d9,US,2019-11-07 18:21:13,29.99,59.99,50.0,USD,61,2015-11-05,59.99,USD,US,True,False,False,False,False,False,False,1463.0,-30.000000000000004,-0.5000833472245374,2019-11-07,False,False,4.0004282407407405,True
311210,018d937e-ea27-712b-b589-66a2265d60d9,US,2019-11-26 18:35:25,29.99,59.99,50.0,USD,61,2015-11-05,59.99,USD,US,True,False,False,False,False,False,False,1482.0,-30.000000000000004,-0.5000833472245374,2019-11-26,False,False,6.994421296296296,True
311210,018d937e-ea27-712b-b589-66a2265d60d9,US,2019-12-19 18:11:58,29.99,59.99,50.0,USD,61,2015-11-05,59.99,USD,US,True,False,False,False,False,False,False,1505.0,-30.000000000000004,-0.5000833472245374,2019-12-19,False,False,14.016493055555555,True
311210,018d937e-ea27-712b-b589-66a2265d60d9,US,2020-01-23 18:22:27,29.99,59.99,50.0,USD,61,2015-11-05,59.99,USD,US,True,False,False,False,False,False,False,1540.0,-30.000000000000004,-0.5000833472245374,2020-01-23,False,False,4.004004629629629,True
311210,018d937e-ea27-712b-b589-66a2265d60d9,US,2020-05-07 17:21:20,29.99,59.99,50.0,USD,61,2015-11-05,59.99,USD,US,True,False,False,False,False,False,False,1645.0,-30.000000000000004,-0.5000833472245374,2020-05-07,False,False,12.000034722222223,True
311210,018d937e-ea27-712b-b589-66a2265d60d9,US,2020-06-25 17:50:16,35.99,59.99,40.0,USD,61,2015-11-05,59.99,USD,US,True,False,False,False,False,False,False,1694.0,-24.0,-0.4000666777796299,2020-06-25,False,False,13.984733796296297,True
311210,018d937e-ea27-712b-b589-66a2265d60d9,US,2021-02-11 19:01:35,35.99,59.99,40.0,USD,61,2015-11-05,59.99,USD,US,True,False,False,False,False,False,False,1925.0,-24.0,-0.4000666777796299,2021-02-11,False,False,3.983159722222222,True
3164500,019172e3-4305-708c-8efc-3beb3c180cf1,AR,2025-03-24 22:18:28,16.99,19.99,15.0,USD,61,2025-03-24,10.49,USD,AR,True,False,False,False,True,True,False,0.0,6.499999999999998,0.6196377502383221,2025-03-24,False,False,6.802129629629629,True
3164500,019172e3-4305-708c-8efc-3beb3c180cf1,AR,2025-06-26 22:10:40,13.99,19.99,30.0,USD,61,2025-03-24,10.49,USD,AR,True,False,False,False,False,False,False,94.0,3.5,0.3336510962821735,2025-06-26,False,False,13.843935185185185,True
3164500,019172e3-4305-708c-8efc-3beb3c180cf1,AR,2025-09-04 17:19:20,13.99,19.99,30.0,USD,61,2025-03-24,10.49,USD,AR,True,False,False,False,False,False,False,164.0,3.5,0.3336510962821735,2025-09-04,False,False,6.999456018518519,True
3164500,019172e3-4305-708c-8efc-3beb3c180cf1,AR,2025-09-29 20:41:45,13.99,19.99,30.0,USD,61,2025-03-24,10.49,USD,AR,True,False,False,False,False,False,False,189.0,3.5,0.3336510962821735,2025-09-29,False,False,6.910266203703704,True
3164500,019172e3-4305-708c-8efc-3beb3c180cf1,AU,2025-03-24 22:18:03,25.07,29.5,15.0,AUD,61,2025-03-24,29.5,AUD,AU,True,False,False,False,True,True,False,0.0,-4.43,-0.1501694915254237,2025-03-24,False,False,6.802453703703704,True
3164500,019172e3-4305-708c-8efc-3beb3c180cf1,AU,2025-07-07 22:36:28,20.65,29.5,30.0,AUD,61,2025-03-24,29.5,AUD,AU,True,False,False,False,False,False,False,105.0,-8.850000000000001,-0.30000000000000004,2025-07-07,False,False,2.824189814814815,True
3164500,019172e3-4305-708c-8efc-3beb3c180cf1,AU,2025-09-04 17:18:58,20.65,29.5,30.0,AUD,61,2025-03-24,29.5,AUD,AU,True,False,False,False,False,False,False,164.0,-8.850000000000001,-0.30000000000000004,2025-09-04,False,False,6.999780092592593,True
3164500,019172e3-4305-708c-8efc-3beb3c180cf1,AU,2025-09-29 20:36:05,20.65,29.5,30.0,AUD,61,2025-03-24,29.5,AUD,AU,True,False,False,False,False,False,False,189.0,-8.850000000000001,-0.30000000000000004,2025-09-29,False,False,6.914236111111111,True
3164500,019172e3-4305-708c-8efc-3beb3c180cf1,BR,2025-03-24 22:18:15,50.99,59.99,15.0,BRL,61,2025-03-24,59.99,BRL,BR,True,False,False,False,True,True,False,0.0,-9.0,-0.1500250041673612,2025-03-24,False,False,6.801076388888889,True
3164500,019172e3-4305-708c-8efc-3beb3c180cf1,BR,2025-06-26 22:12:16,41.99,59.99,30.0,BRL,61,2025-03-24,59.99,BRL,BR,True,False,False,False,False,False,False,94.0,-18.0,-0.3000500083347224,2025-06-26,False,False,13.841111111111111,True
3164500,019172e3-4305-708c-8efc-3beb3c180cf1,BR,2025-09-04 17:18:52,41.99,59.99,30.0,BRL,61,2025-03-24,59.99,BRL,BR,True,False,False,False,False,False,False,164.0,-18.0,-0.3000500083347224,2025-09-04,False,False,7.000300925925926,True
3164500,019172e3-4305-708c-8efc-3beb3c180cf1,BR,2025-09-29 20:41:42,41.99,59.99,30.0,BRL,61,2025-03-24,59.99,BRL,BR,True,False,False,False,False,False,False,189.0,-18.0,-0.3000500083347224,2025-09-29,False,False,6.9122106481481485,True
3164500,019172e3-4305-708c-8efc-3beb3c180cf1,CA,2025-03-24 22:18:10,22.09,25.99,15.0,CAD,61,2025-03-24,25.99,CAD,CA,True,False,False,False,True,True,False,0.0,-3.8999999999999986,-0.15005771450557903,2025-03-24,False,False,6.802465277777777,True
3164500,019172e3-4305-708c-8efc-3beb3c180cf1,CA,2025-06-26 22:04:55,18.19,25.99,30.0,CAD,61,2025-03-24,25.99,CAD,CA,True,False,False,False,False,False,False,94.0,-7.799999999999997,-0.30011542901115806,2025-06-26,False,False,13.848171296296297,True
3164500,019172e3-4305-708c-8efc-3beb3c180cf1,CA,2025-09-04 17:19:26,18.19,25.99,30.0,CAD,61,2025-03-24,25.99,CAD,CA,True,False,False,False,False,False,False,164.0,-7.799999999999997,-0.30011542901115806,2025-09-04,False,False,6.999965277777778,True
3164500,019172e3-4305-708c-8efc-3beb3c180cf1,CA,2025-09-29 20:42:03,18.19,25.99,30.0,CAD,61,2025-03-24,25.99,CAD,CA,True,False,False,False,False,False,False,189.0,-7.799999999999997,-0.30011542901115806,2025-09-29,False,False,6.90994212962963,True
3164500,019172e3-4305-708c-8efc-3beb3c180cf1,CN,2025-03-24 22:18:16,64.6,76.0,15.0,CNY,61,2025-03-24,76.0,CNY,CN,True,False,False,False,True,True,False,0.0,-11.400000000000006,-0.15000000000000002,2025-03-24,False,False,6.802175925925926,True
3164500,019172e3-4305-708c-8efc-3beb3c180cf1,CN,2025-06-26 22:07:09,53.2,76.0,30.0,CNY,61,2025-03-24,76.0,CNY,CN,True,False,False,False,False,False,False,94.0,-22.799999999999997,-0.29999999999999993,2025-06-26,False,False,13.842291666666666,True
3164500,019172e3-4305-708c-8efc-3beb3c180cf1,CN,2025-09-04 17:19:03,53.2,76.0,30.0,CNY,61,2025-03-24,76.0,CNY,CN,True,False,False,False,False,False,False,164.0,-22.799999999999997,-0.29999999999999993,2025-09-04,False,False,6.9998148148148145,True
3164500,019172e3-4305-708c-8efc-3beb3c180cf1,CN,2025-09-29 20:29:50,53.2,76.0,30.0,CNY,61,2025-03-24,76.0,CNY,CN,True,False,False,False,False,False,False,189.0,-22.799999999999997,-0.29999999999999993,2025-09-29,False,False,6.9142476851851855,True
3164500,019172e3-4305-708c-8efc-3beb3c180cf1,DE,2025-03-24 22:18:31,16.57,19.5,15.0,EUR,61,2025-03-24,19.5,EUR,DE,True,False,False,False,True,True,False,0.0,-2.9299999999999997,-0.15025641025641023,2025-03-24,False,False,6.802696759259259,True
3164500,019172e3-4305-708c-8efc-3beb3c180cf1,DE,2025-06-26 22:06:03,13.65,19.5,30.0,EUR,61,2025-03-24,19.5,EUR,DE,True,False,False,False,False,False,False,94.0,-5.85,-0.29999999999999993,2025-06-26,False,False,13.845162037037037,True
3164500,019172e3-4305-708c-8efc-3beb3c180cf1,DE,2025-09-04 17:19:52,13.65,19.5,30.0,EUR,61,2025-03-24,19.5,EUR,DE,True,False,False,False,False,False,False,164.0,-5.85,-0.29999999999999993,2025-09-04,False,False,6.999525462962963,True
3164500,019172e3-4305-708c-8efc-3beb3c180cf1,DE,2025-09-29 20:23:51,13.65,19.5,30.0,EUR,61,2025-03-24,19.5,EUR,DE,True,False,False,False,False,False,False,189.0,-5.85,-0.29999999999999993,2025-09-29,False,False,6.920289351851852,True
3164500,019172e3-4305-708c-8efc-3beb3c180cf1,FR,2025-03-24 22:18:31,16.57,19.5,15.0,EUR,61,2025-03-24,19.5,EUR,FR,True,False,False,False,True,True,False,0.0,-2.9299999999999997,-0.15025641025641023,2025-03-24,False,False,6.802696759259259,True
3164500,019172e3-4305-708c-8efc-3beb3c180cf1,FR,2025-06-26 22:06:03,13.65,19.5,30.0,EUR,61,2025-03-24,19.5,EUR,FR,True,False,False,False,False,False,False,94.0,-5.85,-0.29999999999999993,2025-06-26,False,False,13.845162037037037,True
3164500,019172e3-4305-708c-8efc-3beb3c180cf1,FR,2025-09-04 17:19:52,13.65,19.5,30.0,EUR,61,2025-03-24,19.5,EUR,FR,True,False,False,False,False,False,False,164.0,-5.85,-0.29999999999999993,2025-09-04,False,False,6.999525462962963,True
3164500,019172e3-4305-708c-8efc-3beb3c180cf1,FR,2025-09-29 20:23:51,13.65,19.5,30.0,EUR,61,2025-03-24,19.5,EUR,FR,True,False,False,False,False,False,False,189.0,-5.85,-0.29999999999999993,2025-09-29,False,False,6.920289351851852,True
3164500,019172e3-4305-708c-8efc-3beb3c180cf1,GB,2025-03-24 22:18:17,14.23,16.75,15.0,GBP,61,2025-03-24,16.75,GBP,GB,True,False,False,False,True,True,False,0.0,-2.5199999999999996,-0.1504477611940298,2025-03-24,False,False,6.802743055555555,True
3164500,019172e3-4305-708c-8efc-3beb3c180cf1,GB,2025-06-26 22:07:28,11.72,16.75,30.0,GBP,61,2025-03-24,16.75,GBP,GB,True,False,False,False,False,False,False,94.0,-5.029999999999999,-0.3002985074626865,2025-06-26,False,False,13.844351851851853,True
3164500,019172e3-4305-708c-8efc-3beb3c180cf1,GB,2025-09-04 17:18:42,11.72,16.75,30.0,GBP,61,2025-03-24,16.75,GBP,GB,True,False,False,False,False,False,False,164.0,-5.029999999999999,-0.3002985074626865,2025-09-04,False,False,7.0003472222222225,True
3164500,019172e3-4305-708c-8efc-3beb3c180cf1,GB,2025-09-29 20:35:20,11.72,16.75,30.0,GBP,61,2025-03-24,16.75,GBP,GB,True,False,False,False,False,False,False,189.0,-5.029999999999999,-0.3002985074626865,2025-09-29,False,False,6.91050925925926,True
3164500,019172e3-4305-708c-8efc-3beb3c180cf1,JP,2025-03-24 22:18:28,1955.0,2300.0,15.0,JPY,61,2025-03-24,2300.0,JPY,JP,True,False,False,False,True,True,False,0.0,-345.0,-0.15000000000000002,2025-03-24,False,False,6.8022685185185185,True
3164500,019172e3-4305-708c-8efc-3beb3c180cf1,JP,2025-06-26 22:49:54,1610.0,2300.0,30.0,JPY,61,2025-03-24,2300.0,JPY,JP,True,False,False,False,False,False,False,94.0,-690.0,-0.30000000000000004,2025-06-26,False,False,13.843622685185185,True
3164500,019172e3-4305-708c-8efc-3beb3c180cf1,JP,2025-09-04 17:21:30,1610.0,2300.0,30.0,JPY,61,2025-03-24,2300.0,JPY,JP,True,False,False,False,False,False,False,164.0,-690.0,-0.30000000000000004,2025-09-04,False,False,6.9991666666666665,True
3164500,019172e3-4305-708c-8efc-3beb3c180cf1,JP,2025-09-29 21:10:33,1610.0,2300.0,30.0,JPY,61,2025-03-24,2300.0,JPY,JP,True,False,False,False,False,False,False,189.0,-690.0,-0.30000000000000004,2025-09-29,False,False,6.903981481481481,True
3164500,019172e3-4305-708c-8efc-3beb3c180cf1,PL,2025-03-24 22:18:31,68.82923076923078,81.0,15.0,PLN,61,2025-03-24,91.99,PLN,PL,True,True,True,False,True,True,False,0.0,-23.16076923076922,-0.25177485847123837,2025-03-24,True,True,6.802696759259259,True
3164500,019172e3-4305-708c-8efc-3beb3c180cf1,PL,2025-06-26 22:06:03,57.2764705882353,81.82352941176471,30.0,PLN,61,2025-03-24,91.99,PLN,PL,True,False,False,False,False,False,False,94.0,-34.713529411764696,-0.3773619894745591,2025-06-26,True,True,13.845162037037037,True
3164500,019172e3-4305-708c-8efc-3beb3c180cf1,PL,2025-09-04 17:19:52,57.2764705882353,81.82352941176471,30.0,PLN,61,2025-03-24,91.99,PLN,PL,True,False,False,False,False,False,False,164.0,-34.713529411764696,-0.3773619894745591,2025-09-04,True,True,6.999525462962963,True
3164500,019172e3-4305-708c-8efc-3beb3c180cf1,PL,2025-09-29 20:23:51,57.2764705882353,81.82352941176471,30.0,PLN,61,2025-03-24,91.99,PLN,PL,True,False,False,False,False,False,False,189.0,-34.713529411764696,-0.3773619894745591,2025-09-29,True,True,6.920289351851852,True
3164500,019172e3-4305-708c-8efc-3beb3c180cf1,TR,2025-03-24 22:18:03,8.91,10.49,15.0,USD,61,2025-03-24,10.49,USD,TR,True,False,False,False,True,True,False,0.0,-1.58,-0.15061963775023834,2025-03-24,False,False,6.802928240740741,True
3164500,019172e3-4305-708c-8efc-3beb3c180cf1,TR,2025-06-26 18:03:51,7.34,10.49,30.0,USD,61,2025-03-24,10.49,USD,TR,True,False,False,False,False,False,False,94.0,-3.1500000000000004,-0.3002859866539562,2025-06-26,False,False,14.013634259259259,True
3164500,019172e3-4305-708c-8efc-3beb3c180cf1,TR,2025-09-04 17:16:28,7.34,10.49,30.0,USD,61,2025-03-24,10.49,USD,TR,True,False,False,False,False,False,False,164.0,-3.1500000000000004,-0.3002859866539562,2025-09-04,False,False,7.0016087962962965,True
3164500,019172e3-4305-708c-8efc-3beb3c180cf1,TR,2025-09-29 20:41:48,7.34,10.49,30.0,USD,61,2025-03-24,10.49,USD,TR,True,False,False,False,False,False,False,189.0,-3.1500000000000004,-0.3002859866539562,2025-09-29,False,False,6.907974537037037,True
3164500,019172e3-4305-708c-8efc-3beb3c180cf1,US,2025-03-24 22:18:28,16.99,19.99,15.0,USD,61,2025-03-24,19.99,USD,US,True,False,False,False,True,True,False,0.0,-3.0,-0.1500750375187594,2025-03-24,False,False,6.802129629629629,True
3164500,019172e3-4305-708c-8efc-3beb3c180cf1,US,2025-06-26 22:10:40,13.99,19.99,30.0,USD,61,2025-03-24,19.99,USD,US,True,False,False,False,False,False,False,94.0,-5.999999999999998,-0.30015007503751867,2025-06-26,False,False,13.843935185185185,True
3164500,019172e3-4305-708c-8efc-3beb3c180cf1,US,2025-09-04 17:19:20,13.99,19.99,30.0,USD,61,2025-03-24,19.99,USD,US,True,False,False,False,False,False,False,164.0,-5.999999999999998,-0.30015007503751867,2025-09-04,False,False,6.999456018518519,True
3164500,019172e3-4305-708c-8efc-3beb3c180cf1,US,2025-09-29 20:41:45,13.99,19.99,30.0,USD,61,2025-03-24,19.99,USD,US,True,False,False,False,False,False,False,189.0,-5.999999999999998,-0.30015007503751867,2025-09-29,False,False,6.910266203703704,True
3230400,01966852-d77a-70be-908d-d912a07b3892,AR,2025-08-28 17:33:21,97.98,97.98,0.0,USD,61,2025-08-14,69.99,USD,AR,False,False,False,False,False,False,False,14.0,27.99000000000001,0.3999142734676384,2025-08-28,False,False,,False
3230400,01966852-d77a-70be-908d-d912a07b3892,AR,2025-09-15 17:31:35,83.28,97.98,15.0,USD,61,2025-08-14,69.99,USD,AR,True,False,False,False,False,False,False,32.0,13.290000000000006,0.18988426918131163,2025-09-15,False,False,21.04232638888889,True
3230400,01966852-d77a-70be-908d-d912a07b3892,AR,2025-09-15 17:36:45,48.99,69.99,30.0,USD,61,2025-08-14,69.99,USD,AR,True,False,False,False,False,False,False,32.0,-20.999999999999993,-0.3000428632661808,2025-09-15,False,False,,False
3230400,01966852-d77a-70be-908d-d912a07b3892,AR,2025-10-06 18:32:55,97.98,97.98,0.0,USD,61,2025-08-14,69.99,USD,AR,False,False,False,True,False,False,False,53.0,27.99000000000001,0.3999142734676384,2025-10-06,False,False,,False
3230400,01966852-d77a-70be-908d-d912a07b3892,AU,2025-08-28 17:33:12,153.92,153.92,0.0,AUD,61,2025-08-14,109.95,AUD,AU,False,False,False,False,False,False,False,14.0,43.969999999999985,0.39990904956798534,2025-08-28,False,False,,False
3230400,01966852-d77a-70be-908d-d912a07b3892,AU,2025-09-15 17:32:20,130.83,153.92,15.0,AUD,61,2025-08-14,109.95,AUD,AU,True,False,False,False,False,False,False,32.0,20.88000000000001,0.18990450204638476,2025-09-15,False,False,21.041828703703704,True
3230400,01966852-d77a-70be-908d-d912a07b3892,AU,2025-09-15 17:35:57,76.96,109.95,30.0,AUD,61,2025-08-14,109.95,AUD,AU,True,False,False,False,False,False,False,32.0,-32.99000000000001,-0.30004547521600733,2025-09-15,False,False,,False
3230400,01966852-d77a-70be-908d-d912a07b3892,AU,2025-10-06 18:32:57,153.92,153.92,0.0,AUD,61,2025-08-14,109.95,AUD,AU,False,False,False,True,False,False,False,53.0,43.969999999999985,0.39990904956798534,2025-10-06,False,False,,False
3230400,01966852-d77a-70be-908d-d912a07b3892,BR,2025-08-28 17:33:29,418.6,418.6,0.0,BRL,61,2025-08-14,299.0,BRL,BR,False,False,False,False,False,False,False,14.0,119.60000000000002,0.40000000000000013,2025-08-28,False,False,,False
3230400,01966852-d77a-70be-908d-d912a07b3892,BR,2025-09-15 17:31:11,355.81,418.6,15.0,BRL,61,2025-08-14,299.0,BRL,BR,True,False,False,False,False,False,False,32.0,56.81,0.18999999999999995,2025-09-15,False,False,21.044502314814814,True
3230400,01966852-d77a-70be-908d-d912a07b3892,BR,2025-09-15 17:37:27,209.3,299.0,30.0,BRL,61,2025-08-14,299.0,BRL,BR,True,False,False,False,False,False,False,32.0,-89.69999999999999,-0.29999999999999993,2025-09-15,False,False,,False
3230400,01966852-d77a-70be-908d-d912a07b3892,BR,2025-10-06 18:35:42,418.6,418.6,0.0,BRL,61,2025-08-14,299.0,BRL,BR,False,False,False,True,False,False,False,53.0,119.60000000000002,0.40000000000000013,2025-10-06,False,False,,False
3230400,01966852-d77a-70be-908d-d912a07b3892,CA,2025-08-28 17:33:23,125.98,125.98,0.0,CAD,61,2025-08-14,89.99,CAD,CA,False,False,False,False,False,False,False,14.0,35.99000000000001,0.399933325925103,2025-08-28,False,False,,False
3230400,01966852-d77a-70be-908d-d912a07b3892,CA,2025-09-15 17:31:43,107.08,125.98,15.0,CAD,61,2025-08-14,89.99,CAD,CA,True,False,False,False,False,False,False,32.0,17.090000000000003,0.18990998999888875,2025-09-15,False,False,21.042106481481483,True
3230400,01966852-d77a-70be-908d-d912a07b3892,CA,2025-09-15 17:36:40,62.99,89.99,30.0,CAD,61,2025-08-14,89.99,CAD,CA,True,False,False,False,False,False,False,32.0,-26.999999999999993,-0.3000333370374485,2025-09-15,False,False,,False
3230400,01966852-d77a-70be-908d-d912a07b3892,CA,2025-10-06 18:32:46,125.98,125.98,0.0,CAD,61,2025-08-14,89.99,CAD,CA,False,False,False,True,False,False,False,53.0,35.99000000000001,0.399933325925103,2025-10-06,False,False,,False
3230400,01966852-d77a-70be-908d-d912a07b3892,CN,2025-08-28 17:33:06,487.2,487.2,0.0,CNY,61,2025-08-14,348.0,CNY,CN,False,False,False,False,False,False,False,14.0,139.2,0.3999999999999999,2025-08-28,False,False,,False
3230400,01966852-d77a-70be-908d-d912a07b3892,CN,2025-09-15 17:31:10,414.12,487.2,15.0,CNY,61,2025-08-14,348.0,CNY,CN,True,False,False,False,False,False,False,32.0,66.12,0.18999999999999995,2025-09-15,False,False,21.038344907407406,True
3230400,01966852-d77a-70be-908d-d912a07b3892,CN,2025-09-15 17:36:57,243.6,348.0,30.0,CNY,61,2025-08-14,348.0,CNY,CN,True,False,False,False,False,False,False,32.0,-104.4,-0.30000000000000004,2025-09-15,False,False,,False
3230400,01966852-d77a-70be-908d-d912a07b3892,CN,2025-10-06 18:26:46,487.2,487.2,0.0,CNY,61,2025-08-14,348.0,CNY,CN,False,False,False,True,False,False,False,53.0,139.2,0.3999999999999999,2025-10-06,False,False,,False
3230400,01966852-d77a-70be-908d-d912a07b3892,DE,2025-08-28 17:33:06,97.98,97.98,0.0,EUR,61,2025-08-14,69.99,EUR,DE,False,False,False,False,False,False,False,14.0,27.99000000000001,0.3999142734676384,2025-08-28,False,False,,False
3230400,01966852-d77a-70be-908d-d912a07b3892,DE,2025-09-15 17:31:11,83.28,97.98,15.0,EUR,61,2025-08-14,69.99,EUR,DE,True,False,False,False,False,False,False,32.0,13.290000000000006,0.18988426918131163,2025-09-15,False,False,21.04023148148148,True
3230400,01966852-d77a-70be-908d-d912a07b3892,DE,2025-09-15 17:37:20,48.99,69.99,30.0,EUR,61,2025-08-14,69.99,EUR,DE,True,False,False,False,False,False,False,32.0,-20.999999999999993,-0.3000428632661808,2025-09-15,False,False,,False
3230400,01966852-d77a-70be-908d-d912a07b3892,DE,2025-10-06 18:29:33,97.98,97.98,0.0,EUR,61,2025-08-14,69.99,EUR,DE,False,False,False,True,False,False,False,53.0,27.99000000000001,0.3999142734676384,2025-10-06,False,False,,False
3230400,01966852-d77a-70be-908d-d912a07b3892,FR,2025-08-28 17:33:06,97.98,97.98,0.0,EUR,61,2025-08-14,69.99,EUR,FR,False,False,False,False,False,False,False,14.0,27.99000000000001,0.3999142734676384,2025-08-28,False,False,,False
3230400,01966852-d77a-70be-908d-d912a07b3892,FR,2025-09-15 17:31:11,83.28,97.98,15.0,EUR,61,2025-08-14,69.99,EUR,FR,True,False,False,False,False,False,False,32.0,13.290000000000006,0.18988426918131163,2025-09-15,False,False,21.04023148148148,True
3230400,01966852-d77a-70be-908d-d912a07b3892,FR,2025-09-15 17:37:20,48.99,69.99,30.0,EUR,61,2025-08-14,69.99,EUR,FR,True,False,False,False,False,False,False,32.0,-20.999999999999993,-0.3000428632661808,2025-09-15,False,False,,False
3230400,01966852-d77a-70be-908d-d912a07b3892,FR,2025-10-06 18:29:33,97.98,97.98,0.0,EUR,61,2025-08-14,69.99,EUR,FR,False,False,False,True,False,False,False,53.0,27.99000000000001,0.3999142734676384,2025-10-06,False,False,,False
3230400,01966852-d77a-70be-908d-d912a07b3892,GB,2025-08-28 17:33:18,83.98,83.98,0.0,GBP,61,2025-08-14,59.99,GBP,GB,False,False,False,False,False,False,False,14.0,23.990000000000002,0.3998999833305552,2025-08-28,False,False,,False
3230400,01966852-d77a-70be-908d-d912a07b3892,GB,2025-09-15 17:36:47,71.38,83.98,15.0,GBP,61,2025-08-14,59.99,GBP,GB,True,False,False,False,False,False,False,32.0,11.389999999999993,0.1898649774962493,2025-09-15,False,False,21.034502314814816,True
3230400,01966852-d77a-70be-908d-d912a07b3892,GB,2025-09-15 17:37:45,41.99,59.99,30.0,GBP,61,2025-08-14,59.99,GBP,GB,True,False,False,False,False,False,False,32.0,-18.0,-0.3000500083347224,2025-09-15,False,False,,False
3230400,01966852-d77a-70be-908d-d912a07b3892,GB,2025-10-06 18:26:53,83.98,83.98,0.0,GBP,61,2025-08-14,59.99,GBP,GB,False,False,False,True,False,False,False,53.0,23.990000000000002,0.3998999833305552,2025-10-06,False,False,,False
3230400,01966852-d77a-70be-908d-d912a07b3892,JP,2025-08-28 17:33:11,13720.0,13720.0,0.0,JPY,61,2025-08-14,9800.0,JPY,JP,False,False,False,False,False,False,False,14.0,3920.0,0.3999999999999999,2025-08-28,False,False,,False
3230400,01966852-d77a-70be-908d-d912a07b3892,JP,2025-09-15 17:38:35,11662.0,13720.0,15.0,JPY,61,2025-08-14,9800.0,JPY,JP,True,False,False,False,False,False,False,32.0,1862.0,0.18999999999999995,2025-09-15,False,False,21.05116898148148,True
3230400,01966852-d77a-70be-908d-d912a07b3892,JP,2025-09-15 17:39:12,6860.0,9800.0,30.0,JPY,61,2025-08-14,9800.0,JPY,JP,True,False,False,False,False,False,False,32.0,-2940.0,-0.30000000000000004,2025-09-15,False,False,,False
3230400,01966852-d77a-70be-908d-d912a07b3892,JP,2025-10-06 18:52:44,13720.0,13720.0,0.0,JPY,61,2025-08-14,9800.0,JPY,JP,False,False,False,True,False,False,False,53.0,3920.0,0.3999999999999999,2025-10-06,False,False,,False
3230400,01966852-d77a-70be-908d-d912a07b3892,PL,2025-08-28 17:33:06,411.1317647058824,411.1317647058824,0.0,PLN,61,2025-08-14,299.9,PLN,PL,False,True,True,False,False,False,False,14.0,111.23176470588243,0.370896181079968,2025-08-28,True,True,,False
3230400,01966852-d77a-70be-908d-d912a07b3892,PL,2025-09-15 17:31:11,349.4494117647059,411.1317647058824,15.0,PLN,61,2025-08-14,299.9,PLN,PL,True,False,False,False,False,False,False,32.0,49.54941176470595,0.1652197791420673,2025-09-15,True,True,21.04023148148148,True
3230400,01966852-d77a-70be-908d-d912a07b3892,PL,2025-09-15 17:37:20,205.5658823529412,293.6835294117647,30.0,PLN,61,2025-08-14,299.9,PLN,PL,True,False,False,False,False,False,False,32.0,-94.33411764705878,-0.314551909460016,2025-09-15,True,True,,False
3230400,01966852-d77a-70be-908d-d912a07b3892,PL,2025-10-06 18:29:33,411.1317647058824,411.1317647058824,0.0,PLN,61,2025-08-14,299.9,PLN,PL,False,False,False,True,False,False,False,53.0,111.23176470588243,0.370896181079968,2025-10-06,True,True,,False
3230400,01966852-d77a-70be-908d-d912a07b3892,TR,2025-08-28 17:33:08,97.98,97.98,0.0,USD,61,2025-08-14,69.99,USD,TR,False,False,False,False,False,False,False,14.0,27.99000000000001,0.3999142734676384,2025-08-28,False,False,,False
3230400,01966852-d77a-70be-908d-d912a07b3892,TR,2025-09-15 17:31:33,83.28,97.98,15.0,USD,61,2025-08-14,69.99,USD,TR,True,False,False,False,False,False,False,32.0,13.290000000000006,0.18988426918131163,2025-09-15,False,False,21.040081018518517,True
3230400,01966852-d77a-70be-908d-d912a07b3892,TR,2025-09-15 17:37:54,48.99,69.99,30.0,USD,61,2025-08-14,69.99,USD,TR,True,False,False,False,False,False,False,32.0,-20.999999999999993,-0.3000428632661808,2025-09-15,False,False,,False
3230400,01966852-d77a-70be-908d-d912a07b3892,TR,2025-10-06 18:29:41,97.98,97.98,0.0,USD,61,2025-08-14,69.99,USD,TR,False,False,False,True,False,False,False,53.0,27.99000000000001,0.3999142734676384,2025-10-06,False,False,,False
3230400,01966852-d77a-70be-908d-d912a07b3892,US,2025-08-28 17:33:21,97.98,97.98,0.0,USD,61,2025-08-14,69.99,USD,US,False,False,False,False,False,False,False,14.0,27.99000000000001,0.3999142734676384,2025-08-28,False,False,,False
3230400,01966852-d77a-70be-908d-d912a07b3892,US,2025-09-15 17:31:35,83.28,97.98,15.0,USD,61,2025-08-14,69.99,USD,US,True,False,False,False,False,False,False,32.0,13.290000000000006,0.18988426918131163,2025-09-15,False,False,21.04232638888889,True
3230400,01966852-d77a-70be-908d-d912a07b3892,US,2025-09-15 17:36:45,48.99,69.99,30.0,USD,61,2025-08-14,69.99,USD,US,True,False,False,False,False,False,False,32.0,-20.999999999999993,-0.3000428632661808,2025-09-15,False,False,,False
3230400,01966852-d77a-70be-908d-d912a07b3892,US,2025-10-06 18:32:55,97.98,97.98,0.0,USD,61,2025-08-14,69.99,USD,US,False,False,False,True,False,False,False,53.0,27.99000000000001,0.3999142734676384,2025-10-06,False,False,,False
3314790,0192e350-e689-72be-821c-16133edec2af,AR,2025-09-26 16:18:21,8.99,9.99,10.0,USD,61,2025-09-26,5.79,USD,AR,True,False,False,False,True,True,False,0.0,3.2,0.5526770293609673,2025-09-26,False,False,14.04238425925926,True
3314790,0192e350-e689-72be-821c-16133edec2af,AU,2025-09-26 16:18:10,13.05,14.5,10.0,AUD,61,2025-09-26,14.5,AUD,AU,True,False,False,False,True,True,False,0.0,-1.4499999999999993,-0.09999999999999998,2025-09-26,False,False,14.042407407407408,True
3314790,0192e350-e689-72be-821c-16133edec2af,BR,2025-09-26 16:18:27,29.69,32.99,10.0,BRL,61,2025-09-26,32.99,BRL,BR,True,False,False,False,True,True,False,0.0,-3.3000000000000007,-0.10003031221582304,2025-09-26,False,False,14.042314814814814,True
3314790,0192e350-e689-72be-821c-16133edec2af,CA,2025-09-26 16:18:27,11.69,12.99,10.0,CAD,61,2025-09-26,12.99,CAD,CA,True,False,False,False,True,True,False,0.0,-1.3000000000000007,-0.10007698229407247,2025-09-26,False,False,14.042372685185185,True
3314790,0192e350-e689-72be-821c-16133edec2af,CN,2025-09-26 16:18:20,37.8,42.0,10.0,CNY,61,2025-09-26,42.0,CNY,CN,True,False,False,False,True,True,False,0.0,-4.200000000000003,-0.10000000000000009,2025-09-26,False,False,14.042523148148149,True
3314790,0192e350-e689-72be-821c-16133edec2af,DE,2025-09-26 16:18:06,8.99,9.99,10.0,EUR,61,2025-09-26,9.99,EUR,DE,True,False,False,False,True,True,False,0.0,-1.0,-0.10010010010010006,2025-09-26,False,False,14.042465277777778,True
3314790,0192e350-e689-72be-821c-16133edec2af,FR,2025-09-26 16:18:06,8.99,9.99,10.0,EUR,61,2025-09-26,9.99,EUR,FR,True,False,False,False,True,True,False,0.0,-1.0,-0.10010010010010006,2025-09-26,False,False,14.042465277777778,True
3314790,0192e350-e689-72be-821c-16133edec2af,GB,2025-09-26 16:18:24,7.65,8.5,10.0,GBP,61,2025-09-26,8.5,GBP,GB,True,False,False,False,True,True,False,0.0,-0.8499999999999996,-0.09999999999999998,2025-09-26,False,False,14.042534722222221,True
3314790,0192e350-e689-72be-821c-16133edec2af,JP,2025-09-26 16:18:13,1080.0,1200.0,10.0,JPY,61,2025-09-26,1200.0,JPY,JP,True,False,False,False,True,True,False,0.0,-120.0,-0.09999999999999998,2025-09-26,False,False,14.042789351851852,True
3314790,0192e350-e689-72be-821c-16133edec2af,PL,2025-09-26 16:18:06,37.72274509803922,41.91882352941177,10.0,PLN,61,2025-09-26,35.99,PLN,PL,True,True,True,False,True,True,False,0.0,1.7327450980392172,0.0481451819405172,2025-09-26,True,True,14.042465277777778,True
3314790,0192e350-e689-72be-821c-16133edec2af,TR,2025-09-26 16:18:23,5.21,5.79,10.0,USD,61,2025-09-26,5.79,USD,TR,True,False,False,False,True,True,False,0.0,-0.5800000000000001,-0.10017271157167529,2025-09-26,False,False,14.042546296296296,True
3314790,0192e350-e689-72be-821c-16133edec2af,US,2025-09-26 16:18:21,8.99,9.99,10.0,USD,61,2025-09-26,9.99,USD,US,True,False,False,False,True,True,False,0.0,-1.0,-0.10010010010010006,2025-09-26,False,False,14.04238425925926,True
3405340,01940f12-0f62-7025-babd-068ff1881519,AR,2025-09-18 18:18:32,8.49,9.99,15.0,USD,61,2025-09-18,5.79,USD,AR,True,False,False,False,True,True,False,0.0,2.7,0.46632124352331616,2025-09-18,False,False,13.958090277777778,True
3405340,01940f12-0f62-7025-babd-068ff1881519,AU,2025-09-18 18:18:26,12.32,14.5,15.0,AUD,61,2025-09-18,14.5,AUD,AU,True,False,False,False,True,True,False,0.0,-2.1799999999999997,-0.15034482758620693,2025-09-18,False,False,13.958344907407408,True
3405340,01940f12-0f62-7025-babd-068ff1881519,BR,2025-09-18 18:18:06,28.04,32.99,15.0,BRL,61,2025-09-18,32.99,BRL,BR,True,False,False,False,True,True,False,0.0,-4.950000000000003,-0.15004546832373455,2025-09-18,False,False,13.95861111111111,True
3405340,01940f12-0f62-7025-babd-068ff1881519,CA,2025-09-18 18:16:34,11.04,12.99,15.0,CAD,61,2025-09-18,12.99,CAD,CA,True,False,False,False,True,True,False,0.0,-1.950000000000001,-0.15011547344110865,2025-09-18,False,False,13.959560185185186,True
3405340,01940f12-0f62-7025-babd-068ff1881519,CN,2025-09-18 18:18:08,35.7,42.0,15.0,CNY,61,2025-09-18,42.0,CNY,CN,True,False,False,False,True,True,False,0.0,-6.299999999999997,-0.1499999999999999,2025-09-18,False,False,13.958402777777778,True
3405340,01940f12-0f62-7025-babd-068ff1881519,DE,2025-09-18 18:16:34,8.28,9.75,15.0,EUR,61,2025-09-18,9.75,EUR,DE,True,False,False,False,True,True,False,0.0,-1.4700000000000006,-0.15076923076923088,2025-09-18,False,False,13.95949074074074,True
3405340,01940f12-0f62-7025-babd-068ff1881519,FR,2025-09-18 18:16:34,8.28,9.75,15.0,EUR,61,2025-09-18,9.75,EUR,FR,True,False,False,False,True,True,False,0.0,-1.4700000000000006,-0.15076923076923088,2025-09-18,False,False,13.95949074074074,True
3405340,01940f12-0f62-7025-babd-068ff1881519,GB,2025-09-18 18:16:37,7.22,8.5,15.0,GBP,61,2025-09-18,8.5,GBP,GB,True,False,False,False,True,True,False,0.0,-1.2800000000000002,-0.1505882352941177,2025-09-18,False,False,13.959699074074074,True
3405340,01940f12-0f62-7025-babd-068ff1881519,JP,2025-09-18 18:18:21,1020.0,1200.0,15.0,JPY,61,2025-09-18,1200.0,JPY,JP,True,False,False,False,True,True,False,0.0,-180.0,-0.15000000000000002,2025-09-18,False,False,13.9584375,True
3405340,01940f12-0f62-7025-babd-068ff1881519,PL,2025-09-18 18:16:34,34.743529411764705,40.911764705882355,15.0,PLN,61,2025-09-18,36.13,PLN,PL,True,True,True,False,True,True,False,0.0,-1.386470588235298,-0.03837449732176301,2025-09-18,True,True,13.95949074074074,True
3405340,01940f12-0f62-7025-babd-068ff1881519,TR,2025-09-18 18:18:27,4.92,5.79,15.0,USD,61,2025-09-18,5.79,USD,TR,True,False,False,False,True,True,False,0.0,-0.8700000000000001,-0.15025906735751293,2025-09-18,False,False,13.958425925925926,True
3405340,01940f12-0f62-7025-babd-068ff1881519,US,2025-09-18 18:18:32,8.49,9.99,15.0,USD,61,2025-09-18,9.99,USD,US,True,False,False,False,True,True,False,0.0,-1.5,-0.1501501501501501,2025-09-18,False,False,13.958090277777778,True
3472040,0197eeef-54f1-7299-9a89-d66d1c10e08a,AR,2025-10-09 17:19:00,48.99,69.99,30.0,USD,61,2025-09-04,69.99,USD,AR,True,False,False,False,False,False,False,35.0,-20.999999999999993,-0.3000428632661808,2025-10-09,False,False,14.000231481481482,True
3472040,0197eeef-54f1-7299-9a89-d66d1c10e08a,AU,2025-10-09 17:18:42,69.96,99.95,30.0,AUD,61,2025-09-04,99.95,AUD,AU,True,False,False,False,False,False,False,35.0,-29.99000000000001,-0.3000500250125063,2025-10-09,False,False,13.99988425925926,True
3472040,0197eeef-54f1-7299-9a89-d66d1c10e08a,BR,2025-10-09 17:18:53,279.93,399.9,30.0,BRL,61,2025-09-04,399.9,BRL,BR,True,False,False,False,False,False,False,35.0,-119.96999999999997,-0.29999999999999993,2025-10-09,False,False,14.000324074074074,True
3472040,0197eeef-54f1-7299-9a89-d66d1c10e08a,CA,2025-10-09 17:18:55,62.99,89.99,30.0,CAD,61,2025-09-04,89.99,CAD,CA,True,False,False,False,False,False,False,35.0,-26.999999999999993,-0.3000333370374485,2025-10-09,False,False,13.998217592592592,True
3472040,0197eeef-54f1-7299-9a89-d66d1c10e08a,CN,2025-10-09 17:18:23,208.6,298.0,30.0,CNY,61,2025-09-04,298.0,CNY,CN,True,False,False,False,False,False,False,35.0,-89.4,-0.30000000000000004,2025-10-09,False,False,14.000578703703704,True
3472040,0197eeef-54f1-7299-9a89-d66d1c10e08a,DE,2025-10-09 17:18:39,48.99,69.99,30.0,EUR,61,2025-09-04,69.99,EUR,DE,True,False,False,False,False,False,False,35.0,-20.999999999999993,-0.3000428632661808,2025-10-09,False,False,14.000393518518518,True
3472040,0197eeef-54f1-7299-9a89-d66d1c10e08a,FR,2025-10-09 17:18:39,48.99,69.99,30.0,EUR,61,2025-09-04,69.99,EUR,FR,True,False,False,False,False,False,False,35.0,-20.999999999999993,-0.3000428632661808,2025-10-09,False,False,14.000393518518518,True
3472040,0197eeef-54f1-7299-9a89-d66d1c10e08a,GB,2025-10-09 17:18:18,41.99,59.99,30.0,GBP,61,2025-09-04,59.99,GBP,GB,True,False,False,False,False,False,False,35.0,-18.0,-0.3000500083347224,2025-10-09,False,False,14.000636574074074,True
3472040,0197eeef-54f1-7299-9a89-d66d1c10e08a,JP,2025-10-09 17:16:34,6622.0,9460.0,30.0,JPY,61,2025-09-04,9460.0,JPY,JP,True,False,False,False,False,False,False,35.0,-2838.0,-0.30000000000000004,2025-10-09,False,False,14.000370370370371,True
3472040,0197eeef-54f1-7299-9a89-d66d1c10e08a,PL,2025-10-09 17:18:39,205.5658823529412,293.6835294117647,30.0,PLN,61,2025-09-04,319.0,PLN,PL,True,True,True,False,False,False,False,35.0,-113.4341176470588,-0.3555928452885856,2025-10-09,True,True,14.000393518518518,True
3472040,0197eeef-54f1-7299-9a89-d66d1c10e08a,TR,2025-10-09 17:18:35,48.99,69.99,30.0,USD,61,2025-09-04,69.99,USD,TR,True,False,False,False,False,False,False,35.0,-20.999999999999993,-0.3000428632661808,2025-10-09,False,False,14.000474537037038,True
3472040,0197eeef-54f1-7299-9a89-d66d1c10e08a,US,2025-10-09 17:19:00,48.99,69.99,30.0,USD,61,2025-09-04,69.99,USD,US,True,False,False,False,False,False,False,35.0,-20.999999999999993,-0.3000428632661808,2025-10-09,False,False,14.000231481481482,True
3489700,0191e1ab-f56a-73c3-a150-9bda3983c160,AR,2025-09-24 01:18:10,47.99,59.99,20.0,USD,61,2025-06-11,59.99,USD,AR,True,False,False,False,False,False,False,105.0,-12.0,-0.200033338889815,2025-09-24,False,False,12.722199074074075,True
3489700,0191e1ab-f56a-73c3-a150-9bda3983c160,AU,2025-09-24 01:18:22,87.96,109.95,20.0,AUD,61,2025-06-11,109.95,AUD,AU,True,False,False,False,False,False,False,105.0,-21.99000000000001,-0.20000000000000007,2025-09-24,False,False,12.720173611111111,True
3489700,0191e1ab-f56a-73c3-a150-9bda3983c160,BR,2025-09-24 01:18:12,199.92,249.9,20.0,BRL,61,2025-06-11,249.9,BRL,BR,True,False,False,False,False,False,False,105.0,-49.98000000000002,-0.20000000000000007,2025-09-24,False,False,12.722314814814816,True
3489700,0191e1ab-f56a-73c3-a150-9bda3983c160,CA,2025-09-24 01:18:26,63.99,79.99,20.0,CAD,61,2025-06-11,79.99,CAD,CA,True,False,False,False,False,False,False,105.0,-15.999999999999993,-0.20002500312539062,2025-09-24,False,False,12.719976851851852,True
3489700,0191e1ab-f56a-73c3-a150-9bda3983c160,CN,2025-09-24 01:18:25,214.4,268.0,20.0,CNY,61,2025-06-11,268.0,CNY,CN,True,False,False,False,False,False,False,105.0,-53.599999999999994,-0.19999999999999996,2025-09-24,False,False,12.71574074074074,True
3489700,0191e1ab-f56a-73c3-a150-9bda3983c160,DE,2025-09-24 01:18:10,55.99,69.99,20.0,EUR,61,2025-06-11,69.99,EUR,DE,True,False,False,False,False,False,False,105.0,-13.999999999999993,-0.20002857551078712,2025-09-24,False,False,12.718020833333334,True
3489700,0191e1ab-f56a-73c3-a150-9bda3983c160,FR,2025-09-24 01:18:10,55.99,69.99,20.0,EUR,61,2025-06-11,69.99,EUR,FR,True,False,False,False,False,False,False,105.0,-13.999999999999993,-0.20002857551078712,2025-09-24,False,False,12.718020833333334,True
3489700,0191e1ab-f56a-73c3-a150-9bda3983c160,GB,2025-09-24 01:18:09,47.99,59.99,20.0,GBP,61,2025-06-11,59.99,GBP,GB,True,False,False,False,False,False,False,105.0,-12.0,-0.200033338889815,2025-09-24,False,False,12.716030092592593,True
3489700,0191e1ab-f56a-73c3-a150-9bda3983c160,JP,2025-09-24 01:18:30,6384.0,7980.0,20.0,JPY,61,2025-06-11,7980.0,JPY,JP,True,False,False,False,False,False,False,105.0,-1596.0,-0.19999999999999996,2025-09-24,False,False,12.736238425925926,True
3489700,0191e1ab-f56a-73c3-a150-9bda3983c160,PL,2025-09-24 01:18:10,234.93843137254905,293.6835294117647,20.0,PLN,61,2025-06-11,299.0,PLN,PL,True,True,True,False,False,False,False,105.0,-64.06156862745095,-0.21425273788445132,2025-09-24,True,True,12.718020833333334,True
3489700,0191e1ab-f56a-73c3-a150-9bda3983c160,TR,2025-09-24 01:18:25,47.99,59.99,20.0,USD,61,2025-06-11,59.99,USD,TR,True,False,False,False,False,False,False,105.0,-12.0,-0.200033338889815,2025-09-24,False,False,12.718055555555555,True
3489700,0191e1ab-f56a-73c3-a150-9bda3983c160,US,2025-09-24 01:18:10,47.99,59.99,20.0,USD,61,2025-06-11,59.99,USD,US,True,False,False,False,False,False,False,105.0,-12.0,-0.200033338889815,2025-09-24,False,False,12.722199074074075,True
3527290,01950698-0fdb-723a-bb58-e11ecfa784d0,AR,2025-06-16 17:38:03,4.95,7.99,38.0,USD,61,2025-06-16,3.99,USD,AR,True,False,False,False,True,True,False,0.0,0.96,0.24060150375939848,2025-06-16,False,False,7.0165393518518515,True
3527290,01950698-0fdb-723a-bb58-e11ecfa784d0,AR,2025-08-11 17:34:54,4.95,7.99,38.0,USD,61,2025-06-16,3.99,USD,AR,True,False,False,False,False,False,False,56.0,0.96,0.24060150375939848,2025-08-11,False,False,6.991030092592593,True
3527290,01950698-0fdb-723a-bb58-e11ecfa784d0,AR,2025-09-29 19:36:56,6.39,7.99,20.0,USD,61,2025-06-16,3.99,USD,AR,True,False,False,False,False,False,False,105.0,2.3999999999999995,0.601503759398496,2025-09-29,False,False,6.959131944444445,True
3527290,01950698-0fdb-723a-bb58-e11ecfa784d0,AR,2025-11-05 18:18:17,4.95,7.99,38.0,USD,61,2025-06-16,3.99,USD,AR,True,False,False,False,False,False,False,142.0,0.96,0.24060150375939848,2025-11-05,False,False,0.0,True
3527290,01950698-0fdb-723a-bb58-e11ecfa784d0,AU,2025-06-16 17:43:55,7.3,11.79,38.0,AUD,61,2025-06-16,11.79,AUD,AU,True,False,False,False,True,True,False,0.0,-4.489999999999999,-0.3808312128922816,2025-06-16,False,False,7.010393518518518,True
3527290,01950698-0fdb-723a-bb58-e11ecfa784d0,AU,2025-08-11 17:34:56,7.3,11.79,38.0,AUD,61,2025-06-16,11.79,AUD,AU,True,False,False,False,False,False,False,56.0,-4.489999999999999,-0.3808312128922816,2025-08-11,False,False,6.990833333333334,True
3527290,01950698-0fdb-723a-bb58-e11ecfa784d0,AU,2025-09-29 19:36:43,9.43,11.79,20.0,AUD,61,2025-06-16,11.79,AUD,AU,True,False,False,False,False,False,False,105.0,-2.3599999999999994,-0.2001696352841391,2025-09-29,False,False,6.95738425925926,True
3527290,01950698-0fdb-723a-bb58-e11ecfa784d0,AU,2025-11-05 18:18:12,7.3,11.79,38.0,AUD,61,2025-06-16,11.79,AUD,AU,True,False,False,False,False,False,False,142.0,-4.489999999999999,-0.3808312128922816,2025-11-05,False,False,0.0,True
3527290,01950698-0fdb-723a-bb58-e11ecfa784d0,BR,2025-06-16 17:38:24,14.87,23.99,38.0,BRL,61,2025-06-16,23.99,BRL,BR,True,False,False,False,True,True,False,0.0,-9.12,-0.3801583993330554,2025-06-16,False,False,7.016273148148148,True
3527290,01950698-0fdb-723a-bb58-e11ecfa784d0,BR,2025-08-11 17:34:38,14.87,23.99,38.0,BRL,61,2025-06-16,23.99,BRL,BR,True,False,False,False,False,False,False,56.0,-9.12,-0.3801583993330554,2025-08-11,False,False,6.990428240740741,True
3527290,01950698-0fdb-723a-bb58-e11ecfa784d0,BR,2025-09-29 19:36:52,19.19,23.99,20.0,BRL,61,2025-06-16,23.99,BRL,BR,True,False,False,False,False,False,False,105.0,-4.799999999999997,-0.20008336807002902,2025-09-29,False,False,6.959421296296297,True
3527290,01950698-0fdb-723a-bb58-e11ecfa784d0,BR,2025-11-05 18:18:33,14.87,23.99,38.0,BRL,61,2025-06-16,23.99,BRL,BR,True,False,False,False,False,False,False,142.0,-9.12,-0.3801583993330554,2025-11-05,False,False,0.0,True
3527290,01950698-0fdb-723a-bb58-e11ecfa784d0,CA,2025-06-16 17:38:16,6.5,10.49,38.0,CAD,61,2025-06-16,10.49,CAD,CA,True,False,False,False,True,True,False,0.0,-3.99,-0.38036224976167776,2025-06-16,False,False,7.014305555555556,True
3527290,01950698-0fdb-723a-bb58-e11ecfa784d0,CA,2025-08-11 17:35:00,6.5,10.49,38.0,CAD,61,2025-06-16,10.49,CAD,CA,True,False,False,False,False,False,False,56.0,-3.99,-0.38036224976167776,2025-08-11,False,False,6.9896875,True
3527290,01950698-0fdb-723a-bb58-e11ecfa784d0,CA,2025-09-29 19:37:07,8.39,10.49,20.0,CAD,61,2025-06-16,10.49,CAD,CA,True,False,False,False,False,False,False,105.0,-2.0999999999999996,-0.20019065776930411,2025-09-29,False,False,6.9569675925925925,True
3527290,01950698-0fdb-723a-bb58-e11ecfa784d0,CA,2025-11-05 18:18:18,6.5,10.49,38.0,CAD,61,2025-06-16,10.49,CAD,CA,True,False,False,False,False,False,False,142.0,-3.99,-0.38036224976167776,2025-11-05,False,False,0.0,True
3527290,01950698-0fdb-723a-bb58-e11ecfa784d0,CN,2025-06-16 17:43:59,20.46,33.0,38.0,CNY,61,2025-06-16,33.0,CNY,CN,True,False,False,False,True,True,False,0.0,-12.54,-0.38,2025-06-16,False,False,7.010601851851852,True
3527290,01950698-0fdb-723a-bb58-e11ecfa784d0,CN,2025-08-11 17:33:51,20.46,33.0,38.0,CNY,61,2025-06-16,33.0,CNY,CN,True,False,False,False,False,False,False,56.0,-12.54,-0.38,2025-08-11,False,False,6.98980324074074,True
3527290,01950698-0fdb-723a-bb58-e11ecfa784d0,CN,2025-09-29 19:36:38,26.4,33.0,20.0,CNY,61,2025-06-16,33.0,CNY,CN,True,False,False,False,False,False,False,105.0,-6.600000000000001,-0.20000000000000007,2025-09-29,False,False,6.953078703703704,True
3527290,01950698-0fdb-723a-bb58-e11ecfa784d0,CN,2025-11-05 18:18:19,20.46,33.0,38.0,CNY,61,2025-06-16,33.0,CNY,CN,True,False,False,False,False,False,False,142.0,-12.54,-0.38,2025-11-05,False,False,0.0,True
3527290,01950698-0fdb-723a-bb58-e11ecfa784d0,DE,2025-06-16 17:38:28,4.64,7.49,38.0,EUR,61,2025-06-16,7.49,EUR,DE,True,False,False,False,True,True,False,0.0,-2.8500000000000005,-0.38050734312416556,2025-06-16,False,False,7.0410763888888885,True
3527290,01950698-0fdb-723a-bb58-e11ecfa784d0,DE,2025-08-11 17:34:14,4.64,7.49,38.0,EUR,61,2025-06-16,7.49,EUR,DE,True,False,False,False,False,False,False,56.0,-2.8500000000000005,-0.38050734312416556,2025-08-11,False,False,6.991018518518518,True
3527290,01950698-0fdb-723a-bb58-e11ecfa784d0,DE,2025-09-29 19:36:04,5.99,7.49,20.0,EUR,61,2025-06-16,7.49,EUR,DE,True,False,False,False,False,False,False,105.0,-1.5,-0.2002670226969292,2025-09-29,False,False,6.955613425925926,True
3527290,01950698-0fdb-723a-bb58-e11ecfa784d0,DE,2025-11-05 18:18:21,4.64,7.49,38.0,EUR,61,2025-06-16,7.49,EUR,DE,True,False,False,False,False,False,False,142.0,-2.8500000000000005,-0.38050734312416556,2025-11-05,False,False,0.0,True
3527290,01950698-0fdb-723a-bb58-e11ecfa784d0,FR,2025-06-16 17:38:28,4.64,7.49,38.0,EUR,61,2025-06-16,7.49,EUR,FR,True,False,False,False,True,True,False,0.0,-2.8500000000000005,-0.38050734312416556,2025-06-16,False,False,7.0410763888888885,True
3527290,01950698-0fdb-723a-bb58-e11ecfa784d0,FR,2025-08-11 17:34:14,4.64,7.49,38.0,EUR,61,2025-06-16,7.49,EUR,FR,True,False,False,False,False,False,False,56.0,-2.8500000000000005,-0.38050734312416556,2025-08-11,False,False,6.991018518518518,True
3527290,01950698-0fdb-723a-bb58-e11ecfa784d0,FR,2025-09-29 19:36:04,5.99,7.49,20.0,EUR,61,2025-06-16,7.49,EUR,FR,True,False,False,False,False,False,False,105.0,-1.5,-0.2002670226969292,2025-09-29,False,False,6.955613425925926,True
3527290,01950698-0fdb-723a-bb58-e11ecfa784d0,FR,2025-11-05 18:18:21,4.64,7.49,38.0,EUR,61,2025-06-16,7.49,EUR,FR,True,False,False,False,False,False,False,142.0,-2.8500000000000005,-0.38050734312416556,2025-11-05,False,False,0.0,True
3527290,01950698-0fdb-723a-bb58-e11ecfa784d0,GB,2025-06-16 17:41:14,3.96,6.39,38.0,GBP,61,2025-06-16,6.39,GBP,GB,True,False,False,False,True,True,False,0.0,-2.4299999999999997,-0.380281690140845,2025-06-16,False,False,7.039317129629629,True
3527290,01950698-0fdb-723a-bb58-e11ecfa784d0,GB,2025-08-11 17:34:44,3.96,6.39,38.0,GBP,61,2025-06-16,6.39,GBP,GB,True,False,False,False,False,False,False,56.0,-2.4299999999999997,-0.380281690140845,2025-08-11,False,False,6.989895833333334,True
3527290,01950698-0fdb-723a-bb58-e11ecfa784d0,GB,2025-09-29 19:37:02,5.11,6.39,20.0,GBP,61,2025-06-16,6.39,GBP,GB,True,False,False,False,False,False,False,105.0,-1.2799999999999994,-0.2003129890453833,2025-09-29,False,False,6.952870370370371,True
3527290,01950698-0fdb-723a-bb58-e11ecfa784d0,GB,2025-11-05 18:18:25,3.96,6.39,38.0,GBP,61,2025-06-16,6.39,GBP,GB,True,False,False,False,False,False,False,142.0,-2.4299999999999997,-0.380281690140845,2025-11-05,False,False,0.0,True
3527290,01950698-0fdb-723a-bb58-e11ecfa784d0,JP,2025-06-16 17:40:37,545.0,880.0,38.0,JPY,61,2025-06-16,880.0,JPY,JP,True,False,False,False,True,True,False,0.0,-335.0,-0.38068181818181823,2025-06-16,False,False,7.0363541666666665,True
3527290,01950698-0fdb-723a-bb58-e11ecfa784d0,JP,2025-08-11 17:36:11,545.0,880.0,38.0,JPY,61,2025-06-16,880.0,JPY,JP,True,False,False,False,False,False,False,56.0,-335.0,-0.38068181818181823,2025-08-11,False,False,6.990671296296297,True
3527290,01950698-0fdb-723a-bb58-e11ecfa784d0,JP,2025-09-29 19:39:59,704.0,880.0,20.0,JPY,61,2025-06-16,880.0,JPY,JP,True,False,False,False,False,False,False,105.0,-176.0,-0.19999999999999996,2025-09-29,False,False,6.9712962962962965,True
3527290,01950698-0fdb-723a-bb58-e11ecfa784d0,JP,2025-11-05 18:18:29,545.0,880.0,38.0,JPY,61,2025-06-16,880.0,JPY,JP,True,False,False,False,False,False,False,142.0,-335.0,-0.38068181818181823,2025-11-05,False,False,0.0,True
3527290,01950698-0fdb-723a-bb58-e11ecfa784d0,PL,2025-06-16 17:38:28,19.469803921568626,31.428627450980393,38.0,PLN,61,2025-06-16,24.99,PLN,PL,True,True,True,False,True,True,False,0.0,-5.520196078431372,-0.22089620161790202,2025-06-16,True,True,7.0410763888888885,True
3527290,01950698-0fdb-723a-bb58-e11ecfa784d0,PL,2025-08-11 17:34:14,19.469803921568626,31.428627450980393,38.0,PLN,61,2025-06-16,24.99,PLN,PL,True,False,False,False,False,False,False,56.0,-5.520196078431372,-0.22089620161790202,2025-08-11,True,True,6.991018518518518,True
3527290,01950698-0fdb-723a-bb58-e11ecfa784d0,PL,2025-09-29 19:36:04,25.13450980392157,31.428627450980393,20.0,PLN,61,2025-06-16,24.99,PLN,PL,True,False,False,False,False,False,False,105.0,0.1445098039215722,0.005782705238958519,2025-09-29,True,True,6.955613425925926,True
3527290,01950698-0fdb-723a-bb58-e11ecfa784d0,PL,2025-11-05 18:18:21,19.469803921568626,31.428627450980393,38.0,PLN,61,2025-06-16,24.99,PLN,PL,True,False,False,False,False,False,False,142.0,-5.520196078431372,-0.22089620161790202,2025-11-05,True,True,0.0,True
3527290,01950698-0fdb-723a-bb58-e11ecfa784d0,TR,2025-06-16 17:44:02,2.47,3.99,38.0,USD,61,2025-06-16,3.99,USD,TR,True,False,False,False,True,True,False,0.0,-1.52,-0.38095238095238093,2025-06-16,False,False,7.008611111111111,True
3527290,01950698-0fdb-723a-bb58-e11ecfa784d0,TR,2025-08-11 17:34:22,2.47,3.99,38.0,USD,61,2025-06-16,3.99,USD,TR,True,False,False,False,False,False,False,56.0,-1.52,-0.38095238095238093,2025-08-11,False,False,6.988877314814815,True
3527290,01950698-0fdb-723a-bb58-e11ecfa784d0,TR,2025-09-29 19:36:26,3.19,3.99,20.0,USD,61,2025-06-16,3.99,USD,TR,True,False,False,False,False,False,False,105.0,-0.8000000000000003,-0.20050125313283218,2025-09-29,False,False,6.955497685185185,True
3527290,01950698-0fdb-723a-bb58-e11ecfa784d0,TR,2025-11-05 18:18:30,2.47,3.99,38.0,USD,61,2025-06-16,3.99,USD,TR,True,False,False,False,False,False,False,142.0,-1.52,-0.38095238095238093,2025-11-05,False,False,0.0,True
3527290,01950698-0fdb-723a-bb58-e11ecfa784d0,US,2025-06-16 17:38:03,4.95,7.99,38.0,USD,61,2025-06-16,7.99,USD,US,True,False,False,False,True,True,False,0.0,-3.04,-0.3804755944931164,2025-06-16,False,False,7.0165393518518515,True
3527290,01950698-0fdb-723a-bb58-e11ecfa784d0,US,2025-08-11 17:34:54,4.95,7.99,38.0,USD,61,2025-06-16,7.99,USD,US,True,False,False,False,False,False,False,56.0,-3.04,-0.3804755944931164,2025-08-11,False,False,6.991030092592593,True
3527290,01950698-0fdb-723a-bb58-e11ecfa784d0,US,2025-09-29 19:36:56,6.39,7.99,20.0,USD,61,2025-06-16,7.99,USD,US,True,False,False,False,False,False,False,105.0,-1.6000000000000005,-0.20025031289111395,2025-09-29,False,False,6.959131944444445,True
3527290,01950698-0fdb-723a-bb58-e11ecfa784d0,US,2025-11-05 18:18:17,4.95,7.99,38.0,USD,61,2025-06-16,7.99,USD,US,True,False,False,False,False,False,False,142.0,-3.04,-0.3804755944931164,2025-11-05,False,False,0.0,True
374320,018d937f-209c-7223-8ead-671a11f25e7e,AR,2016-06-23 18:57:33,44.99,59.99,25.0,USD,61,2016-04-11,47.99,USD,AR,True,False,False,False,False,False,False,73.0,-3.0,-0.06251302354657218,2016-06-23,False,False,10.894363425925926,True
374320,018d937f-209c-7223-8ead-671a11f25e7e,AR,2016-08-23 20:15:29,40.19,59.99,33.0,USD,61,2016-04-11,47.99,USD,AR,True,False,False,False,False,False,False,134.0,-7.800000000000004,-0.16253386122108782,2016-08-23,False,False,2.9791666666666665,True
374320,018d937f-209c-7223-8ead-671a11f25e7e,AR,2016-10-06 18:15:34,38.99,59.99,35.0,USD,61,2016-04-11,47.99,USD,AR,True,False,False,False,False,False,False,178.0,-9.0,-0.18753907063971664,2016-10-06,False,False,3.9791435185185184,True
374320,018d937f-209c-7223-8ead-671a11f25e7e,AR,2016-11-23 18:46:00,38.99,59.99,35.0,USD,61,2016-04-11,47.99,USD,AR,True,False,False,False,False,False,False,226.0,-9.0,-0.18753907063971664,2016-11-23,False,False,6.041354166666666,True
374320,018d937f-209c-7223-8ead-671a11f25e7e,AR,2016-12-22 18:45:41,29.99,59.99,50.0,USD,61,2016-04-11,47.99,USD,AR,True,False,False,False,False,False,False,255.0,-18.000000000000004,-0.3750781412794333,2016-12-22,False,False,11.000393518518518,True
374320,018d937f-209c-7223-8ead-671a11f25e7e,AR,2017-04-04 20:45:29,29.99,59.99,50.0,USD,61,2016-04-11,47.99,USD,AR,True,False,False,False,False,False,False,358.0,-18.000000000000004,-0.3750781412794333,2017-04-04,False,False,2.8546412037037037,True
374320,018d937f-209c-7223-8ead-671a11f25e7e,AR,2017-05-13 00:45:30,29.99,59.99,50.0,USD,61,2016-04-11,47.99,USD,AR,True,False,False,False,False,False,False,397.0,-18.000000000000004,-0.3750781412794333,2017-05-13,False,False,2.7499189814814815,True
374320,018d937f-209c-7223-8ead-671a11f25e7e,AR,2017-06-23 02:15:23,23.99,59.99,60.0,USD,61,2016-04-11,47.99,USD,AR,True,False,False,False,False,False,False,438.0,-24.000000000000004,-0.5001041883725776,2017-06-23,False,False,12.687662037037038,True
374320,018d937f-209c-7223-8ead-671a11f25e7e,AR,2017-09-14 18:45:26,23.99,59.99,60.0,USD,61,2016-04-11,47.99,USD,AR,True,False,False,False,False,False,False,521.0,-24.000000000000004,-0.5001041883725776,2017-09-14,False,False,4.145972222222222,True
374320,018d937f-209c-7223-8ead-671a11f25e7e,AR,2017-11-22 23:15:32,23.99,59.99,60.0,USD,61,2016-04-11,47.99,USD,AR,True,False,False,False,False,False,False,590.0,-24.000000000000004,-0.5001041883725776,2017-11-22,False,False,5.854247685185185,True
374320,018d937f-209c-7223-8ead-671a11f25e7e,AR,2017-12-21 19:45:34,14.99,59.99,75.0,USD,61,2016-04-11,47.99,USD,AR,True,False,False,False,False,False,False,619.0,-33.0,-0.6876432590122943,2017-12-21,False,False,14.104328703703704,True
374320,018d937f-209c-7223-8ead-671a11f25e7e,AR,2018-02-15 19:48:37,14.99,59.99,75.0,USD,61,2016-04-11,47.99,USD,AR,True,False,False,False,False,False,False,675.0,-33.0,-0.6876432590122943,2018-02-15,False,False,4.022280092592593,True
374320,018d937f-209c-7223-8ead-671a11f25e7e,AR,2018-06-23 22:44:50,14.99,59.99,75.0,USD,61,2016-04-11,47.99,USD,AR,True,False,False,False,False,False,False,803.0,-33.0,-0.6876432590122943,2018-06-23,False,False,11.786111111111111,True
374320,018d937f-209c-7223-8ead-671a11f25e7e,AR,2018-10-29 17:33:44,14.99,59.99,75.0,USD,61,2016-04-11,47.99,USD,AR,True,False,False,False,False,False,False,931.0,-33.0,-0.6876432590122943,2018-10-29,False,False,7.0431944444444445,True
374320,018d937f-209c-7223-8ead-671a11f25e7e,AR,2018-11-21 20:34:33,14.99,59.99,75.0,USD,61,2016-04-11,47.99,USD,AR,True,False,False,False,False,False,False,954.0,-33.0,-0.6876432590122943,2018-11-21,False,False,5.939074074074074,True
374320,018d937f-209c-7223-8ead-671a11f25e7e,AR,2018-12-21 00:01:35,14.99,59.99,75.0,USD,61,2016-04-11,47.99,USD,AR,True,False,False,False,False,False,False,984.0,-33.0,-0.6876432590122943,2018-12-21,False,False,13.960520833333334,True
374320,018d937f-209c-7223-8ead-671a11f25e7e,AR,2019-02-04 21:50:36,14.99,59.99,75.0,USD,61,2016-04-11,47.99,USD,AR,True,False,False,False,False,False,False,1029.0,-33.0,-0.6876432590122943,2019-02-04,False,False,7.059097222222222,True
374320,018d937f-209c-7223-8ead-671a11f25e7e,AR,2019-02-14 18:10:37,14.99,59.99,75.0,USD,61,2016-04-11,47.99,USD,AR,True,False,False,False,False,False,False,1039.0,-33.0,-0.6876432590122943,2019-02-14,False,False,4.002314814814815,True
374320,018d937f-209c-7223-8ead-671a11f25e7e,AR,2019-04-29 23:45:37,14.99,59.99,75.0,USD,61,2016-04-11,47.99,USD,AR,True,False,False,False,False,False,False,1113.0,-33.0,-0.6876432590122943,2019-04-29,False,False,6.7276851851851855,True
374320,018d937f-209c-7223-8ead-671a11f25e7e,AR,2019-06-13 17:49:18,14.99,59.99,75.0,USD,61,2016-04-11,47.99,USD,AR,True,False,False,False,False,False,False,1158.0,-33.0,-0.6876432590122943,2019-06-13,False,False,3.9750694444444443,True
374320,018d937f-209c-7223-8ead-671a11f25e7e,AR,2019-06-26 03:29:37,14.99,59.99,75.0,USD,61,2016-04-11,47.99,USD,AR,True,False,False,False,False,False,False,1171.0,-33.0,-0.6876432590122943,2019-06-26,False,False,13.677824074074074,True
374320,018d937f-209c-7223-8ead-671a11f25e7e,AR,2019-09-05 17:07:08,14.99,59.99,75.0,USD,61,2016-04-11,47.99,USD,AR,True,False,False,False,False,False,False,1242.0,-33.0,-0.6876432590122943,2019-09-05,False,False,4.009837962962963,True
374320,018d937f-209c-7223-8ead-671a11f25e7e,AR,2019-10-28 17:30:20,14.99,59.99,75.0,USD,61,2016-04-11,47.99,USD,AR,True,False,False,False,False,False,False,1295.0,-33.0,-0.6876432590122943,2019-10-28,False,False,3.9967824074074074,True
374320,018d937f-209c-7223-8ead-671a11f25e7e,AR,2019-11-26 18:07:12,14.99,59.99,75.0,USD,61,2016-04-11,47.99,USD,AR,True,False,False,False,False,False,False,1324.0,-33.0,-0.6876432590122943,2019-11-26,False,False,7.013090277777778,True
374320,018d937f-209c-7223-8ead-671a11f25e7e,AR,2019-12-19 18:10:15,14.99,59.99,75.0,USD,61,2016-04-11,47.99,USD,AR,True,False,False,False,False,False,False,1347.0,-33.0,-0.6876432590122943,2019-12-19,False,False,14.017534722222223,True
374320,018d937f-209c-7223-8ead-671a11f25e7e,AR,2020-01-23 18:30:51,14.99,59.99,75.0,USD,61,2016-04-11,47.99,USD,AR,True,False,False,False,False,False,False,1382.0,-33.0,-0.6876432590122943,2020-01-23,False,False,3.9980671296296295,True
374320,018d937f-209c-7223-8ead-671a11f25e7e,AR,2020-04-16 17:21:13,9.99,59.99,83.0,USD,61,2016-04-11,47.99,USD,AR,True,False,False,False,False,False,False,1466.0,-38.0,-0.7918316315899145,2020-04-16,False,False,4.000740740740741,True
374320,018d937f-209c-7223-8ead-671a11f25e7e,AR,2020-04-30 17:21:20,14.99,59.99,75.0,USD,61,2016-04-11,47.99,USD,AR,True,False,False,False,False,False,False,1480.0,-33.0,-0.6876432590122943,2020-04-30,False,False,6.000625,True
374320,018d937f-209c-7223-8ead-671a11f25e7e,AR,2020-06-20 17:21:13,14.99,59.99,75.0,USD,61,2016-04-11,47.99,USD,AR,True,False,False,False,False,False,False,1531.0,-33.0,-0.6876432590122943,2020-06-20,False,False,19.005277777777778,True
374320,018d937f-209c-7223-8ead-671a11f25e7e,AR,2020-11-25 18:27:53,14.99,59.99,75.0,USD,61,2016-04-11,47.99,USD,AR,True,False,False,False,False,False,False,1689.0,-33.0,-0.6876432590122943,2020-11-25,False,False,5.9983912037037035,True
374320,018d937f-209c-7223-8ead-671a11f25e7e,AR,2020-12-22 18:59:48,14.99,59.99,75.0,USD,61,2016-04-11,47.99,USD,AR,True,False,False,False,False,False,False,1716.0,-33.0,-0.6876432590122943,2020-12-22,False,False,13.994409722222223,True
374320,018d937f-209c-7223-8ead-671a11f25e7e,AR,2021-02-11 18:58:41,14.99,59.99,75.0,USD,61,2016-04-11,47.99,USD,AR,True,False,False,False,False,False,False,1767.0,-33.0,-0.6876432590122943,2021-02-11,False,False,3.975810185185185,True
374320,018d937f-209c-7223-8ead-671a11f25e7e,AR,2021-04-08 17:18:14,14.99,59.99,75.0,USD,61,2016-04-11,47.99,USD,AR,True,False,False,False,False,False,False,1823.0,-33.0,-0.6876432590122943,2021-04-08,False,False,4.004328703703703,True
374320,018d937f-209c-7223-8ead-671a11f25e7e,AR,2021-06-18 17:21:05,14.99,59.99,75.0,USD,61,2016-04-11,47.99,USD,AR,True,False,False,False,False,False,False,1894.0,-33.0,-0.6876432590122943,2021-06-18,False,False,20.006851851851852,True
374320,018d937f-209c-7223-8ead-671a11f25e7e,AR,2021-11-24 21:03:20,29.99,59.99,50.0,USD,61,2016-04-11,47.99,USD,AR,True,False,False,False,False,False,False,2053.0,-18.000000000000004,-0.3750781412794333,2021-11-24,False,False,6.995439814814815,True
374320,018d937f-209c-7223-8ead-671a11f25e7e,AR,2021-12-22 18:50:15,14.99,59.99,75.0,USD,61,2016-04-11,47.99,USD,AR,True,False,False,False,False,False,False,2081.0,-33.0,-0.6876432590122943,2021-12-22,False,False,14.000381944444445,True
374320,018d937f-209c-7223-8ead-671a11f25e7e,AR,2023-06-29 17:22:16,29.99,59.99,50.0,USD,61,2016-04-11,47.99,USD,AR,True,False,False,False,False,False,False,2635.0,-18.000000000000004,-0.3750781412794333,2023-06-29,False,False,14.170509259259259,True
374320,018d937f-209c-7223-8ead-671a11f25e7e,AR,2023-09-07 17:06:11,29.99,59.99,50.0,USD,61,2016-04-11,47.99,USD,AR,True,False,False,False,False,False,False,2705.0,-18.000000000000004,-0.3750781412794333,2023-09-07,False,False,4.027719907407407,True
374320,018d937f-209c-7223-8ead-671a11f25e7e,AR,2023-11-21 18:24:40,29.99,59.99,50.0,USD,61,2016-04-11,47.99,USD,AR,True,False,False,False,False,False,False,2780.0,-18.000000000000004,-0.3750781412794333,2023-11-21,False,False,7.1696875,True
374320,018d937f-209c-7223-8ead-671a11f25e7e,AR,2024-02-08 18:18:20,29.99,59.99,50.0,USD,61,2016-04-11,47.99,USD,AR,True,False,False,False,False,False,False,2859.0,-18.000000000000004,-0.3750781412794333,2024-02-08,False,False,13.99798611111111,True
374320,018d937f-209c-7223-8ead-671a11f25e7e,AR,2024-05-09 17:15:21,29.99,59.99,50.0,USD,61,2016-04-11,47.99,USD,AR,True,False,False,False,False,False,False,2950.0,-18.000000000000004,-0.3750781412794333,2024-05-09,False,False,7.002106481481482,True
374320,018d937f-209c-7223-8ead-671a11f25e7e,AR,2024-09-26 17:15:31,29.99,59.99,50.0,USD,61,2016-04-11,47.99,USD,AR,True,False,False,False,False,False,False,3090.0,-18.000000000000004,-0.3750781412794333,2024-09-26,False,False,14.002268518518518,True
374320,018d937f-209c-7223-8ead-671a11f25e7e,AR,2024-11-27 20:10:11,29.99,59.99,50.0,USD,61,2016-04-11,47.99,USD,AR,True,False,False,False,False,False,False,3152.0,-18.000000000000004,-0.3750781412794333,2024-11-27,False,False,6.926388888888889,True
374320,018d937f-209c-7223-8ead-671a11f25e7e,AR,2025-01-27 18:29:50,29.99,59.99,50.0,USD,61,2016-04-11,47.99,USD,AR,True,False,False,False,False,False,False,3213.0,-18.000000000000004,-0.3750781412794333,2025-01-27,False,False,7.001365740740741,True
374320,018d937f-209c-7223-8ead-671a11f25e7e,AR,2025-05-01 17:15:27,29.99,59.99,50.0,USD,61,2016-04-11,47.99,USD,AR,True,False,False,False,False,False,False,3307.0,-18.000000000000004,-0.3750781412794333,2025-05-01,False,False,14.000416666666666,True
374320,018d937f-209c-7223-8ead-671a11f25e7e,AR,2025-09-29 17:36:10,29.99,59.99,50.0,USD,61,2016-04-11,47.99,USD,AR,True,False,False,False,False,False,False,3458.0,-18.000000000000004,-0.3750781412794333,2025-09-29,False,False,6.991423611111111,True
374320,018d937f-209c-7223-8ead-671a11f25e7e,AU,2016-06-23 16:52:04,59.33,79.11,25.0,AUD,61,2016-04-11,84.95,AUD,AU,True,False,False,False,False,False,False,73.0,-25.620000000000005,-0.3015891701000589,2016-06-23,False,False,10.981770833333334,True
374320,018d937f-209c-7223-8ead-671a11f25e7e,AU,2016-07-07 02:27:07,79.94,79.94,0.0,AUD,61,2016-04-11,84.95,AUD,AU,False,False,False,False,False,False,False,87.0,-5.010000000000005,-0.05897586815773992,2016-07-07,False,False,,False
374320,018d937f-209c-7223-8ead-671a11f25e7e,AU,2016-08-23 17:45:56,52.62,78.54,33.0,AUD,61,2016-04-11,84.95,AUD,AU,True,False,False,False,False,False,False,134.0,-32.330000000000005,-0.38057680988816955,2016-08-23,False,False,3.1250810185185185,True
374320,018d937f-209c-7223-8ead-671a11f25e7e,AU,2016-10-06 17:46:14,51.5,79.23,35.0,AUD,61,2016-04-11,84.95,AUD,AU,True,False,False,False,False,False,False,178.0,-33.45,-0.39376103590347267,2016-10-06,False,False,3.9998263888888888,True
374320,018d937f-209c-7223-8ead-671a11f25e7e,AU,2016-11-23 20:16:46,52.74,81.14,35.0,AUD,61,2016-04-11,84.95,AUD,AU,True,False,False,False,False,False,False,226.0,-32.21,-0.37916421424367275,2016-11-23,False,False,5.9590046296296295,True
374320,018d937f-209c-7223-8ead-671a11f25e7e,AU,2016-12-22 22:16:11,41.61,83.24,50.0,AUD,61,2016-04-11,84.95,AUD,AU,True,False,False,False,False,False,False,255.0,-43.34,-0.5101824602707475,2016-12-22,False,False,10.979224537037037,True
374320,018d937f-209c-7223-8ead-671a11f25e7e,AU,2017-04-04 18:45:47,39.69,79.4,50.0,AUD,61,2016-04-11,84.95,AUD,AU,True,False,False,False,False,False,False,358.0,-45.260000000000005,-0.5327839905826958,2017-04-04,False,False,3.062777777777778,True
374320,018d937f-209c-7223-8ead-671a11f25e7e,AU,2017-05-12 22:45:40,40.56,81.14,50.0,AUD,61,2016-04-11,84.95,AUD,AU,True,False,False,False,False,False,False,396.0,-44.39,-0.5225426721600941,2017-05-12,False,False,2.854236111111111,True
374320,018d937f-209c-7223-8ead-671a11f25e7e,AU,2017-06-22 20:15:51,31.81,79.55,60.0,AUD,61,2016-04-11,84.95,AUD,AU,True,False,False,False,False,False,False,437.0,-53.14,-0.6255444379046498,2017-06-22,False,False,12.979166666666666,True
374320,018d937f-209c-7223-8ead-671a11f25e7e,AU,2017-09-14 19:45:45,30.01,75.05,60.0,AUD,61,2016-04-11,84.95,AUD,AU,True,False,False,False,False,False,False,521.0,-54.94,-0.6467333725721012,2017-09-14,False,False,4.104386574074074,True
374320,018d937f-209c-7223-8ead-671a11f25e7e,AU,2017-11-22 22:45:53,31.52,78.83,60.0,AUD,61,2016-04-11,84.95,AUD,AU,True,False,False,False,False,False,False,590.0,-53.43000000000001,-0.6289582107121836,2017-11-22,False,False,5.999918981481481,True
374320,018d937f-209c-7223-8ead-671a11f25e7e,AU,2017-12-21 19:46:04,19.47,77.92,75.0,AUD,61,2016-04-11,84.95,AUD,AU,True,False,False,False,False,False,False,619.0,-65.48,-0.7708063566804002,2017-12-21,False,False,13.959548611111112,True
374320,018d937f-209c-7223-8ead-671a11f25e7e,AU,2018-02-15 19:54:19,18.97,75.92,75.0,AUD,61,2016-04-11,84.95,AUD,AU,True,False,False,False,False,False,False,675.0,-65.98,-0.7766921718658034,2018-02-15,False,False,4.0833912037037035,True
374320,018d937f-209c-7223-8ead-671a11f25e7e,AU,2018-06-21 19:49:40,20.31,81.28,75.0,AUD,61,2016-04-11,84.95,AUD,AU,True,False,False,False,False,False,False,801.0,-64.64,-0.7609181871689229,2018-06-21,False,False,14.065150462962963,True
374320,018d937f-209c-7223-8ead-671a11f25e7e,AU,2018-10-30 01:16:30,21.12,84.51,75.0,AUD,61,2016-04-11,84.95,AUD,AU,True,False,False,False,False,False,False,932.0,-63.83,-0.7513831665685697,2018-10-30,False,False,6.741689814814815,True
374320,018d937f-209c-7223-8ead-671a11f25e7e,AU,2018-11-21 00:02:56,116.98,116.98,0.0,AUD,61,2016-04-11,84.95,AUD,AU,False,False,False,True,False,False,False,954.0,32.03,0.37704532077692754,2018-11-21,False,False,,False
374320,018d937f-209c-7223-8ead-671a11f25e7e,AU,2018-11-22 00:41:53,21.23,84.95,75.0,AUD,61,2016-04-11,84.95,AUD,AU,True,False,False,False,False,False,False,955.0,-63.72,-0.7500882872277811,2018-11-22,False,False,5.899363425925926,True
374320,018d937f-209c-7223-8ead-671a11f25e7e,AU,2018-12-20 22:09:20,21.23,84.95,75.0,AUD,61,2016-04-11,84.95,AUD,AU,True,False,False,False,False,False,False,983.0,-63.72,-0.7500882872277811,2018-12-20,False,False,14.150960648148148,True
374320,018d937f-209c-7223-8ead-671a11f25e7e,AU,2019-02-04 19:38:55,21.23,84.95,75.0,AUD,61,2016-04-11,84.95,AUD,AU,True,False,False,False,False,False,False,1029.0,-63.72,-0.7500882872277811,2019-02-04,False,False,7.163969907407408,True
374320,018d937f-209c-7223-8ead-671a11f25e7e,AU,2019-02-14 18:27:22,21.23,84.95,75.0,AUD,61,2016-04-11,84.95,AUD,AU,True,False,False,False,False,False,False,1039.0,-63.72,-0.7500882872277811,2019-02-14,False,False,4.005601851851852,True
374320,018d937f-209c-7223-8ead-671a11f25e7e,AU,2019-04-29 17:23:23,21.23,84.95,75.0,AUD,61,2016-04-11,84.95,AUD,AU,True,False,False,False,False,False,False,1113.0,-63.72,-0.7500882872277811,2019-04-29,False,False,7.000810185185185,True
374320,018d937f-209c-7223-8ead-671a11f25e7e,AU,2019-06-13 17:13:22,21.23,84.95,75.0,AUD,61,2016-04-11,84.95,AUD,AU,True,False,False,False,False,False,False,1158.0,-63.72,-0.7500882872277811,2019-06-13,False,False,4.049618055555555,True
374320,018d937f-209c-7223-8ead-671a11f25e7e,AU,2019-06-26 05:53:50,21.23,84.95,75.0,AUD,61,2016-04-11,84.95,AUD,AU,True,False,False,False,False,False,False,1171.0,-63.72,-0.7500882872277811,2019-06-26,False,False,13.725810185185185,True
374320,018d937f-209c-7223-8ead-671a11f25e7e,AU,2019-09-05 17:07:15,21.23,84.95,75.0,AUD,61,2016-04-11,84.95,AUD,AU,True,False,False,False,False,False,False,1242.0,-63.72,-0.7500882872277811,2019-09-05,False,False,4.010127314814815,True
374320,018d937f-209c-7223-8ead-671a11f25e7e,AU,2019-10-28 17:25:54,21.23,84.95,75.0,AUD,61,2016-04-11,84.95,AUD,AU,True,False,False,False,False,False,False,1295.0,-63.72,-0.7500882872277811,2019-10-28,False,False,3.999548611111111,True
374320,018d937f-209c-7223-8ead-671a11f25e7e,AU,2019-11-26 18:10:34,21.23,84.95,75.0,AUD,61,2016-04-11,84.95,AUD,AU,True,False,False,False,False,False,False,1324.0,-63.72,-0.7500882872277811,2019-11-26,False,False,7.012673611111111,True
374320,018d937f-209c-7223-8ead-671a11f25e7e,AU,2019-12-19 18:13:41,21.23,84.95,75.0,AUD,61,2016-04-11,84.95,AUD,AU,True,False,False,False,False,False,False,1347.0,-63.72,-0.7500882872277811,2019-12-19,False,False,14.017800925925926,True
374320,018d937f-209c-7223-8ead-671a11f25e7e,AU,2020-01-23 18:30:49,21.23,84.95,75.0,AUD,61,2016-04-11,84.95,AUD,AU,True,False,False,False,False,False,False,1382.0,-63.72,-0.7500882872277811,2020-01-23,False,False,3.9989120370370372,True
374320,018d937f-209c-7223-8ead-671a11f25e7e,AU,2020-04-16 17:21:25,14.44,84.95,83.0,AUD,61,2016-04-11,84.95,AUD,AU,True,False,False,False,False,False,False,1466.0,-70.51,-0.8300176574455562,2020-04-16,False,False,4.000787037037037,True
374320,018d937f-209c-7223-8ead-671a11f25e7e,AU,2020-04-30 17:22:31,21.23,84.95,75.0,AUD,61,2016-04-11,84.95,AUD,AU,True,False,False,False,False,False,False,1480.0,-63.72,-0.7500882872277811,2020-04-30,False,False,6.000069444444445,True
374320,018d937f-209c-7223-8ead-671a11f25e7e,AU,2020-06-20 17:21:21,21.23,84.95,75.0,AUD,61,2016-04-11,84.95,AUD,AU,True,False,False,False,False,False,False,1531.0,-63.72,-0.7500882872277811,2020-06-20,False,False,19.009166666666665,True
374320,018d937f-209c-7223-8ead-671a11f25e7e,AU,2020-11-25 18:29:00,21.23,84.95,75.0,AUD,61,2016-04-11,84.95,AUD,AU,True,False,False,False,False,False,False,1689.0,-63.72,-0.7500882872277811,2020-11-25,False,False,5.996689814814815,True
374320,018d937f-209c-7223-8ead-671a11f25e7e,AU,2020-12-22 18:58:09,21.23,84.95,75.0,AUD,61,2016-04-11,84.95,AUD,AU,True,False,False,False,False,False,False,1716.0,-63.72,-0.7500882872277811,2020-12-22,False,False,13.998159722222223,True
374320,018d937f-209c-7223-8ead-671a11f25e7e,AU,2021-02-11 19:00:49,21.23,84.95,75.0,AUD,61,2016-04-11,84.95,AUD,AU,True,False,False,False,False,False,False,1767.0,-63.72,-0.7500882872277811,2021-02-11,False,False,3.9748842592592593,True
374320,018d937f-209c-7223-8ead-671a11f25e7e,AU,2021-04-08 17:18:14,21.23,84.95,75.0,AUD,61,2016-04-11,84.95,AUD,AU,True,False,False,False,False,False,False,1823.0,-63.72,-0.7500882872277811,2021-04-08,False,False,4.004363425925926,True
374320,018d937f-209c-7223-8ead-671a11f25e7e,AU,2021-06-18 17:21:04,21.23,84.95,75.0,AUD,61,2016-04-11,84.95,AUD,AU,True,False,False,False,False,False,False,1894.0,-63.72,-0.7500882872277811,2021-06-18,False,False,19.996319444444445,True
374320,018d937f-209c-7223-8ead-671a11f25e7e,AU,2021-12-22 18:41:42,21.23,84.95,75.0,AUD,61,2016-04-11,84.95,AUD,AU,True,False,False,False,False,False,False,2081.0,-63.72,-0.7500882872277811,2021-12-22,False,False,14.009884259259259,True
374320,018d937f-209c-7223-8ead-671a11f25e7e,AU,2023-06-29 17:58:20,42.47,84.95,50.0,AUD,61,2016-04-11,84.95,AUD,AU,True,False,False,False,False,False,False,2635.0,-42.480000000000004,-0.5000588581518541,2023-06-29,False,False,13.962314814814814,True
374320,018d937f-209c-7223-8ead-671a11f25e7e,AU,2023-09-07 17:19:12,42.47,84.95,50.0,AUD,61,2016-04-11,84.95,AUD,AU,True,False,False,False,False,False,False,2705.0,-42.480000000000004,-0.5000588581518541,2023-09-07,False,False,4.028275462962963,True
374320,018d937f-209c-7223-8ead-671a11f25e7e,AU,2023-11-21 18:43:01,42.47,84.95,50.0,AUD,61,2016-04-11,84.95,AUD,AU,True,False,False,False,False,False,False,2780.0,-42.480000000000004,-0.5000588581518541,2023-11-21,False,False,7.011481481481481,True
374320,018d937f-209c-7223-8ead-671a11f25e7e,AU,2024-02-08 18:49:38,42.47,84.95,50.0,AUD,61,2016-04-11,84.95,AUD,AU,True,False,False,False,False,False,False,2859.0,-42.480000000000004,-0.5000588581518541,2024-02-08,False,False,13.97650462962963,True
374320,018d937f-209c-7223-8ead-671a11f25e7e,AU,2024-05-09 17:15:29,42.47,84.95,50.0,AUD,61,2016-04-11,84.95,AUD,AU,True,False,False,False,False,False,False,2950.0,-42.480000000000004,-0.5000588581518541,2024-05-09,False,False,6.999780092592593,True
374320,018d937f-209c-7223-8ead-671a11f25e7e,AU,2024-09-26 17:15:52,42.47,84.95,50.0,AUD,61,2016-04-11,84.95,AUD,AU,True,False,False,False,False,False,False,3090.0,-42.480000000000004,-0.5000588581518541,2024-09-26,False,False,14.001724537037036,True
374320,018d937f-209c-7223-8ead-671a11f25e7e,AU,2024-11-27 20:07:44,42.47,84.95,50.0,AUD,61,2016-04-11,84.95,AUD,AU,True,False,False,False,False,False,False,3152.0,-42.480000000000004,-0.5000588581518541,2024-11-27,False,False,6.928067129629629,True
374320,018d937f-209c-7223-8ead-671a11f25e7e,AU,2025-01-27 18:20:20,42.47,84.95,50.0,AUD,61,2016-04-11,84.95,AUD,AU,True,False,False,False,False,False,False,3213.0,-42.480000000000004,-0.5000588581518541,2025-01-27,False,False,7.005324074074074,True
374320,018d937f-209c-7223-8ead-671a11f25e7e,AU,2025-05-01 17:15:27,42.47,84.95,50.0,AUD,61,2016-04-11,84.95,AUD,AU,True,False,False,False,False,False,False,3307.0,-42.480000000000004,-0.5000588581518541,2025-05-01,False,False,14.002430555555556,True
374320,018d937f-209c-7223-8ead-671a11f25e7e,AU,2025-09-29 17:28:32,42.47,84.95,50.0,AUD,61,2016-04-11,84.95,AUD,AU,True,False,False,False,False,False,False,3458.0,-42.480000000000004,-0.5000588581518541,2025-09-29,False,False,6.996712962962963,True
374320,018d937f-209c-7223-8ead-671a11f25e7e,BR,2016-06-24 08:44:23,119.91,159.89,25.0,BRL,61,2016-04-11,229.9,BRL,BR,True,False,False,False,False,False,False,74.0,-109.99000000000001,-0.47842540234884734,2016-06-24,False,False,0.09075231481481481,True
374320,018d937f-209c-7223-8ead-671a11f25e7e,BR,2016-06-25 07:59:01,119.94,159.9,25.0,BRL,61,2016-04-11,229.9,BRL,BR,True,False,False,False,False,False,False,75.0,-109.96000000000001,-0.478294910830796,2016-06-25,False,False,1.0471875,True
374320,018d937f-209c-7223-8ead-671a11f25e7e,BR,2016-06-27 07:42:03,119.93,159.9,25.0,BRL,61,2016-04-11,229.9,BRL,BR,True,False,False,False,False,False,False,77.0,-109.97,-0.4783384080034797,2016-06-27,False,False,2.1414814814814815,True
374320,018d937f-209c-7223-8ead-671a11f25e7e,BR,2016-06-28 07:18:47,119.9,159.89,25.0,BRL,61,2016-04-11,229.9,BRL,BR,True,False,False,False,False,False,False,78.0,-110.0,-0.47846889952153104,2016-06-28,False,False,,False
374320,018d937f-209c-7223-8ead-671a11f25e7e,BR,2016-06-30 07:17:05,119.49,159.34,25.0,BRL,61,2016-04-11,229.9,BRL,BR,True,False,False,False,False,False,False,80.0,-110.41000000000001,-0.4802522836015659,2016-06-30,False,False,4.8762847222222225,True
374320,018d937f-209c-7223-8ead-671a11f25e7e,BR,2016-08-23 19:45:41,107.12,159.9,33.0,BRL,61,2016-04-11,229.9,BRL,BR,True,False,False,False,False,False,False,134.0,-122.78,-0.5340582862113963,2016-08-23,False,False,2.9583796296296296,True
374320,018d937f-209c-7223-8ead-671a11f25e7e,BR,2016-10-06 19:45:53,104.2,160.31,35.0,BRL,61,2016-04-11,229.9,BRL,BR,True,False,False,False,False,False,False,178.0,-125.7,-0.5467594606350588,2016-10-06,False,False,3.8958333333333335,True
374320,018d937f-209c-7223-8ead-671a11f25e7e,BR,2016-11-23 21:16:35,103.97,159.94,35.0,BRL,61,2016-04-11,229.9,BRL,BR,True,False,False,False,False,False,False,226.0,-125.93,-0.5477598956067855,2016-11-23,False,False,5.917164351851852,True
374320,018d937f-209c-7223-8ead-671a11f25e7e,BR,2016-12-22 19:46:51,80.61,161.18,50.0,BRL,61,2016-04-11,229.9,BRL,BR,True,False,False,False,False,False,False,255.0,-149.29000000000002,-0.6493692909960853,2016-12-22,False,False,11.04136574074074,True
374320,018d937f-209c-7223-8ead-671a11f25e7e,BR,2017-04-04 19:16:04,80.0,159.97,50.0,BRL,61,2016-04-11,229.9,BRL,BR,True,False,False,False,False,False,False,358.0,-149.9,-0.6520226185297956,2017-04-04,False,False,3.020798611111111,True
374320,018d937f-209c-7223-8ead-671a11f25e7e,BR,2017-05-12 23:45:45,79.9,159.83,50.0,BRL,61,2016-04-11,229.9,BRL,BR,True,False,False,False,False,False,False,396.0,-150.0,-0.6524575902566333,2017-05-12,False,False,2.7499421296296296,True
374320,018d937f-209c-7223-8ead-671a11f25e7e,BR,2017-06-23 01:45:38,63.98,159.89,60.0,BRL,61,2016-04-11,229.9,BRL,BR,True,False,False,False,False,False,False,438.0,-165.92000000000002,-0.7217050891692041,2017-06-23,False,False,12.771203703703703,True
374320,018d937f-209c-7223-8ead-671a11f25e7e,BR,2017-09-14 20:45:36,64.12,160.33,60.0,BRL,61,2016-04-11,229.9,BRL,BR,True,False,False,False,False,False,False,521.0,-165.78,-0.7210961287516311,2017-09-14,False,False,3.896145833333333,True
374320,018d937f-209c-7223-8ead-671a11f25e7e,BR,2017-11-22 19:16:17,63.96,159.9,60.0,BRL,61,2016-04-11,229.9,BRL,BR,True,False,False,False,False,False,False,590.0,-165.94,-0.7217920835145716,2017-11-22,False,False,6.0005902777777775,True
374320,018d937f-209c-7223-8ead-671a11f25e7e,BR,2017-12-21 21:45:47,39.94,159.84,75.0,BRL,61,2016-04-11,229.9,BRL,BR,True,False,False,False,False,False,False,619.0,-189.96,-0.8262722923010004,2017-12-21,False,False,14.083414351851852,True
374320,018d937f-209c-7223-8ead-671a11f25e7e,BR,2018-02-15 19:24:50,40.01,160.12,75.0,BRL,61,2016-04-11,229.9,BRL,BR,True,False,False,False,False,False,False,675.0,-189.89000000000001,-0.825967812092214,2018-02-15,False,False,4.145335648148148,True
374320,018d937f-209c-7223-8ead-671a11f25e7e,BR,2018-06-21 18:04:26,39.82,159.31,75.0,BRL,61,2016-04-11,229.9,BRL,BR,True,False,False,False,False,False,False,801.0,-190.08,-0.8267942583732057,2018-06-21,False,False,13.976724537037038,True
374320,018d937f-209c-7223-8ead-671a11f25e7e,BR,2018-10-30 01:57:12,39.73,159.01,75.0,BRL,61,2016-04-11,229.9,BRL,BR,True,False,False,False,False,False,False,932.0,-190.17000000000002,-0.8271857329273598,2018-10-30,False,False,6.731423611111111,True
374320,018d937f-209c-7223-8ead-671a11f25e7e,BR,2018-11-21 23:23:21,40.02,160.17,75.0,BRL,61,2016-04-11,229.9,BRL,BR,True,False,False,False,False,False,False,954.0,-189.88,-0.8259243149195302,2018-11-21,False,False,6.0794097222222225,True
374320,018d937f-209c-7223-8ead-671a11f25e7e,BR,2018-12-20 19:56:52,39.97,159.9,75.0,BRL,61,2016-04-11,229.9,BRL,BR,True,False,False,False,False,False,False,983.0,-189.93,-0.8261418007829491,2018-12-20,False,False,13.986793981481481,True
374320,018d937f-209c-7223-8ead-671a11f25e7e,BR,2019-02-04 22:23:09,39.97,159.9,75.0,BRL,61,2016-04-11,229.9,BRL,BR,True,False,False,False,False,False,False,1029.0,-189.93,-0.8261418007829491,2019-02-04,False,False,7.060543981481482,True
374320,018d937f-209c-7223-8ead-671a11f25e7e,BR,2019-02-14 18:32:30,39.97,159.9,75.0,BRL,61,2016-04-11,229.9,BRL,BR,True,False,False,False,False,False,False,1039.0,-189.93,-0.8261418007829491,2019-02-14,False,False,4.004722222222222,True
374320,018d937f-209c-7223-8ead-671a11f25e7e,BR,2019-04-29 17:29:00,39.97,159.9,75.0,BRL,61,2016-04-11,229.9,BRL,BR,True,False,False,False,False,False,False,1113.0,-189.93,-0.8261418007829491,2019-04-29,False,False,7.064699074074074,True
374320,018d937f-209c-7223-8ead-671a11f25e7e,BR,2019-06-13 17:14:01,39.97,159.9,75.0,BRL,61,2016-04-11,229.9,BRL,BR,True,False,False,False,False,False,False,1158.0,-189.93,-0.8261418007829491,2019-06-13,False,False,4.073518518518519,True
374320,018d937f-209c-7223-8ead-671a11f25e7e,BR,2019-06-26 03:25:56,39.97,159.9,75.0,BRL,61,2016-04-11,229.9,BRL,BR,True,False,False,False,False,False,False,1171.0,-189.93,-0.8261418007829491,2019-06-26,False,False,13.811990740740741,True
374320,018d937f-209c-7223-8ead-671a11f25e7e,BR,2019-09-05 17:07:10,39.97,159.9,75.0,BRL,61,2016-04-11,229.9,BRL,BR,True,False,False,False,False,False,False,1242.0,-189.93,-0.8261418007829491,2019-09-05,False,False,4.009884259259259,True
374320,018d937f-209c-7223-8ead-671a11f25e7e,BR,2019-10-28 17:22:39,39.97,159.9,75.0,BRL,61,2016-04-11,229.9,BRL,BR,True,False,False,False,False,False,False,1295.0,-189.93,-0.8261418007829491,2019-10-28,False,False,4.003263888888889,True
374320,018d937f-209c-7223-8ead-671a11f25e7e,BR,2019-11-26 18:09:17,39.97,159.9,75.0,BRL,61,2016-04-11,229.9,BRL,BR,True,False,False,False,False,False,False,1324.0,-189.93,-0.8261418007829491,2019-11-26,False,False,7.016006944444444,True
374320,018d937f-209c-7223-8ead-671a11f25e7e,BR,2019-12-19 18:29:48,39.97,159.9,75.0,BRL,61,2016-04-11,229.9,BRL,BR,True,False,False,False,False,False,False,1347.0,-189.93,-0.8261418007829491,2019-12-19,False,False,14.008530092592592,True
374320,018d937f-209c-7223-8ead-671a11f25e7e,BR,2020-01-23 18:29:31,39.97,159.9,75.0,BRL,61,2016-04-11,229.9,BRL,BR,True,False,False,False,False,False,False,1382.0,-189.93,-0.8261418007829491,2020-01-23,False,False,3.9954745370370373,True
374320,018d937f-209c-7223-8ead-671a11f25e7e,BR,2020-04-16 17:21:26,27.18,159.9,83.0,BRL,61,2016-04-11,229.9,BRL,BR,True,False,False,False,False,False,False,1466.0,-202.72,-0.881774684645498,2020-04-16,False,False,4.0003125,True
374320,018d937f-209c-7223-8ead-671a11f25e7e,BR,2020-04-30 17:21:32,39.97,159.9,75.0,BRL,61,2016-04-11,229.9,BRL,BR,True,False,False,False,False,False,False,1480.0,-189.93,-0.8261418007829491,2020-04-30,False,False,6.000115740740741,True
374320,018d937f-209c-7223-8ead-671a11f25e7e,BR,2020-06-20 17:21:23,39.97,159.9,75.0,BRL,61,2016-04-11,229.9,BRL,BR,True,False,False,False,False,False,False,1531.0,-189.93,-0.8261418007829491,2020-06-20,False,False,19.001203703703705,True
374320,018d937f-209c-7223-8ead-671a11f25e7e,BR,2020-11-25 18:30:48,39.97,159.9,75.0,BRL,61,2016-04-11,229.9,BRL,BR,True,False,False,False,False,False,False,1689.0,-189.93,-0.8261418007829491,2020-11-25,False,False,5.994502314814815,True
374320,018d937f-209c-7223-8ead-671a11f25e7e,BR,2020-12-22 19:02:24,39.97,159.9,75.0,BRL,61,2016-04-11,229.9,BRL,BR,True,False,False,False,False,False,False,1716.0,-189.93,-0.8261418007829491,2020-12-22,False,False,13.996631944444445,True
374320,018d937f-209c-7223-8ead-671a11f25e7e,BR,2021-02-11 19:02:52,39.97,159.9,75.0,BRL,61,2016-04-11,229.9,BRL,BR,True,False,False,False,False,False,False,1767.0,-189.93,-0.8261418007829491,2021-02-11,False,False,3.9727314814814814,True
374320,018d937f-209c-7223-8ead-671a11f25e7e,BR,2021-04-08 17:18:13,39.97,159.9,75.0,BRL,61,2016-04-11,229.9,BRL,BR,True,False,False,False,False,False,False,1823.0,-189.93,-0.8261418007829491,2021-04-08,False,False,4.004375,True
374320,018d937f-209c-7223-8ead-671a11f25e7e,BR,2021-06-18 17:20:54,39.97,159.9,75.0,BRL,61,2016-04-11,229.9,BRL,BR,True,False,False,False,False,False,False,1894.0,-189.93,-0.8261418007829491,2021-06-18,False,False,20.00667824074074,True
374320,018d937f-209c-7223-8ead-671a11f25e7e,BR,2021-11-24 18:21:38,79.95,159.9,50.0,BRL,61,2016-04-11,229.9,BRL,BR,True,False,False,False,False,False,False,2053.0,-149.95,-0.6522401043932144,2021-11-24,False,False,7.108923611111111,True
374320,018d937f-209c-7223-8ead-671a11f25e7e,BR,2021-12-22 18:54:35,39.97,159.9,75.0,BRL,61,2016-04-11,229.9,BRL,BR,True,False,False,False,False,False,False,2081.0,-189.93,-0.8261418007829491,2021-12-22,False,False,14.003831018518518,True
374320,018d937f-209c-7223-8ead-671a11f25e7e,BR,2023-02-02 17:36:57,257.9,257.9,0.0,BRL,61,2016-04-11,229.9,BRL,BR,False,False,False,True,False,False,False,2488.0,27.99999999999997,0.12179208351457138,2023-02-02,False,False,,False
374320,018d937f-209c-7223-8ead-671a11f25e7e,BR,2023-06-29 18:10:46,128.95,257.9,50.0,BRL,61,2016-04-11,229.9,BRL,BR,True,False,False,False,False,False,False,2635.0,-100.95000000000002,-0.4391039582427143,2023-06-29,False,False,13.967210648148148,True
374320,018d937f-209c-7223-8ead-671a11f25e7e,BR,2023-07-28 17:06:13,229.9,229.9,0.0,BRL,61,2016-04-11,229.9,BRL,BR,False,False,False,True,False,False,False,2664.0,0.0,0.0,2023-07-28,False,False,,False
374320,018d937f-209c-7223-8ead-671a11f25e7e,BR,2023-09-07 17:19:25,114.95,229.9,50.0,BRL,61,2016-04-11,229.9,BRL,BR,True,False,False,False,False,False,False,2705.0,-114.95,-0.5,2023-09-07,False,False,4.02068287037037,True
374320,018d937f-209c-7223-8ead-671a11f25e7e,BR,2023-11-21 18:21:42,114.95,229.9,50.0,BRL,61,2016-04-11,229.9,BRL,BR,True,False,False,False,False,False,False,2780.0,-114.95,-0.5,2023-11-21,False,False,7.004004629629629,True
374320,018d937f-209c-7223-8ead-671a11f25e7e,BR,2024-02-08 18:07:04,114.95,229.9,50.0,BRL,61,2016-04-11,229.9,BRL,BR,True,False,False,False,False,False,False,2859.0,-114.95,-0.5,2024-02-08,False,False,14.005949074074074,True
374320,018d937f-209c-7223-8ead-671a11f25e7e,BR,2024-05-09 17:18:25,114.95,229.9,50.0,BRL,61,2016-04-11,229.9,BRL,BR,True,False,False,False,False,False,False,2950.0,-114.95,-0.5,2024-05-09,False,False,6.997881944444444,True
374320,018d937f-209c-7223-8ead-671a11f25e7e,BR,2024-09-26 17:15:50,114.95,229.9,50.0,BRL,61,2016-04-11,229.9,BRL,BR,True,False,False,False,False,False,False,3090.0,-114.95,-0.5,2024-09-26,False,False,13.99986111111111,True
374320,018d937f-209c-7223-8ead-671a11f25e7e,BR,2024-11-27 20:10:13,114.95,229.9,50.0,BRL,61,2016-04-11,229.9,BRL,BR,True,False,False,False,False,False,False,3152.0,-114.95,-0.5,2024-11-27,False,False,6.92636574074074,True
374320,018d937f-209c-7223-8ead-671a11f25e7e,BR,2025-01-27 18:29:59,114.95,229.9,50.0,BRL,61,2016-04-11,229.9,BRL,BR,True,False,False,False,False,False,False,3213.0,-114.95,-0.5,2025-01-27,False,False,7.001145833333333,True
374320,018d937f-209c-7223-8ead-671a11f25e7e,BR,2025-05-01 17:19:09,114.95,229.9,50.0,BRL,61,2016-04-11,229.9,BRL,BR,True,False,False,False,False,False,False,3307.0,-114.95,-0.5,2025-05-01,False,False,13.99767361111111,True
374320,018d937f-209c-7223-8ead-671a11f25e7e,BR,2025-09-29 17:29:08,114.95,229.9,50.0,BRL,61,2016-04-11,229.9,BRL,BR,True,False,False,False,False,False,False,3458.0,-114.95,-0.5,2025-09-29,False,False,6.996203703703704,True
374320,018d937f-209c-7223-8ead-671a11f25e7e,CA,2016-06-23 19:00:16,49.86,66.49,25.0,CAD,61,2016-04-11,79.99,CAD,CA,True,False,False,False,False,False,False,73.0,-30.129999999999995,-0.37667208401050123,2016-06-23,False,False,10.948252314814814,True
374320,018d937f-209c-7223-8ead-671a11f25e7e,CA,2016-08-23 19:45:34,44.54,66.49,33.0,CAD,61,2016-04-11,79.99,CAD,CA,True,False,False,False,False,False,False,134.0,-35.449999999999996,-0.44318039754969374,2016-08-23,False,False,2.9375810185185185,True
374320,018d937f-209c-7223-8ead-671a11f25e7e,CA,2016-10-06 18:15:43,43.21,66.49,35.0,CAD,61,2016-04-11,79.99,CAD,CA,True,False,False,False,False,False,False,178.0,-36.779999999999994,-0.4598074759344918,2016-10-06,False,False,4.000034722222222,True
374320,018d937f-209c-7223-8ead-671a11f25e7e,CA,2016-11-23 19:47:41,43.21,66.49,35.0,CAD,61,2016-04-11,79.99,CAD,CA,True,False,False,False,False,False,False,226.0,-36.779999999999994,-0.4598074759344918,2016-11-23,False,False,6.061273148148148,True
374320,018d937f-209c-7223-8ead-671a11f25e7e,CA,2016-12-22 21:16:12,33.24,66.49,50.0,CAD,61,2016-04-11,79.99,CAD,CA,True,False,False,False,False,False,False,255.0,-46.74999999999999,-0.5844480560070009,2016-12-22,False,False,10.958391203703703,True
374320,018d937f-209c-7223-8ead-671a11f25e7e,CA,2017-04-04 19:15:52,33.24,66.49,50.0,CAD,61,2016-04-11,79.99,CAD,CA,True,False,False,False,False,False,False,358.0,-46.74999999999999,-0.5844480560070009,2017-04-04,False,False,2.917060185185185,True
374320,018d937f-209c-7223-8ead-671a11f25e7e,CA,2017-05-12 23:45:39,33.24,66.49,50.0,CAD,61,2016-04-11,79.99,CAD,CA,True,False,False,False,False,False,False,396.0,-46.74999999999999,-0.5844480560070009,2017-05-12,False,False,2.8332175925925926,True
374320,018d937f-209c-7223-8ead-671a11f25e7e,CA,2017-06-23 00:15:30,26.59,66.49,60.0,CAD,61,2016-04-11,79.99,CAD,CA,True,False,False,False,False,False,False,438.0,-53.39999999999999,-0.6675834479309913,2017-06-23,False,False,12.79238425925926,True
374320,018d937f-209c-7223-8ead-671a11f25e7e,CA,2017-09-14 17:45:45,26.59,66.49,60.0,CAD,61,2016-04-11,79.99,CAD,CA,True,False,False,False,False,False,False,521.0,-53.39999999999999,-0.6675834479309913,2017-09-14,False,False,4.041666666666667,True
374320,018d937f-209c-7223-8ead-671a11f25e7e,CA,2017-11-22 18:15:55,26.59,66.49,60.0,CAD,61,2016-04-11,79.99,CAD,CA,True,False,False,False,False,False,False,590.0,-53.39999999999999,-0.6675834479309913,2017-11-22,False,False,6.021319444444444,True
374320,018d937f-209c-7223-8ead-671a11f25e7e,CA,2017-12-21 20:15:41,16.62,66.49,75.0,CAD,61,2016-04-11,79.99,CAD,CA,True,False,False,False,False,False,False,619.0,-63.36999999999999,-0.7922240280035004,2017-12-21,False,False,13.938263888888889,True
374320,018d937f-209c-7223-8ead-671a11f25e7e,CA,2018-02-15 22:51:38,16.62,66.49,75.0,CAD,61,2016-04-11,79.99,CAD,CA,True,False,False,False,False,False,False,675.0,-63.36999999999999,-0.7922240280035004,2018-02-15,False,False,3.8334722222222224,True
374320,018d937f-209c-7223-8ead-671a11f25e7e,CA,2018-06-23 23:37:18,16.62,66.49,75.0,CAD,61,2016-04-11,79.99,CAD,CA,True,False,False,False,False,False,False,803.0,-63.36999999999999,-0.7922240280035004,2018-06-23,False,False,11.750208333333333,True
374320,018d937f-209c-7223-8ead-671a11f25e7e,CA,2018-10-30 00:55:10,16.62,66.49,75.0,CAD,61,2016-04-11,79.99,CAD,CA,True,False,False,False,False,False,False,932.0,-63.36999999999999,-0.7922240280035004,2018-10-30,False,False,6.729699074074074,True
374320,018d937f-209c-7223-8ead-671a11f25e7e,CA,2018-11-21 19:22:13,16.62,66.49,75.0,CAD,61,2016-04-11,79.99,CAD,CA,True,False,False,False,False,False,False,954.0,-63.36999999999999,-0.7922240280035004,2018-11-21,False,False,6.012488425925926,True
374320,018d937f-209c-7223-8ead-671a11f25e7e,CA,2018-12-20 18:15:36,16.62,66.49,75.0,CAD,61,2016-04-11,79.99,CAD,CA,True,False,False,False,False,False,False,983.0,-63.36999999999999,-0.7922240280035004,2018-12-20,False,False,14.107858796296297,True
374320,018d937f-209c-7223-8ead-671a11f25e7e,CA,2019-02-04 19:18:39,16.62,66.49,75.0,CAD,61,2016-04-11,79.99,CAD,CA,True,False,False,False,False,False,False,1029.0,-63.36999999999999,-0.7922240280035004,2019-02-04,False,False,7.017986111111111,True
374320,018d937f-209c-7223-8ead-671a11f25e7e,CA,2019-02-14 18:28:22,16.62,66.49,75.0,CAD,61,2016-04-11,79.99,CAD,CA,True,False,False,False,False,False,False,1039.0,-63.36999999999999,-0.7922240280035004,2019-02-14,False,False,4.040648148148148,True
374320,018d937f-209c-7223-8ead-671a11f25e7e,CA,2019-04-29 18:37:55,16.62,66.49,75.0,CAD,61,2016-04-11,79.99,CAD,CA,True,False,False,False,False,False,False,1113.0,-63.36999999999999,-0.7922240280035004,2019-04-29,False,False,6.987372685185186,True
374320,018d937f-209c-7223-8ead-671a11f25e7e,CA,2019-06-13 17:59:29,16.62,66.49,75.0,CAD,61,2016-04-11,79.99,CAD,CA,True,False,False,False,False,False,False,1158.0,-63.36999999999999,-0.7922240280035004,2019-06-13,False,False,4.044594907407407,True
374320,018d937f-209c-7223-8ead-671a11f25e7e,CA,2019-06-26 00:18:02,16.62,66.49,75.0,CAD,61,2016-04-11,79.99,CAD,CA,True,False,False,False,False,False,False,1171.0,-63.36999999999999,-0.7922240280035004,2019-06-26,False,False,13.773993055555556,True
374320,018d937f-209c-7223-8ead-671a11f25e7e,CA,2019-09-05 17:07:14,16.62,66.49,75.0,CAD,61,2016-04-11,79.99,CAD,CA,True,False,False,False,False,False,False,1242.0,-63.36999999999999,-0.7922240280035004,2019-09-05,False,False,4.009849537037037,True
374320,018d937f-209c-7223-8ead-671a11f25e7e,CA,2019-10-28 17:22:15,16.62,66.49,75.0,CAD,61,2016-04-11,79.99,CAD,CA,True,False,False,False,False,False,False,1295.0,-63.36999999999999,-0.7922240280035004,2019-10-28,False,False,4.002557870370371,True
374320,018d937f-209c-7223-8ead-671a11f25e7e,CA,2019-11-26 18:11:55,16.62,66.49,75.0,CAD,61,2016-04-11,79.99,CAD,CA,True,False,False,False,False,False,False,1324.0,-63.36999999999999,-0.7922240280035004,2019-11-26,False,False,7.014641203703704,True
374320,018d937f-209c-7223-8ead-671a11f25e7e,CA,2019-12-19 18:13:53,16.62,66.49,75.0,CAD,61,2016-04-11,79.99,CAD,CA,True,False,False,False,False,False,False,1347.0,-63.36999999999999,-0.7922240280035004,2019-12-19,False,False,14.019930555555556,True
374320,018d937f-209c-7223-8ead-671a11f25e7e,CA,2020-01-23 18:32:00,16.62,66.49,75.0,CAD,61,2016-04-11,79.99,CAD,CA,True,False,False,False,False,False,False,1382.0,-63.36999999999999,-0.7922240280035004,2020-01-23,False,False,3.9971064814814814,True
374320,018d937f-209c-7223-8ead-671a11f25e7e,CA,2020-04-16 17:21:22,11.3,66.49,83.0,CAD,61,2016-04-11,79.99,CAD,CA,True,False,False,False,False,False,False,1466.0,-68.69,-0.8587323415426928,2020-04-16,False,False,4.000844907407408,True
374320,018d937f-209c-7223-8ead-671a11f25e7e,CA,2020-04-30 17:22:13,16.62,66.49,75.0,CAD,61,2016-04-11,79.99,CAD,CA,True,False,False,False,False,False,False,1480.0,-63.36999999999999,-0.7922240280035004,2020-04-30,False,False,5.9993287037037035,True
374320,018d937f-209c-7223-8ead-671a11f25e7e,CA,2020-06-20 17:21:12,16.62,66.49,75.0,CAD,61,2016-04-11,79.99,CAD,CA,True,False,False,False,False,False,False,1531.0,-63.36999999999999,-0.7922240280035004,2020-06-20,False,False,19.00548611111111,True
374320,018d937f-209c-7223-8ead-671a11f25e7e,CA,2020-11-25 18:28:54,16.62,66.49,75.0,CAD,61,2016-04-11,79.99,CAD,CA,True,False,False,False,False,False,False,1689.0,-63.36999999999999,-0.7922240280035004,2020-11-25,False,False,5.997152777777778,True
374320,018d937f-209c-7223-8ead-671a11f25e7e,CA,2020-12-22 18:59:08,16.62,66.49,75.0,CAD,61,2016-04-11,79.99,CAD,CA,True,False,False,False,False,False,False,1716.0,-63.36999999999999,-0.7922240280035004,2020-12-22,False,False,13.998229166666667,True
374320,018d937f-209c-7223-8ead-671a11f25e7e,CA,2021-02-11 18:58:29,16.62,66.49,75.0,CAD,61,2016-04-11,79.99,CAD,CA,True,False,False,False,False,False,False,1767.0,-63.36999999999999,-0.7922240280035004,2021-02-11,False,False,3.9750925925925924,True
374320,018d937f-209c-7223-8ead-671a11f25e7e,CA,2021-04-08 17:18:13,16.62,66.49,75.0,CAD,61,2016-04-11,79.99,CAD,CA,True,False,False,False,False,False,False,1823.0,-63.36999999999999,-0.7922240280035004,2021-04-08,False,False,4.004375,True
374320,018d937f-209c-7223-8ead-671a11f25e7e,CA,2021-06-18 17:21:05,16.62,66.49,75.0,CAD,61,2016-04-11,79.99,CAD,CA,True,False,False,False,False,False,False,1894.0,-63.36999999999999,-0.7922240280035004,2021-06-18,False,False,20.036180555555557,True
374320,018d937f-209c-7223-8ead-671a11f25e7e,CA,2021-11-24 18:20:18,33.24,66.49,50.0,CAD,61,2016-04-11,79.99,CAD,CA,True,False,False,False,False,False,False,2053.0,-46.74999999999999,-0.5844480560070009,2021-11-24,False,False,7.10943287037037,True
374320,018d937f-209c-7223-8ead-671a11f25e7e,CA,2021-12-22 18:35:39,16.62,66.49,75.0,CAD,61,2016-04-11,79.99,CAD,CA,True,False,False,False,False,False,False,2081.0,-63.36999999999999,-0.7922240280035004,2021-12-22,False,False,14.02011574074074,True
374320,018d937f-209c-7223-8ead-671a11f25e7e,CA,2023-02-02 17:36:55,79.99,79.99,0.0,CAD,61,2016-04-11,79.99,CAD,CA,False,False,False,True,False,False,False,2488.0,0.0,0.0,2023-02-02,False,False,,False
374320,018d937f-209c-7223-8ead-671a11f25e7e,CA,2023-06-29 21:38:41,39.99,79.99,50.0,CAD,61,2016-04-11,79.99,CAD,CA,True,False,False,False,False,False,False,2635.0,-39.99999999999999,-0.5000625078134766,2023-06-29,False,False,13.827893518518518,True
374320,018d937f-209c-7223-8ead-671a11f25e7e,CA,2023-09-07 17:19:26,39.99,79.99,50.0,CAD,61,2016-04-11,79.99,CAD,CA,True,False,False,False,False,False,False,2705.0,-39.99999999999999,-0.5000625078134766,2023-09-07,False,False,3.9975694444444443,True
374320,018d937f-209c-7223-8ead-671a11f25e7e,CA,2023-11-21 18:31:02,39.99,79.99,50.0,CAD,61,2016-04-11,79.99,CAD,CA,True,False,False,False,False,False,False,2780.0,-39.99999999999999,-0.5000625078134766,2023-11-21,False,False,6.988854166666667,True
374320,018d937f-209c-7223-8ead-671a11f25e7e,CA,2024-02-08 18:24:21,39.99,79.99,50.0,CAD,61,2016-04-11,79.99,CAD,CA,True,False,False,False,False,False,False,2859.0,-39.99999999999999,-0.5000625078134766,2024-02-08,False,False,13.993958333333333,True
374320,018d937f-209c-7223-8ead-671a11f25e7e,CA,2024-05-09 17:18:07,39.99,79.99,50.0,CAD,61,2016-04-11,79.99,CAD,CA,True,False,False,False,False,False,False,2950.0,-39.99999999999999,-0.5000625078134766,2024-05-09,False,False,6.998217592592592,True
374320,018d937f-209c-7223-8ead-671a11f25e7e,CA,2024-09-26 17:15:30,39.99,79.99,50.0,CAD,61,2016-04-11,79.99,CAD,CA,True,False,False,False,False,False,False,3090.0,-39.99999999999999,-0.5000625078134766,2024-09-26,False,False,13.999953703703703,True
374320,018d937f-209c-7223-8ead-671a11f25e7e,CA,2024-11-27 20:10:01,39.99,79.99,50.0,CAD,61,2016-04-11,79.99,CAD,CA,True,False,False,False,False,False,False,3152.0,-39.99999999999999,-0.5000625078134766,2024-11-27,False,False,6.92650462962963,True
374320,018d937f-209c-7223-8ead-671a11f25e7e,CA,2025-01-27 18:29:48,39.99,79.99,50.0,CAD,61,2016-04-11,79.99,CAD,CA,True,False,False,False,False,False,False,3213.0,-39.99999999999999,-0.5000625078134766,2025-01-27,False,False,7.001203703703704,True
374320,018d937f-209c-7223-8ead-671a11f25e7e,CA,2025-05-01 17:15:26,39.99,79.99,50.0,CAD,61,2016-04-11,79.99,CAD,CA,True,False,False,False,False,False,False,3307.0,-39.99999999999999,-0.5000625078134766,2025-05-01,False,False,14.002395833333333,True
374320,018d937f-209c-7223-8ead-671a11f25e7e,CA,2025-09-29 17:36:11,39.99,79.99,50.0,CAD,61,2016-04-11,79.99,CAD,CA,True,False,False,False,False,False,False,3458.0,-39.99999999999999,-0.5000625078134766,2025-09-29,False,False,6.991319444444445,True
374320,018d937f-209c-7223-8ead-671a11f25e7e,CN,2016-06-23 17:40:17,201.0,268.0,25.0,CNY,61,2016-04-11,268.0,CNY,CN,True,False,False,False,False,False,False,73.0,-67.0,-0.25,2016-06-23,False,False,10.735636574074075,True
374320,018d937f-209c-7223-8ead-671a11f25e7e,CN,2016-08-23 17:46:22,179.0,268.0,33.0,CNY,61,2016-04-11,268.0,CNY,CN,True,False,False,False,False,False,False,134.0,-89.0,-0.332089552238806,2016-08-23,False,False,3.104178240740741,True
374320,018d937f-209c-7223-8ead-671a11f25e7e,CN,2016-10-06 17:46:45,174.0,268.0,35.0,CNY,61,2016-04-11,268.0,CNY,CN,True,False,False,False,False,False,False,178.0,-94.0,-0.35074626865671643,2016-10-06,False,False,4.083275462962963,True
374320,018d937f-209c-7223-8ead-671a11f25e7e,CN,2016-11-23 21:46:48,174.0,268.0,35.0,CNY,61,2016-04-11,268.0,CNY,CN,True,False,False,False,False,False,False,226.0,-94.0,-0.35074626865671643,2016-11-23,False,False,6.0,True
374320,018d937f-209c-7223-8ead-671a11f25e7e,CN,2016-12-22 20:46:51,134.0,268.0,50.0,CNY,61,2016-04-11,268.0,CNY,CN,True,False,False,False,False,False,False,255.0,-134.0,-0.5,2016-12-22,False,False,10.917800925925926,True
374320,018d937f-209c-7223-8ead-671a11f25e7e,CN,2017-04-04 19:17:32,134.0,268.0,50.0,CNY,61,2016-04-11,268.0,CNY,CN,True,False,False,False,False,False,False,358.0,-134.0,-0.5,2017-04-04,False,False,3.020509259259259,True
374320,018d937f-209c-7223-8ead-671a11f25e7e,CN,2017-05-12 21:46:03,134.0,268.0,50.0,CNY,61,2016-04-11,268.0,CNY,CN,True,False,False,False,False,False,False,396.0,-134.0,-0.5,2017-05-12,False,False,2.916585648148148,True
374320,018d937f-209c-7223-8ead-671a11f25e7e,CN,2017-06-22 22:16:26,107.0,268.0,60.0,CNY,61,2016-04-11,268.0,CNY,CN,True,False,False,False,False,False,False,437.0,-161.0,-0.6007462686567164,2017-06-22,False,False,12.87616898148148,True
374320,018d937f-209c-7223-8ead-671a11f25e7e,CN,2017-09-14 20:16:58,107.0,268.0,60.0,CNY,61,2016-04-11,268.0,CNY,CN,True,False,False,False,False,False,False,521.0,-161.0,-0.6007462686567164,2017-09-14,False,False,3.8956597222222222,True
374320,018d937f-209c-7223-8ead-671a11f25e7e,CN,2017-11-22 19:17:17,107.0,268.0,60.0,CNY,61,2016-04-11,268.0,CNY,CN,True,False,False,False,False,False,False,590.0,-161.0,-0.6007462686567164,2017-11-22,False,False,6.041759259259259,True
374320,018d937f-209c-7223-8ead-671a11f25e7e,CN,2017-12-21 21:16:26,67.0,268.0,75.0,CNY,61,2016-04-11,268.0,CNY,CN,True,False,False,False,False,False,False,619.0,-201.0,-0.75,2017-12-21,False,False,13.91787037037037,True
374320,018d937f-209c-7223-8ead-671a11f25e7e,CN,2018-02-15 21:30:10,67.0,268.0,75.0,CNY,61,2016-04-11,268.0,CNY,CN,True,False,False,False,False,False,False,675.0,-201.0,-0.75,2018-02-15,False,False,3.9785069444444443,True
374320,018d937f-209c-7223-8ead-671a11f25e7e,CN,2018-06-21 23:36:43,67.0,268.0,75.0,CNY,61,2016-04-11,268.0,CNY,CN,True,False,False,False,False,False,False,801.0,-201.0,-0.75,2018-06-21,False,False,13.77824074074074,True
374320,018d937f-209c-7223-8ead-671a11f25e7e,CN,2018-10-29 17:28:46,67.0,268.0,75.0,CNY,61,2016-04-11,268.0,CNY,CN,True,False,False,False,False,False,False,931.0,-201.0,-0.75,2018-10-29,False,False,7.079479166666666,True
374320,018d937f-209c-7223-8ead-671a11f25e7e,CN,2018-11-21 18:45:59,67.0,268.0,75.0,CNY,61,2016-04-11,268.0,CNY,CN,True,False,False,False,False,False,False,954.0,-201.0,-0.75,2018-11-21,False,False,6.156967592592593,True
374320,018d937f-209c-7223-8ead-671a11f25e7e,CN,2018-12-21 00:51:19,67.0,268.0,75.0,CNY,61,2016-04-11,268.0,CNY,CN,True,False,False,False,False,False,False,984.0,-201.0,-0.75,2018-12-21,False,False,13.794085648148148,True
374320,018d937f-209c-7223-8ead-671a11f25e7e,CN,2019-02-04 19:51:28,67.0,268.0,75.0,CNY,61,2016-04-11,268.0,CNY,CN,True,False,False,False,False,False,False,1029.0,-201.0,-0.75,2019-02-04,False,False,6.969016203703704,True
374320,018d937f-209c-7223-8ead-671a11f25e7e,CN,2019-02-14 18:26:18,67.0,268.0,75.0,CNY,61,2016-04-11,268.0,CNY,CN,True,False,False,False,False,False,False,1039.0,-201.0,-0.75,2019-02-14,False,False,4.030196759259259,True
374320,018d937f-209c-7223-8ead-671a11f25e7e,CN,2019-04-29 22:58:28,67.0,268.0,75.0,CNY,61,2016-04-11,268.0,CNY,CN,True,False,False,False,False,False,False,1113.0,-201.0,-0.75,2019-04-29,False,False,6.762604166666667,True
374320,018d937f-209c-7223-8ead-671a11f25e7e,CN,2019-06-13 17:06:51,67.0,268.0,75.0,CNY,61,2016-04-11,268.0,CNY,CN,True,False,False,False,False,False,False,1158.0,-201.0,-0.75,2019-06-13,False,False,4.009976851851852,True
374320,018d937f-209c-7223-8ead-671a11f25e7e,CN,2019-06-26 03:10:59,67.0,268.0,75.0,CNY,61,2016-04-11,268.0,CNY,CN,True,False,False,False,False,False,False,1171.0,-201.0,-0.75,2019-06-26,False,False,13.869594907407407,True
374320,018d937f-209c-7223-8ead-671a11f25e7e,CN,2019-09-05 17:07:13,67.0,268.0,75.0,CNY,61,2016-04-11,268.0,CNY,CN,True,False,False,False,False,False,False,1242.0,-201.0,-0.75,2019-09-05,False,False,4.009965277777778,True
374320,018d937f-209c-7223-8ead-671a11f25e7e,CN,2019-10-28 17:34:42,67.0,268.0,75.0,CNY,61,2016-04-11,268.0,CNY,CN,True,False,False,False,False,False,False,1295.0,-201.0,-0.75,2019-10-28,False,False,3.991712962962963,True
374320,018d937f-209c-7223-8ead-671a11f25e7e,CN,2019-11-26 18:11:19,67.0,268.0,75.0,CNY,61,2016-04-11,268.0,CNY,CN,True,False,False,False,False,False,False,1324.0,-201.0,-0.75,2019-11-26,False,False,7.012407407407407,True
374320,018d937f-209c-7223-8ead-671a11f25e7e,CN,2019-12-19 18:13:21,67.0,268.0,75.0,CNY,61,2016-04-11,268.0,CNY,CN,True,False,False,False,False,False,False,1347.0,-201.0,-0.75,2019-12-19,False,False,14.01619212962963,True
374320,018d937f-209c-7223-8ead-671a11f25e7e,CN,2020-01-23 18:21:47,67.0,268.0,75.0,CNY,61,2016-04-11,268.0,CNY,CN,True,False,False,False,False,False,False,1382.0,-201.0,-0.75,2020-01-23,False,False,4.004872685185185,True
374320,018d937f-209c-7223-8ead-671a11f25e7e,CN,2020-04-16 17:21:33,45.0,268.0,83.0,CNY,61,2016-04-11,268.0,CNY,CN,True,False,False,False,False,False,False,1466.0,-223.0,-0.832089552238806,2020-04-16,False,False,3.999953703703704,True
374320,018d937f-209c-7223-8ead-671a11f25e7e,CN,2020-04-30 17:22:08,67.0,268.0,75.0,CNY,61,2016-04-11,268.0,CNY,CN,True,False,False,False,False,False,False,1480.0,-201.0,-0.75,2020-04-30,False,False,6.000104166666667,True
374320,018d937f-209c-7223-8ead-671a11f25e7e,CN,2020-06-20 17:21:29,67.0,268.0,75.0,CNY,61,2016-04-11,268.0,CNY,CN,True,False,False,False,False,False,False,1531.0,-201.0,-0.75,2020-06-20,False,False,19.001238425925926,True
374320,018d937f-209c-7223-8ead-671a11f25e7e,CN,2020-11-25 18:25:09,67.0,268.0,75.0,CNY,61,2016-04-11,268.0,CNY,CN,True,False,False,False,False,False,False,1689.0,-201.0,-0.75,2020-11-25,False,False,5.999675925925926,True
374320,018d937f-209c-7223-8ead-671a11f25e7e,CN,2020-12-22 19:05:16,67.0,268.0,75.0,CNY,61,2016-04-11,268.0,CNY,CN,True,False,False,False,False,False,False,1716.0,-201.0,-0.75,2020-12-22,False,False,13.990555555555556,True
374320,018d937f-209c-7223-8ead-671a11f25e7e,CN,2021-02-11 18:33:36,67.0,268.0,75.0,CNY,61,2016-04-11,268.0,CNY,CN,True,False,False,False,False,False,False,1767.0,-201.0,-0.75,2021-02-11,False,False,3.9942939814814813,True
374320,018d937f-209c-7223-8ead-671a11f25e7e,CN,2021-04-08 17:18:14,67.0,268.0,75.0,CNY,61,2016-04-11,268.0,CNY,CN,True,False,False,False,False,False,False,1823.0,-201.0,-0.75,2021-04-08,False,False,4.004328703703703,True
374320,018d937f-209c-7223-8ead-671a11f25e7e,CN,2021-06-18 17:21:04,67.0,268.0,75.0,CNY,61,2016-04-11,268.0,CNY,CN,True,False,False,False,False,False,False,1894.0,-201.0,-0.75,2021-06-18,False,False,20.006539351851853,True
374320,018d937f-209c-7223-8ead-671a11f25e7e,CN,2021-11-24 21:01:44,134.0,268.0,50.0,CNY,61,2016-04-11,268.0,CNY,CN,True,False,False,False,False,False,False,2053.0,-134.0,-0.5,2021-11-24,False,False,6.99037037037037,True
374320,018d937f-209c-7223-8ead-671a11f25e7e,CN,2021-12-22 18:32:42,67.0,268.0,75.0,CNY,61,2016-04-11,268.0,CNY,CN,True,False,False,False,False,False,False,2081.0,-201.0,-0.75,2021-12-22,False,False,13.99829861111111,True
374320,018d937f-209c-7223-8ead-671a11f25e7e,CN,2023-09-07 17:19:26,134.0,268.0,50.0,CNY,61,2016-04-11,268.0,CNY,CN,True,False,False,False,False,False,False,2705.0,-134.0,-0.5,2023-09-07,False,False,4.007719907407408,True
374320,018d937f-209c-7223-8ead-671a11f25e7e,CN,2023-11-21 18:28:59,134.0,268.0,50.0,CNY,61,2016-04-11,268.0,CNY,CN,True,False,False,False,False,False,False,2780.0,-134.0,-0.5,2023-11-21,False,False,7.002685185185185,True
374320,018d937f-209c-7223-8ead-671a11f25e7e,CN,2024-02-08 18:24:23,134.0,268.0,50.0,CNY,61,2016-04-11,268.0,CNY,CN,True,False,False,False,False,False,False,2859.0,-134.0,-0.5,2024-02-08,False,False,13.993981481481482,True
374320,018d937f-209c-7223-8ead-671a11f25e7e,CN,2024-05-09 17:15:20,134.0,268.0,50.0,CNY,61,2016-04-11,268.0,CNY,CN,True,False,False,False,False,False,False,2950.0,-134.0,-0.5,2024-05-09,False,False,7.000104166666667,True
374320,018d937f-209c-7223-8ead-671a11f25e7e,CN,2024-09-26 17:15:31,134.0,268.0,50.0,CNY,61,2016-04-11,268.0,CNY,CN,True,False,False,False,False,False,False,3090.0,-134.0,-0.5,2024-09-26,False,False,14.000150462962964,True
374320,018d937f-209c-7223-8ead-671a11f25e7e,CN,2024-11-27 20:10:20,134.0,268.0,50.0,CNY,61,2016-04-11,268.0,CNY,CN,True,False,False,False,False,False,False,3152.0,-134.0,-0.5,2024-11-27,False,False,6.926273148148148,True
374320,018d937f-209c-7223-8ead-671a11f25e7e,CN,2025-01-27 18:29:45,134.0,268.0,50.0,CNY,61,2016-04-11,268.0,CNY,CN,True,False,False,False,False,False,False,3213.0,-134.0,-0.5,2025-01-27,False,False,6.991157407407408,True
374320,018d937f-209c-7223-8ead-671a11f25e7e,CN,2025-05-01 17:15:41,134.0,268.0,50.0,CNY,61,2016-04-11,268.0,CNY,CN,True,False,False,False,False,False,False,3307.0,-134.0,-0.5,2025-05-01,False,False,13.999895833333333,True
374320,018d937f-209c-7223-8ead-671a11f25e7e,CN,2025-09-29 17:28:16,134.0,268.0,50.0,CNY,61,2016-04-11,268.0,CNY,CN,True,False,False,False,False,False,False,3458.0,-134.0,-0.5,2025-09-29,False,False,6.998703703703704,True
374320,018d937f-209c-7223-8ead-671a11f25e7e,DE,2016-06-23 17:24:56,44.99,59.99,25.0,EUR,61,2016-04-11,59.99,EUR,DE,True,False,False,False,False,False,False,73.0,-15.0,-0.2500416736122687,2016-06-23,False,False,11.010023148148148,True
374320,018d937f-209c-7223-8ead-671a11f25e7e,DE,2016-08-23 18:45:05,40.19,59.99,33.0,EUR,61,2016-04-11,59.99,EUR,DE,True,False,False,False,False,False,False,134.0,-19.800000000000004,-0.33005500916819475,2016-08-23,False,False,3.0,True
374320,018d937f-209c-7223-8ead-671a11f25e7e,DE,2016-10-06 17:45:06,38.99,59.99,35.0,EUR,61,2016-04-11,59.99,EUR,DE,True,False,False,False,False,False,False,178.0,-21.0,-0.3500583430571762,2016-10-06,False,False,4.020856481481482,True
374320,018d937f-209c-7223-8ead-671a11f25e7e,DE,2016-11-23 21:15:12,38.99,59.99,35.0,EUR,61,2016-04-11,59.99,EUR,DE,True,False,False,False,False,False,False,226.0,-21.0,-0.3500583430571762,2016-11-23,False,False,5.937418981481481,True
374320,018d937f-209c-7223-8ead-671a11f25e7e,DE,2016-12-22 20:45:06,29.99,59.99,50.0,EUR,61,2016-04-11,59.99,EUR,DE,True,False,False,False,False,False,False,255.0,-30.000000000000004,-0.5000833472245374,2016-12-22,False,False,11.020960648148149,True
374320,018d937f-209c-7223-8ead-671a11f25e7e,DE,2017-04-04 18:15:21,29.99,59.99,50.0,EUR,61,2016-04-11,59.99,EUR,DE,True,False,False,False,False,False,False,358.0,-30.000000000000004,-0.5000833472245374,2017-04-04,False,False,2.9790277777777776,True
374320,018d937f-209c-7223-8ead-671a11f25e7e,DE,2017-05-12 21:45:05,29.99,59.99,50.0,EUR,61,2016-04-11,59.99,EUR,DE,True,False,False,False,False,False,False,396.0,-30.000000000000004,-0.5000833472245374,2017-05-12,False,False,2.854201388888889,True
374320,018d937f-209c-7223-8ead-671a11f25e7e,DE,2017-06-22 22:45:05,23.99,59.99,60.0,EUR,61,2016-04-11,59.99,EUR,DE,True,False,False,False,False,False,False,437.0,-36.0,-0.600100016669445,2017-06-22,False,False,12.791666666666666,True
374320,018d937f-209c-7223-8ead-671a11f25e7e,DE,2017-09-14 17:45:05,23.99,59.99,60.0,EUR,61,2016-04-11,59.99,EUR,DE,True,False,False,False,False,False,False,521.0,-36.0,-0.600100016669445,2017-09-14,False,False,4.041712962962963,True
374320,018d937f-209c-7223-8ead-671a11f25e7e,DE,2017-11-22 18:45:04,23.99,59.99,60.0,EUR,61,2016-04-11,59.99,EUR,DE,True,False,False,False,False,False,False,590.0,-36.0,-0.600100016669445,2017-11-22,False,False,6.04167824074074,True
374320,018d937f-209c-7223-8ead-671a11f25e7e,DE,2017-12-21 18:45:05,14.99,59.99,75.0,EUR,61,2016-04-11,59.99,EUR,DE,True,False,False,False,False,False,False,619.0,-45.0,-0.7501250208368061,2017-12-21,False,False,14.104247685185186,True
374320,018d937f-209c-7223-8ead-671a11f25e7e,DE,2018-02-15 19:15:05,14.99,59.99,75.0,EUR,61,2016-04-11,59.99,EUR,DE,True,False,False,False,False,False,False,675.0,-45.0,-0.7501250208368061,2018-02-15,False,False,3.9791666666666665,True
374320,018d937f-209c-7223-8ead-671a11f25e7e,DE,2018-06-21 19:51:05,14.99,59.99,75.0,EUR,61,2016-04-11,59.99,EUR,DE,True,False,False,False,False,False,False,801.0,-45.0,-0.7501250208368061,2018-06-21,False,False,13.918668981481481,True
374320,018d937f-209c-7223-8ead-671a11f25e7e,DE,2018-10-29 17:22:30,14.99,59.99,75.0,EUR,61,2016-04-11,59.99,EUR,DE,True,False,False,False,False,False,False,931.0,-45.0,-0.7501250208368061,2018-10-29,False,False,7.050740740740741,True
374320,018d937f-209c-7223-8ead-671a11f25e7e,DE,2018-11-21 18:54:45,14.99,59.99,75.0,EUR,61,2016-04-11,59.99,EUR,DE,True,False,False,False,False,False,False,954.0,-45.0,-0.7501250208368061,2018-11-21,False,False,6.021458333333333,True
374320,018d937f-209c-7223-8ead-671a11f25e7e,DE,2018-12-20 18:17:56,14.99,59.99,75.0,EUR,61,2016-04-11,59.99,EUR,DE,True,False,False,False,False,False,False,983.0,-45.0,-0.7501250208368061,2018-12-20,False,False,14.334791666666666,True
374320,018d937f-209c-7223-8ead-671a11f25e7e,DE,2019-02-04 21:01:07,14.99,59.99,75.0,EUR,61,2016-04-11,59.99,EUR,DE,True,False,False,False,False,False,False,1029.0,-45.0,-0.7501250208368061,2019-02-04,False,False,6.888622685185185,True
374320,018d937f-209c-7223-8ead-671a11f25e7e,DE,2019-02-14 18:44:47,14.99,59.99,75.0,EUR,61,2016-04-11,59.99,EUR,DE,True,False,False,False,False,False,False,1039.0,-45.0,-0.7501250208368061,2019-02-14,False,False,4.0062037037037035,True
374320,018d937f-209c-7223-8ead-671a11f25e7e,DE,2019-04-29 23:50:37,14.99,59.99,75.0,EUR,61,2016-04-11,59.99,EUR,DE,True,False,False,False,False,False,False,1113.0,-45.0,-0.7501250208368061,2019-04-29,False,False,6.733159722222222,True
374320,018d937f-209c-7223-8ead-671a11f25e7e,DE,2019-06-13 17:53:42,14.99,59.99,75.0,EUR,61,2016-04-11,59.99,EUR,DE,True,False,False,False,False,False,False,1158.0,-45.0,-0.7501250208368061,2019-06-13,False,False,3.9726157407407405,True
374320,018d937f-209c-7223-8ead-671a11f25e7e,DE,2019-06-25 17:54:46,14.99,59.99,75.0,EUR,61,2016-04-11,59.99,EUR,DE,True,False,False,False,False,False,False,1170.0,-45.0,-0.7501250208368061,2019-06-25,False,False,14.032905092592593,True
374320,018d937f-209c-7223-8ead-671a11f25e7e,DE,2019-09-05 17:07:13,14.99,59.99,75.0,EUR,61,2016-04-11,59.99,EUR,DE,True,False,False,False,False,False,False,1242.0,-45.0,-0.7501250208368061,2019-09-05,False,False,4.009976851851852,True
374320,018d937f-209c-7223-8ead-671a11f25e7e,DE,2019-10-28 17:57:37,14.99,59.99,75.0,EUR,61,2016-04-11,59.99,EUR,DE,True,False,False,False,False,False,False,1295.0,-45.0,-0.7501250208368061,2019-10-28,False,False,3.9758912037037035,True
374320,018d937f-209c-7223-8ead-671a11f25e7e,DE,2019-11-26 18:11:58,14.99,59.99,75.0,EUR,61,2016-04-11,59.99,EUR,DE,True,False,False,False,False,False,False,1324.0,-45.0,-0.7501250208368061,2019-11-26,False,False,7.009398148148148,True
374320,018d937f-209c-7223-8ead-671a11f25e7e,DE,2019-12-19 18:07:30,14.99,59.99,75.0,EUR,61,2016-04-11,59.99,EUR,DE,True,False,False,False,False,False,False,1347.0,-45.0,-0.7501250208368061,2019-12-19,False,False,14.023310185185185,True
374320,018d937f-209c-7223-8ead-671a11f25e7e,DE,2020-01-23 18:24:07,14.99,59.99,75.0,EUR,61,2016-04-11,59.99,EUR,DE,True,False,False,False,False,False,False,1382.0,-45.0,-0.7501250208368061,2020-01-23,False,False,3.9990625,True
374320,018d937f-209c-7223-8ead-671a11f25e7e,DE,2020-04-16 17:21:21,10.19,59.99,83.0,EUR,61,2016-04-11,59.99,EUR,DE,True,False,False,False,False,False,False,1466.0,-49.800000000000004,-0.8301383563927321,2020-04-16,False,False,4.000740740740741,True
374320,018d937f-209c-7223-8ead-671a11f25e7e,DE,2020-04-30 17:22:45,14.99,59.99,75.0,EUR,61,2016-04-11,59.99,EUR,DE,True,False,False,False,False,False,False,1480.0,-45.0,-0.7501250208368061,2020-04-30,False,False,6.000081018518519,True
374320,018d937f-209c-7223-8ead-671a11f25e7e,DE,2020-06-20 17:21:32,14.99,59.99,75.0,EUR,61,2016-04-11,59.99,EUR,DE,True,False,False,False,False,False,False,1531.0,-45.0,-0.7501250208368061,2020-06-20,False,False,19.00201388888889,True
374320,018d937f-209c-7223-8ead-671a11f25e7e,DE,2020-11-25 18:28:29,14.99,59.99,75.0,EUR,61,2016-04-11,59.99,EUR,DE,True,False,False,False,False,False,False,1689.0,-45.0,-0.7501250208368061,2020-11-25,False,False,5.996655092592593,True
374320,018d937f-209c-7223-8ead-671a11f25e7e,DE,2020-12-22 18:58:46,14.99,59.99,75.0,EUR,61,2016-04-11,59.99,EUR,DE,True,False,False,False,False,False,False,1716.0,-45.0,-0.7501250208368061,2020-12-22,False,False,13.998506944444445,True
374320,018d937f-209c-7223-8ead-671a11f25e7e,DE,2021-02-11 19:03:02,14.99,59.99,75.0,EUR,61,2016-04-11,59.99,EUR,DE,True,False,False,False,False,False,False,1767.0,-45.0,-0.7501250208368061,2021-02-11,False,False,3.9725694444444444,True
374320,018d937f-209c-7223-8ead-671a11f25e7e,DE,2021-04-08 17:18:17,14.99,59.99,75.0,EUR,61,2016-04-11,59.99,EUR,DE,True,False,False,False,False,False,False,1823.0,-45.0,-0.7501250208368061,2021-04-08,False,False,4.0042939814814815,True
374320,018d937f-209c-7223-8ead-671a11f25e7e,DE,2021-06-18 17:21:00,14.99,59.99,75.0,EUR,61,2016-04-11,59.99,EUR,DE,True,False,False,False,False,False,False,1894.0,-45.0,-0.7501250208368061,2021-06-18,False,False,20.00440972222222,True
374320,018d937f-209c-7223-8ead-671a11f25e7e,DE,2021-11-24 18:54:19,29.99,59.99,50.0,EUR,61,2016-04-11,59.99,EUR,DE,True,False,False,False,False,False,False,2053.0,-30.000000000000004,-0.5000833472245374,2021-11-24,False,False,7.0219907407407405,True
374320,018d937f-209c-7223-8ead-671a11f25e7e,DE,2021-12-22 18:16:46,14.99,59.99,75.0,EUR,61,2016-04-11,59.99,EUR,DE,True,False,False,False,False,False,False,2081.0,-45.0,-0.7501250208368061,2021-12-22,False,False,14.015833333333333,True
374320,018d937f-209c-7223-8ead-671a11f25e7e,DE,2023-06-29 21:33:00,29.99,59.99,50.0,EUR,61,2016-04-11,59.99,EUR,DE,True,False,False,False,False,False,False,2635.0,-30.000000000000004,-0.5000833472245374,2023-06-29,False,False,13.8290625,True
374320,018d937f-209c-7223-8ead-671a11f25e7e,DE,2023-09-07 17:19:38,29.99,59.99,50.0,EUR,61,2016-04-11,59.99,EUR,DE,True,False,False,False,False,False,False,2705.0,-30.000000000000004,-0.5000833472245374,2023-09-07,False,False,4.027372685185185,True
374320,018d937f-209c-7223-8ead-671a11f25e7e,DE,2023-11-21 19:12:48,29.99,59.99,50.0,EUR,61,2016-04-11,59.99,EUR,DE,True,False,False,False,False,False,False,2780.0,-30.000000000000004,-0.5000833472245374,2023-11-21,False,False,6.964398148148148,True
374320,018d937f-209c-7223-8ead-671a11f25e7e,DE,2024-02-08 18:42:16,29.99,59.99,50.0,EUR,61,2016-04-11,59.99,EUR,DE,True,False,False,False,False,False,False,2859.0,-30.000000000000004,-0.5000833472245374,2024-02-08,False,False,13.981574074074073,True
374320,018d937f-209c-7223-8ead-671a11f25e7e,DE,2024-05-09 17:15:29,29.99,59.99,50.0,EUR,61,2016-04-11,59.99,EUR,DE,True,False,False,False,False,False,False,2950.0,-30.000000000000004,-0.5000833472245374,2024-05-09,False,False,7.000196759259259,True
374320,018d937f-209c-7223-8ead-671a11f25e7e,DE,2024-09-26 17:16:10,29.99,59.99,50.0,EUR,61,2016-04-11,59.99,EUR,DE,True,False,False,False,False,False,False,3090.0,-30.000000000000004,-0.5000833472245374,2024-09-26,False,False,13.99943287037037,True
374320,018d937f-209c-7223-8ead-671a11f25e7e,DE,2024-11-27 20:10:11,29.99,59.99,50.0,EUR,61,2016-04-11,59.99,EUR,DE,True,False,False,False,False,False,False,3152.0,-30.000000000000004,-0.5000833472245374,2024-11-27,False,False,6.926377314814815,True
374320,018d937f-209c-7223-8ead-671a11f25e7e,DE,2025-01-27 18:29:58,29.99,59.99,50.0,EUR,61,2016-04-11,59.99,EUR,DE,True,False,False,False,False,False,False,3213.0,-30.000000000000004,-0.5000833472245374,2025-01-27,False,False,7.001527777777778,True
374320,018d937f-209c-7223-8ead-671a11f25e7e,DE,2025-05-01 17:19:12,29.99,59.99,50.0,EUR,61,2016-04-11,59.99,EUR,DE,True,False,False,False,False,False,False,3307.0,-30.000000000000004,-0.5000833472245374,2025-05-01,False,False,13.9978125,True
374320,018d937f-209c-7223-8ead-671a11f25e7e,DE,2025-09-29 17:28:16,29.99,59.99,50.0,EUR,61,2016-04-11,59.99,EUR,DE,True,False,False,False,False,False,False,3458.0,-30.000000000000004,-0.5000833472245374,2025-09-29,False,False,7.000925925925926,True
374320,018d937f-209c-7223-8ead-671a11f25e7e,FR,2016-06-23 17:24:56,44.99,59.99,25.0,EUR,61,2016-04-11,59.99,EUR,FR,True,False,False,False,False,False,False,73.0,-15.0,-0.2500416736122687,2016-06-23,False,False,11.010023148148148,True
374320,018d937f-209c-7223-8ead-671a11f25e7e,FR,2016-08-23 18:45:05,40.19,59.99,33.0,EUR,61,2016-04-11,59.99,EUR,FR,True,False,False,False,False,False,False,134.0,-19.800000000000004,-0.33005500916819475,2016-08-23,False,False,3.0,True
374320,018d937f-209c-7223-8ead-671a11f25e7e,FR,2016-10-06 17:45:06,38.99,59.99,35.0,EUR,61,2016-04-11,59.99,EUR,FR,True,False,False,False,False,False,False,178.0,-21.0,-0.3500583430571762,2016-10-06,False,False,4.020856481481482,True
374320,018d937f-209c-7223-8ead-671a11f25e7e,FR,2016-11-23 21:15:12,38.99,59.99,35.0,EUR,61,2016-04-11,59.99,EUR,FR,True,False,False,False,False,False,False,226.0,-21.0,-0.3500583430571762,2016-11-23,False,False,5.937418981481481,True
374320,018d937f-209c-7223-8ead-671a11f25e7e,FR,2016-12-22 20:45:06,29.99,59.99,50.0,EUR,61,2016-04-11,59.99,EUR,FR,True,False,False,False,False,False,False,255.0,-30.000000000000004,-0.5000833472245374,2016-12-22,False,False,11.020960648148149,True
374320,018d937f-209c-7223-8ead-671a11f25e7e,FR,2017-04-04 18:15:21,29.99,59.99,50.0,EUR,61,2016-04-11,59.99,EUR,FR,True,False,False,False,False,False,False,358.0,-30.000000000000004,-0.5000833472245374,2017-04-04,False,False,2.9790277777777776,True
374320,018d937f-209c-7223-8ead-671a11f25e7e,FR,2017-05-12 21:45:05,29.99,59.99,50.0,EUR,61,2016-04-11,59.99,EUR,FR,True,False,False,False,False,False,False,396.0,-30.000000000000004,-0.5000833472245374,2017-05-12,False,False,2.854201388888889,True
374320,018d937f-209c-7223-8ead-671a11f25e7e,FR,2017-06-22 22:45:05,23.99,59.99,60.0,EUR,61,2016-04-11,59.99,EUR,FR,True,False,False,False,False,False,False,437.0,-36.0,-0.600100016669445,2017-06-22,False,False,12.791666666666666,True
374320,018d937f-209c-7223-8ead-671a11f25e7e,FR,2017-09-14 17:45:05,23.99,59.99,60.0,EUR,61,2016-04-11,59.99,EUR,FR,True,False,False,False,False,False,False,521.0,-36.0,-0.600100016669445,2017-09-14,False,False,4.041712962962963,True
374320,018d937f-209c-7223-8ead-671a11f25e7e,FR,2017-11-22 18:45:04,23.99,59.99,60.0,EUR,61,2016-04-11,59.99,EUR,FR,True,False,False,False,False,False,False,590.0,-36.0,-0.600100016669445,2017-11-22,False,False,6.04167824074074,True
374320,018d937f-209c-7223-8ead-671a11f25e7e,FR,2017-12-21 18:45:05,14.99,59.99,75.0,EUR,61,2016-04-11,59.99,EUR,FR,True,False,False,False,False,False,False,619.0,-45.0,-0.7501250208368061,2017-12-21,False,False,14.104247685185186,True
374320,018d937f-209c-7223-8ead-671a11f25e7e,FR,2018-02-15 19:15:05,14.99,59.99,75.0,EUR,61,2016-04-11,59.99,EUR,FR,True,False,False,False,False,False,False,675.0,-45.0,-0.7501250208368061,2018-02-15,False,False,3.9791666666666665,True
374320,018d937f-209c-7223-8ead-671a11f25e7e,FR,2018-06-21 19:51:05,14.99,59.99,75.0,EUR,61,2016-04-11,59.99,EUR,FR,True,False,False,False,False,False,False,801.0,-45.0,-0.7501250208368061,2018-06-21,False,False,13.918668981481481,True
374320,018d937f-209c-7223-8ead-671a11f25e7e,FR,2018-10-29 17:22:30,14.99,59.99,75.0,EUR,61,2016-04-11,59.99,EUR,FR,True,False,False,False,False,False,False,931.0,-45.0,-0.7501250208368061,2018-10-29,False,False,7.050740740740741,True
374320,018d937f-209c-7223-8ead-671a11f25e7e,FR,2018-11-21 18:54:45,14.99,59.99,75.0,EUR,61,2016-04-11,59.99,EUR,FR,True,False,False,False,False,False,False,954.0,-45.0,-0.7501250208368061,2018-11-21,False,False,6.021458333333333,True
374320,018d937f-209c-7223-8ead-671a11f25e7e,FR,2018-12-20 18:17:56,14.99,59.99,75.0,EUR,61,2016-04-11,59.99,EUR,FR,True,False,False,False,False,False,False,983.0,-45.0,-0.7501250208368061,2018-12-20,False,False,14.334791666666666,True
374320,018d937f-209c-7223-8ead-671a11f25e7e,FR,2019-02-04 21:01:07,14.99,59.99,75.0,EUR,61,2016-04-11,59.99,EUR,FR,True,False,False,False,False,False,False,1029.0,-45.0,-0.7501250208368061,2019-02-04,False,False,6.888622685185185,True
374320,018d937f-209c-7223-8ead-671a11f25e7e,FR,2019-02-14 18:44:47,14.99,59.99,75.0,EUR,61,2016-04-11,59.99,EUR,FR,True,False,False,False,False,False,False,1039.0,-45.0,-0.7501250208368061,2019-02-14,False,False,4.0062037037037035,True
374320,018d937f-209c-7223-8ead-671a11f25e7e,FR,2019-04-29 23:50:37,14.99,59.99,75.0,EUR,61,2016-04-11,59.99,EUR,FR,True,False,False,False,False,False,False,1113.0,-45.0,-0.7501250208368061,2019-04-29,False,False,6.733159722222222,True
374320,018d937f-209c-7223-8ead-671a11f25e7e,FR,2019-06-13 17:53:42,14.99,59.99,75.0,EUR,61,2016-04-11,59.99,EUR,FR,True,False,False,False,False,False,False,1158.0,-45.0,-0.7501250208368061,2019-06-13,False,False,3.9726157407407405,True
374320,018d937f-209c-7223-8ead-671a11f25e7e,FR,2019-06-25 17:54:46,14.99,59.99,75.0,EUR,61,2016-04-11,59.99,EUR,FR,True,False,False,False,False,False,False,1170.0,-45.0,-0.7501250208368061,2019-06-25,False,False,14.032905092592593,True
374320,018d937f-209c-7223-8ead-671a11f25e7e,FR,2019-09-05 17:07:13,14.99,59.99,75.0,EUR,61,2016-04-11,59.99,EUR,FR,True,False,False,False,False,False,False,1242.0,-45.0,-0.7501250208368061,2019-09-05,False,False,4.009976851851852,True
374320,018d937f-209c-7223-8ead-671a11f25e7e,FR,2019-10-28 17:57:37,14.99,59.99,75.0,EUR,61,2016-04-11,59.99,EUR,FR,True,False,False,False,False,False,False,1295.0,-45.0,-0.7501250208368061,2019-10-28,False,False,3.9758912037037035,True
374320,018d937f-209c-7223-8ead-671a11f25e7e,FR,2019-11-26 18:11:58,14.99,59.99,75.0,EUR,61,2016-04-11,59.99,EUR,FR,True,False,False,False,False,False,False,1324.0,-45.0,-0.7501250208368061,2019-11-26,False,False,7.009398148148148,True
374320,018d937f-209c-7223-8ead-671a11f25e7e,FR,2019-12-19 18:07:30,14.99,59.99,75.0,EUR,61,2016-04-11,59.99,EUR,FR,True,False,False,False,False,False,False,1347.0,-45.0,-0.7501250208368061,2019-12-19,False,False,14.023310185185185,True
374320,018d937f-209c-7223-8ead-671a11f25e7e,FR,2020-01-23 18:24:07,14.99,59.99,75.0,EUR,61,2016-04-11,59.99,EUR,FR,True,False,False,False,False,False,False,1382.0,-45.0,-0.7501250208368061,2020-01-23,False,False,3.9990625,True
374320,018d937f-209c-7223-8ead-671a11f25e7e,FR,2020-04-16 17:21:21,10.19,59.99,83.0,EUR,61,2016-04-11,59.99,EUR,FR,True,False,False,False,False,False,False,1466.0,-49.800000000000004,-0.8301383563927321,2020-04-16,False,False,4.000740740740741,True
374320,018d937f-209c-7223-8ead-671a11f25e7e,FR,2020-04-30 17:22:45,14.99,59.99,75.0,EUR,61,2016-04-11,59.99,EUR,FR,True,False,False,False,False,False,False,1480.0,-45.0,-0.7501250208368061,2020-04-30,False,False,6.000081018518519,True
374320,018d937f-209c-7223-8ead-671a11f25e7e,FR,2020-06-20 17:21:32,14.99,59.99,75.0,EUR,61,2016-04-11,59.99,EUR,FR,True,False,False,False,False,False,False,1531.0,-45.0,-0.7501250208368061,2020-06-20,False,False,19.00201388888889,True
374320,018d937f-209c-7223-8ead-671a11f25e7e,FR,2020-11-25 18:28:29,14.99,59.99,75.0,EUR,61,2016-04-11,59.99,EUR,FR,True,False,False,False,False,False,False,1689.0,-45.0,-0.7501250208368061,2020-11-25,False,False,5.996655092592593,True
374320,018d937f-209c-7223-8ead-671a11f25e7e,FR,2020-12-22 18:58:46,14.99,59.99,75.0,EUR,61,2016-04-11,59.99,EUR,FR,True,False,False,False,False,False,False,1716.0,-45.0,-0.7501250208368061,2020-12-22,False,False,13.998506944444445,True
374320,018d937f-209c-7223-8ead-671a11f25e7e,FR,2021-02-11 19:03:02,14.99,59.99,75.0,EUR,61,2016-04-11,59.99,EUR,FR,True,False,False,False,False,False,False,1767.0,-45.0,-0.7501250208368061,2021-02-11,False,False,3.9725694444444444,True
374320,018d937f-209c-7223-8ead-671a11f25e7e,FR,2021-04-08 17:18:17,14.99,59.99,75.0,EUR,61,2016-04-11,59.99,EUR,FR,True,False,False,False,False,False,False,1823.0,-45.0,-0.7501250208368061,2021-04-08,False,False,4.0042939814814815,True
374320,018d937f-209c-7223-8ead-671a11f25e7e,FR,2021-06-18 17:21:00,14.99,59.99,75.0,EUR,61,2016-04-11,59.99,EUR,FR,True,False,False,False,False,False,False,1894.0,-45.0,-0.7501250208368061,2021-06-18,False,False,20.00440972222222,True
374320,018d937f-209c-7223-8ead-671a11f25e7e,FR,2021-11-24 18:54:19,29.99,59.99,50.0,EUR,61,2016-04-11,59.99,EUR,FR,True,False,False,False,False,False,False,2053.0,-30.000000000000004,-0.5000833472245374,2021-11-24,False,False,7.0219907407407405,True
374320,018d937f-209c-7223-8ead-671a11f25e7e,FR,2021-12-22 18:16:46,14.99,59.99,75.0,EUR,61,2016-04-11,59.99,EUR,FR,True,False,False,False,False,False,False,2081.0,-45.0,-0.7501250208368061,2021-12-22,False,False,14.015833333333333,True
374320,018d937f-209c-7223-8ead-671a11f25e7e,FR,2023-06-29 21:33:00,29.99,59.99,50.0,EUR,61,2016-04-11,59.99,EUR,FR,True,False,False,False,False,False,False,2635.0,-30.000000000000004,-0.5000833472245374,2023-06-29,False,False,13.8290625,True
374320,018d937f-209c-7223-8ead-671a11f25e7e,FR,2023-09-07 17:19:38,29.99,59.99,50.0,EUR,61,2016-04-11,59.99,EUR,FR,True,False,False,False,False,False,False,2705.0,-30.000000000000004,-0.5000833472245374,2023-09-07,False,False,4.027372685185185,True
374320,018d937f-209c-7223-8ead-671a11f25e7e,FR,2023-11-21 19:12:48,29.99,59.99,50.0,EUR,61,2016-04-11,59.99,EUR,FR,True,False,False,False,False,False,False,2780.0,-30.000000000000004,-0.5000833472245374,2023-11-21,False,False,6.964398148148148,True
374320,018d937f-209c-7223-8ead-671a11f25e7e,FR,2024-02-08 18:42:16,29.99,59.99,50.0,EUR,61,2016-04-11,59.99,EUR,FR,True,False,False,False,False,False,False,2859.0,-30.000000000000004,-0.5000833472245374,2024-02-08,False,False,13.981574074074073,True
374320,018d937f-209c-7223-8ead-671a11f25e7e,FR,2024-05-09 17:15:29,29.99,59.99,50.0,EUR,61,2016-04-11,59.99,EUR,FR,True,False,False,False,False,False,False,2950.0,-30.000000000000004,-0.5000833472245374,2024-05-09,False,False,7.000196759259259,True
374320,018d937f-209c-7223-8ead-671a11f25e7e,FR,2024-09-26 17:16:10,29.99,59.99,50.0,EUR,61,2016-04-11,59.99,EUR,FR,True,False,False,False,False,False,False,3090.0,-30.000000000000004,-0.5000833472245374,2024-09-26,False,False,13.99943287037037,True
374320,018d937f-209c-7223-8ead-671a11f25e7e,FR,2024-11-27 20:10:11,29.99,59.99,50.0,EUR,61,2016-04-11,59.99,EUR,FR,True,False,False,False,False,False,False,3152.0,-30.000000000000004,-0.5000833472245374,2024-11-27,False,False,6.926377314814815,True
374320,018d937f-209c-7223-8ead-671a11f25e7e,FR,2025-01-27 18:29:58,29.99,59.99,50.0,EUR,61,2016-04-11,59.99,EUR,FR,True,False,False,False,False,False,False,3213.0,-30.000000000000004,-0.5000833472245374,2025-01-27,False,False,7.001527777777778,True
374320,018d937f-209c-7223-8ead-671a11f25e7e,FR,2025-05-01 17:19:12,29.99,59.99,50.0,EUR,61,2016-04-11,59.99,EUR,FR,True,False,False,False,False,False,False,3307.0,-30.000000000000004,-0.5000833472245374,2025-05-01,False,False,13.9978125,True
374320,018d937f-209c-7223-8ead-671a11f25e7e,FR,2025-09-29 17:28:16,29.99,59.99,50.0,EUR,61,2016-04-11,59.99,EUR,FR,True,False,False,False,False,False,False,3458.0,-30.000000000000004,-0.5000833472245374,2025-09-29,False,False,7.000925925925926,True
374320,018d937f-209c-7223-8ead-671a11f25e7e,GB,2016-06-23 19:24:59,29.99,39.99,25.0,GBP,61,2016-04-11,39.99,GBP,GB,True,False,False,False,False,False,False,73.0,-10.000000000000004,-0.25006251562890736,2016-06-23,False,False,10.92675925925926,True
374320,018d937f-209c-7223-8ead-671a11f25e7e,GB,2016-08-23 19:45:18,26.79,39.99,33.0,GBP,61,2016-04-11,39.99,GBP,GB,True,False,False,False,False,False,False,134.0,-13.200000000000003,-0.33008252063015764,2016-08-23,False,False,2.9375810185185185,True
374320,018d937f-209c-7223-8ead-671a11f25e7e,GB,2016-10-06 20:45:25,25.99,39.99,35.0,GBP,61,2016-04-11,39.99,GBP,GB,True,False,False,False,False,False,False,178.0,-14.000000000000004,-0.3500875218804702,2016-10-06,False,False,3.874976851851852,True
374320,018d937f-209c-7223-8ead-671a11f25e7e,GB,2016-11-23 21:15:41,25.99,39.99,35.0,GBP,61,2016-04-11,39.99,GBP,GB,True,False,False,False,False,False,False,226.0,-14.000000000000004,-0.3500875218804702,2016-11-23,False,False,5.937303240740741,True
374320,018d937f-209c-7223-8ead-671a11f25e7e,GB,2016-12-22 22:15:27,19.99,39.99,50.0,GBP,61,2016-04-11,39.99,GBP,GB,True,False,False,False,False,False,False,255.0,-20.000000000000004,-0.5001250312578145,2016-12-22,False,False,10.8753125,True
374320,018d937f-209c-7223-8ead-671a11f25e7e,GB,2017-04-04 19:15:34,19.99,39.99,50.0,GBP,61,2016-04-11,39.99,GBP,GB,True,False,False,False,False,False,False,358.0,-20.000000000000004,-0.5001250312578145,2017-04-04,False,False,2.9374884259259257,True
374320,018d937f-209c-7223-8ead-671a11f25e7e,GB,2017-05-12 22:15:27,19.99,39.99,50.0,GBP,61,2016-04-11,39.99,GBP,GB,True,False,False,False,False,False,False,396.0,-20.000000000000004,-0.5001250312578145,2017-05-12,False,False,2.833287037037037,True
374320,018d937f-209c-7223-8ead-671a11f25e7e,GB,2017-06-22 23:15:20,15.99,39.99,60.0,GBP,61,2016-04-11,39.99,GBP,GB,True,False,False,False,False,False,False,437.0,-24.0,-0.6001500375093773,2017-06-22,False,False,12.875208333333333,True
374320,018d937f-209c-7223-8ead-671a11f25e7e,GB,2017-09-14 18:15:41,15.99,39.99,60.0,GBP,61,2016-04-11,39.99,GBP,GB,True,False,False,False,False,False,False,521.0,-24.0,-0.6001500375093773,2017-09-14,False,False,4.062268518518518,True
374320,018d937f-209c-7223-8ead-671a11f25e7e,GB,2017-11-22 23:45:18,15.99,39.99,60.0,GBP,61,2016-04-11,39.99,GBP,GB,True,False,False,False,False,False,False,590.0,-24.0,-0.6001500375093773,2017-11-22,False,False,5.792025462962963,True
374320,018d937f-209c-7223-8ead-671a11f25e7e,GB,2017-12-21 18:45:56,9.99,39.99,75.0,GBP,61,2016-04-11,39.99,GBP,GB,True,False,False,False,False,False,False,619.0,-30.0,-0.7501875468867216,2017-12-21,False,False,14.082939814814814,True
374320,018d937f-209c-7223-8ead-671a11f25e7e,GB,2018-02-15 19:18:47,9.99,39.99,75.0,GBP,61,2016-04-11,39.99,GBP,GB,True,False,False,False,False,False,False,675.0,-30.0,-0.7501875468867216,2018-02-15,False,False,4.020844907407407,True
374320,018d937f-209c-7223-8ead-671a11f25e7e,GB,2018-06-21 18:37:41,9.99,39.99,75.0,GBP,61,2016-04-11,39.99,GBP,GB,True,False,False,False,False,False,False,801.0,-30.0,-0.7501875468867216,2018-06-21,False,False,13.946400462962963,True
374320,018d937f-209c-7223-8ead-671a11f25e7e,GB,2018-10-29 17:24:00,9.99,39.99,75.0,GBP,61,2016-04-11,39.99,GBP,GB,True,False,False,False,False,False,False,931.0,-30.0,-0.7501875468867216,2018-10-29,False,False,7.042303240740741,True
374320,018d937f-209c-7223-8ead-671a11f25e7e,GB,2018-11-21 19:25:35,9.99,39.99,75.0,GBP,61,2016-04-11,39.99,GBP,GB,True,False,False,False,False,False,False,954.0,-30.0,-0.7501875468867216,2018-11-21,False,False,6.107418981481482,True
374320,018d937f-209c-7223-8ead-671a11f25e7e,GB,2018-12-20 18:19:53,9.99,39.99,75.0,GBP,61,2016-04-11,39.99,GBP,GB,True,False,False,False,False,False,False,983.0,-30.0,-0.7501875468867216,2018-12-20,False,False,14.022048611111112,True
374320,018d937f-209c-7223-8ead-671a11f25e7e,GB,2019-02-04 18:20:52,9.99,39.99,75.0,GBP,61,2016-04-11,39.99,GBP,GB,True,False,False,False,False,False,False,1029.0,-30.0,-0.7501875468867216,2019-02-04,False,False,7.208796296296296,True
374320,018d937f-209c-7223-8ead-671a11f25e7e,GB,2019-02-14 18:48:41,9.99,39.99,75.0,GBP,61,2016-04-11,39.99,GBP,GB,True,False,False,False,False,False,False,1039.0,-30.0,-0.7501875468867216,2019-02-14,False,False,3.977511574074074,True
374320,018d937f-209c-7223-8ead-671a11f25e7e,GB,2019-04-30 02:11:56,9.99,39.99,75.0,GBP,61,2016-04-11,39.99,GBP,GB,True,False,False,False,False,False,False,1114.0,-30.0,-0.7501875468867216,2019-04-30,False,False,6.6285185185185185,True
374320,018d937f-209c-7223-8ead-671a11f25e7e,GB,2019-06-13 17:14:02,9.99,39.99,75.0,GBP,61,2016-04-11,39.99,GBP,GB,True,False,False,False,False,False,False,1158.0,-30.0,-0.7501875468867216,2019-06-13,False,False,4.008518518518518,True
374320,018d937f-209c-7223-8ead-671a11f25e7e,GB,2019-06-25 20:14:16,9.99,39.99,75.0,GBP,61,2016-04-11,39.99,GBP,GB,True,False,False,False,False,False,False,1170.0,-30.0,-0.7501875468867216,2019-06-25,False,False,13.923981481481482,True
374320,018d937f-209c-7223-8ead-671a11f25e7e,GB,2019-09-05 17:07:11,9.99,39.99,75.0,GBP,61,2016-04-11,39.99,GBP,GB,True,False,False,False,False,False,False,1242.0,-30.0,-0.7501875468867216,2019-09-05,False,False,4.010150462962963,True
374320,018d937f-209c-7223-8ead-671a11f25e7e,GB,2019-10-28 17:22:23,9.99,39.99,75.0,GBP,61,2016-04-11,39.99,GBP,GB,True,False,False,False,False,False,False,1295.0,-30.0,-0.7501875468867216,2019-10-28,False,False,4.000092592592592,True
374320,018d937f-209c-7223-8ead-671a11f25e7e,GB,2019-11-26 18:07:38,9.99,39.99,75.0,GBP,61,2016-04-11,39.99,GBP,GB,True,False,False,False,False,False,False,1324.0,-30.0,-0.7501875468867216,2019-11-26,False,False,7.012164351851852,True
374320,018d937f-209c-7223-8ead-671a11f25e7e,GB,2019-12-19 18:08:19,9.99,39.99,75.0,GBP,61,2016-04-11,39.99,GBP,GB,True,False,False,False,False,False,False,1347.0,-30.0,-0.7501875468867216,2019-12-19,False,False,14.022291666666666,True
374320,018d937f-209c-7223-8ead-671a11f25e7e,GB,2020-01-23 18:32:44,9.99,39.99,75.0,GBP,61,2016-04-11,39.99,GBP,GB,True,False,False,False,False,False,False,1382.0,-30.0,-0.7501875468867216,2020-01-23,False,False,3.996516203703704,True
374320,018d937f-209c-7223-8ead-671a11f25e7e,GB,2020-04-16 17:21:30,6.79,39.99,83.0,GBP,61,2016-04-11,39.99,GBP,GB,True,False,False,False,False,False,False,1466.0,-33.2,-0.830207551887972,2020-04-16,False,False,4.000486111111111,True
374320,018d937f-209c-7223-8ead-671a11f25e7e,GB,2020-04-30 17:21:59,9.99,39.99,75.0,GBP,61,2016-04-11,39.99,GBP,GB,True,False,False,False,False,False,False,1480.0,-30.0,-0.7501875468867216,2020-04-30,False,False,6.000046296296296,True
374320,018d937f-209c-7223-8ead-671a11f25e7e,GB,2020-06-20 17:21:27,9.99,39.99,75.0,GBP,61,2016-04-11,39.99,GBP,GB,True,False,False,False,False,False,False,1531.0,-30.0,-0.7501875468867216,2020-06-20,False,False,19.008287037037036,True
374320,018d937f-209c-7223-8ead-671a11f25e7e,GB,2020-11-25 18:27:46,9.99,39.99,75.0,GBP,61,2016-04-11,39.99,GBP,GB,True,False,False,False,False,False,False,1689.0,-30.0,-0.7501875468867216,2020-11-25,False,False,5.998009259259259,True
374320,018d937f-209c-7223-8ead-671a11f25e7e,GB,2020-12-22 18:31:45,9.99,39.99,75.0,GBP,61,2016-04-11,39.99,GBP,GB,True,False,False,False,False,False,False,1716.0,-30.0,-0.7501875468867216,2020-12-22,False,False,14.015868055555556,True
374320,018d937f-209c-7223-8ead-671a11f25e7e,GB,2021-02-11 18:32:04,9.99,39.99,75.0,GBP,61,2016-04-11,39.99,GBP,GB,True,False,False,False,False,False,False,1767.0,-30.0,-0.7501875468867216,2021-02-11,False,False,3.992974537037037,True
374320,018d937f-209c-7223-8ead-671a11f25e7e,GB,2021-04-08 17:18:15,9.99,39.99,75.0,GBP,61,2016-04-11,39.99,GBP,GB,True,False,False,False,False,False,False,1823.0,-30.0,-0.7501875468867216,2021-04-08,False,False,4.004305555555556,True
374320,018d937f-209c-7223-8ead-671a11f25e7e,GB,2021-06-18 17:21:04,9.99,39.99,75.0,GBP,61,2016-04-11,39.99,GBP,GB,True,False,False,False,False,False,False,1894.0,-30.0,-0.7501875468867216,2021-06-18,False,False,20.00886574074074,True
374320,018d937f-209c-7223-8ead-671a11f25e7e,GB,2021-11-24 18:32:52,19.99,39.99,50.0,GBP,61,2016-04-11,39.99,GBP,GB,True,False,False,False,False,False,False,2053.0,-20.000000000000004,-0.5001250312578145,2021-11-24,False,False,7.0953587962962965,True
374320,018d937f-209c-7223-8ead-671a11f25e7e,GB,2021-12-22 18:29:33,9.99,39.99,75.0,GBP,61,2016-04-11,39.99,GBP,GB,True,False,False,False,False,False,False,2081.0,-30.0,-0.7501875468867216,2021-12-22,False,False,14.010833333333334,True
374320,018d937f-209c-7223-8ead-671a11f25e7e,GB,2023-06-29 21:40:10,19.99,39.99,50.0,GBP,61,2016-04-11,39.99,GBP,GB,True,False,False,False,False,False,False,2635.0,-20.000000000000004,-0.5001250312578145,2023-06-29,False,False,13.863819444444445,True
374320,018d937f-209c-7223-8ead-671a11f25e7e,GB,2023-09-07 17:06:13,19.99,39.99,50.0,GBP,61,2016-04-11,39.99,GBP,GB,True,False,False,False,False,False,False,2705.0,-20.000000000000004,-0.5001250312578145,2023-09-07,False,False,82.05368055555556,True
374320,018d937f-209c-7223-8ead-671a11f25e7e,GB,2024-02-08 18:18:18,19.99,39.99,50.0,GBP,61,2016-04-11,39.99,GBP,GB,True,False,False,False,False,False,False,2859.0,-20.000000000000004,-0.5001250312578145,2024-02-08,False,False,14.000034722222223,True
374320,018d937f-209c-7223-8ead-671a11f25e7e,GB,2024-05-09 17:15:39,19.99,39.99,50.0,GBP,61,2016-04-11,39.99,GBP,GB,True,False,False,False,False,False,False,2950.0,-20.000000000000004,-0.5001250312578145,2024-05-09,False,False,7.0000231481481485,True
374320,018d937f-209c-7223-8ead-671a11f25e7e,GB,2024-09-26 17:15:48,19.99,39.99,50.0,GBP,61,2016-04-11,39.99,GBP,GB,True,False,False,False,False,False,False,3090.0,-20.000000000000004,-0.5001250312578145,2024-09-26,False,False,14.000092592592592,True
374320,018d937f-209c-7223-8ead-671a11f25e7e,GB,2024-11-27 20:10:34,19.99,39.99,50.0,GBP,61,2016-04-11,39.99,GBP,GB,True,False,False,False,False,False,False,3152.0,-20.000000000000004,-0.5001250312578145,2024-11-27,False,False,6.926122685185185,True
374320,018d937f-209c-7223-8ead-671a11f25e7e,GB,2025-01-27 18:20:13,19.99,39.99,50.0,GBP,61,2016-04-11,39.99,GBP,GB,True,False,False,False,False,False,False,3213.0,-20.000000000000004,-0.5001250312578145,2025-01-27,False,False,7.008194444444444,True
374320,018d937f-209c-7223-8ead-671a11f25e7e,GB,2025-05-01 17:18:34,19.99,39.99,50.0,GBP,61,2016-04-11,39.99,GBP,GB,True,False,False,False,False,False,False,3307.0,-20.000000000000004,-0.5001250312578145,2025-05-01,False,False,13.99787037037037,True
374320,018d937f-209c-7223-8ead-671a11f25e7e,GB,2025-09-29 17:28:14,19.99,39.99,50.0,GBP,61,2016-04-11,39.99,GBP,GB,True,False,False,False,False,False,False,3458.0,-20.000000000000004,-0.5001250312578145,2025-09-29,False,False,6.996875,True
374320,018d937f-209c-7223-8ead-671a11f25e7e,JP,2024-12-07 14:50:42,7623.0,7623.0,0.0,JPY,61,2016-04-11,5940.0,JPY,JP,False,False,False,False,False,False,False,3162.0,1683.0,0.28333333333333344,2024-12-07,False,False,,False
374320,018d937f-209c-7223-8ead-671a11f25e7e,JP,2025-01-27 18:21:14,3811.0,7623.0,50.0,JPY,61,2016-04-11,5940.0,JPY,JP,True,False,False,False,False,False,False,3213.0,-2129.0,-0.3584175084175084,2025-01-27,False,False,7.008078703703704,True
374320,018d937f-209c-7223-8ead-671a11f25e7e,JP,2025-05-01 17:15:37,3811.0,7623.0,50.0,JPY,61,2016-04-11,5940.0,JPY,JP,True,False,False,False,False,False,False,3307.0,-2129.0,-0.3584175084175084,2025-05-01,False,False,14.003101851851852,True
374320,018d937f-209c-7223-8ead-671a11f25e7e,JP,2025-09-29 17:33:37,3811.0,7623.0,50.0,JPY,61,2016-04-11,5940.0,JPY,JP,True,False,False,False,False,False,False,3458.0,-2129.0,-0.3584175084175084,2025-09-29,False,False,6.999259259259259,True
374320,018d937f-209c-7223-8ead-671a11f25e7e,PL,2016-06-23 17:24:56,197.95600000000002,263.956,25.0,PLN,61,2016-04-11,199.99,PLN,PL,True,True,True,False,False,False,False,73.0,-2.033999999999992,-0.010170508525426225,2016-06-23,True,True,11.010023148148148,True
374320,018d937f-209c-7223-8ead-671a11f25e7e,PL,2016-08-23 18:45:05,176.836,263.956,33.0,PLN,61,2016-04-11,199.99,PLN,PL,True,False,False,False,False,False,False,134.0,-23.153999999999996,-0.1157757887894394,2016-08-23,True,True,3.0,True
374320,018d937f-209c-7223-8ead-671a11f25e7e,PL,2016-10-06 17:45:06,171.556,263.956,35.0,PLN,61,2016-04-11,199.99,PLN,PL,True,False,False,False,False,False,False,178.0,-28.433999999999997,-0.14217710885544277,2016-10-06,True,True,4.020856481481482,True
374320,018d937f-209c-7223-8ead-671a11f25e7e,PL,2016-11-23 21:15:12,171.556,263.956,35.0,PLN,61,2016-04-11,199.99,PLN,PL,True,False,False,False,False,False,False,226.0,-28.433999999999997,-0.14217710885544277,2016-11-23,True,True,5.937418981481481,True
374320,018d937f-209c-7223-8ead-671a11f25e7e,PL,2016-12-22 20:45:06,131.95600000000002,263.956,50.0,PLN,61,2016-04-11,199.99,PLN,PL,True,False,False,False,False,False,False,255.0,-68.03399999999999,-0.3401870093504674,2016-12-22,True,True,11.020960648148149,True
374320,018d937f-209c-7223-8ead-671a11f25e7e,PL,2017-04-04 18:15:21,131.95600000000002,263.956,50.0,PLN,61,2016-04-11,199.99,PLN,PL,True,False,False,False,False,False,False,358.0,-68.03399999999999,-0.3401870093504674,2017-04-04,True,True,2.9790277777777776,True
374320,018d937f-209c-7223-8ead-671a11f25e7e,PL,2017-05-12 21:45:05,131.95600000000002,263.956,50.0,PLN,61,2016-04-11,199.99,PLN,PL,True,False,False,False,False,False,False,396.0,-68.03399999999999,-0.3401870093504674,2017-05-12,True,True,2.854201388888889,True
374320,018d937f-209c-7223-8ead-671a11f25e7e,PL,2017-06-22 22:45:05,105.556,263.956,60.0,PLN,61,2016-04-11,199.99,PLN,PL,True,False,False,False,False,False,False,437.0,-94.43400000000001,-0.47219360968048407,2017-06-22,True,True,12.791666666666666,True
374320,018d937f-209c-7223-8ead-671a11f25e7e,PL,2017-09-14 17:45:05,105.556,263.956,60.0,PLN,61,2016-04-11,199.99,PLN,PL,True,False,False,False,False,False,False,521.0,-94.43400000000001,-0.47219360968048407,2017-09-14,True,True,4.041712962962963,True
374320,018d937f-209c-7223-8ead-671a11f25e7e,PL,2017-11-22 18:45:04,105.556,263.956,60.0,PLN,61,2016-04-11,199.99,PLN,PL,True,False,False,False,False,False,False,590.0,-94.43400000000001,-0.47219360968048407,2017-11-22,True,True,6.04167824074074,True
374320,018d937f-209c-7223-8ead-671a11f25e7e,PL,2017-12-21 18:45:05,65.956,263.956,75.0,PLN,61,2016-04-11,199.99,PLN,PL,True,False,False,False,False,False,False,619.0,-134.034,-0.6702035101755088,2017-12-21,True,True,14.104247685185186,True
374320,018d937f-209c-7223-8ead-671a11f25e7e,PL,2018-02-15 19:15:05,65.956,263.956,75.0,PLN,61,2016-04-11,199.99,PLN,PL,True,False,False,False,False,False,False,675.0,-134.034,-0.6702035101755088,2018-02-15,True,True,3.9791666666666665,True
374320,018d937f-209c-7223-8ead-671a11f25e7e,PL,2018-06-21 19:51:05,65.956,263.956,75.0,PLN,61,2016-04-11,199.99,PLN,PL,True,False,False,False,False,False,False,801.0,-134.034,-0.6702035101755088,2018-06-21,True,True,13.918668981481481,True
374320,018d937f-209c-7223-8ead-671a11f25e7e,PL,2018-10-29 17:22:30,65.956,263.956,75.0,PLN,61,2016-04-11,199.99,PLN,PL,True,False,False,False,False,False,False,931.0,-134.034,-0.6702035101755088,2018-10-29,True,True,7.050740740740741,True
374320,018d937f-209c-7223-8ead-671a11f25e7e,PL,2018-11-21 18:54:45,65.956,263.956,75.0,PLN,61,2016-04-11,199.99,PLN,PL,True,False,False,False,False,False,False,954.0,-134.034,-0.6702035101755088,2018-11-21,True,True,6.021458333333333,True
374320,018d937f-209c-7223-8ead-671a11f25e7e,PL,2018-12-20 18:17:56,65.956,263.956,75.0,PLN,61,2016-04-11,199.99,PLN,PL,True,False,False,False,False,False,False,983.0,-134.034,-0.6702035101755088,2018-12-20,True,True,14.334791666666666,True
374320,018d937f-209c-7223-8ead-671a11f25e7e,PL,2019-02-04 21:01:07,65.956,263.956,75.0,PLN,61,2016-04-11,199.99,PLN,PL,True,False,False,False,False,False,False,1029.0,-134.034,-0.6702035101755088,2019-02-04,True,True,6.888622685185185,True
374320,018d937f-209c-7223-8ead-671a11f25e7e,PL,2019-02-14 18:44:47,65.956,263.956,75.0,PLN,61,2016-04-11,199.99,PLN,PL,True,False,False,False,False,False,False,1039.0,-134.034,-0.6702035101755088,2019-02-14,True,True,4.0062037037037035,True
374320,018d937f-209c-7223-8ead-671a11f25e7e,PL,2019-04-29 23:50:37,65.956,263.956,75.0,PLN,61,2016-04-11,199.99,PLN,PL,True,False,False,False,False,False,False,1113.0,-134.034,-0.6702035101755088,2019-04-29,True,True,6.733159722222222,True
374320,018d937f-209c-7223-8ead-671a11f25e7e,PL,2019-06-13 17:53:42,65.956,263.956,75.0,PLN,61,2016-04-11,199.99,PLN,PL,True,False,False,False,False,False,False,1158.0,-134.034,-0.6702035101755088,2019-06-13,True,True,3.9726157407407405,True
374320,018d937f-209c-7223-8ead-671a11f25e7e,PL,2019-06-25 17:54:46,65.956,263.956,75.0,PLN,61,2016-04-11,199.99,PLN,PL,True,False,False,False,False,False,False,1170.0,-134.034,-0.6702035101755088,2019-06-25,True,True,14.032905092592593,True
374320,018d937f-209c-7223-8ead-671a11f25e7e,PL,2019-09-05 17:07:13,65.956,263.956,75.0,PLN,61,2016-04-11,199.99,PLN,PL,True,False,False,False,False,False,False,1242.0,-134.034,-0.6702035101755088,2019-09-05,True,True,4.009976851851852,True
374320,018d937f-209c-7223-8ead-671a11f25e7e,PL,2019-10-28 17:57:37,65.956,263.956,75.0,PLN,61,2016-04-11,199.99,PLN,PL,True,False,False,False,False,False,False,1295.0,-134.034,-0.6702035101755088,2019-10-28,True,True,3.9758912037037035,True
374320,018d937f-209c-7223-8ead-671a11f25e7e,PL,2019-11-26 18:11:58,65.956,263.956,75.0,PLN,61,2016-04-11,199.99,PLN,PL,True,False,False,False,False,False,False,1324.0,-134.034,-0.6702035101755088,2019-11-26,True,True,7.009398148148148,True
374320,018d937f-209c-7223-8ead-671a11f25e7e,PL,2019-12-19 18:07:30,65.956,263.956,75.0,PLN,61,2016-04-11,199.99,PLN,PL,True,False,False,False,False,False,False,1347.0,-134.034,-0.6702035101755088,2019-12-19,True,True,14.023310185185185,True
374320,018d937f-209c-7223-8ead-671a11f25e7e,PL,2020-01-23 18:24:07,65.956,263.956,75.0,PLN,61,2016-04-11,199.99,PLN,PL,True,False,False,False,False,False,False,1382.0,-134.034,-0.6702035101755088,2020-01-23,True,True,3.9990625,True
374320,018d937f-209c-7223-8ead-671a11f25e7e,PL,2020-04-16 17:21:21,44.836,263.956,83.0,PLN,61,2016-04-11,199.99,PLN,PL,True,False,False,False,False,False,False,1466.0,-155.154,-0.775808790439522,2020-04-16,True,True,4.000740740740741,True
374320,018d937f-209c-7223-8ead-671a11f25e7e,PL,2020-04-30 17:22:45,65.956,263.956,75.0,PLN,61,2016-04-11,199.99,PLN,PL,True,False,False,False,False,False,False,1480.0,-134.034,-0.6702035101755088,2020-04-30,True,True,6.000081018518519,True
374320,018d937f-209c-7223-8ead-671a11f25e7e,PL,2020-06-20 17:21:32,65.956,263.956,75.0,PLN,61,2016-04-11,199.99,PLN,PL,True,False,False,False,False,False,False,1531.0,-134.034,-0.6702035101755088,2020-06-20,True,True,19.00201388888889,True
374320,018d937f-209c-7223-8ead-671a11f25e7e,PL,2020-11-25 18:28:29,65.956,263.956,75.0,PLN,61,2016-04-11,199.99,PLN,PL,True,False,False,False,False,False,False,1689.0,-134.034,-0.6702035101755088,2020-11-25,True,True,5.996655092592593,True
374320,018d937f-209c-7223-8ead-671a11f25e7e,PL,2020-12-22 18:58:46,65.956,263.956,75.0,PLN,61,2016-04-11,199.99,PLN,PL,True,False,False,False,False,False,False,1716.0,-134.034,-0.6702035101755088,2020-12-22,True,True,13.998506944444445,True
374320,018d937f-209c-7223-8ead-671a11f25e7e,PL,2021-02-11 19:03:02,65.956,263.956,75.0,PLN,61,2016-04-11,199.99,PLN,PL,True,False,False,False,False,False,False,1767.0,-134.034,-0.6702035101755088,2021-02-11,True,True,3.9725694444444444,True
374320,018d937f-209c-7223-8ead-671a11f25e7e,PL,2021-04-08 17:18:17,65.956,263.956,75.0,PLN,61,2016-04-11,199.99,PLN,PL,True,False,False,False,False,False,False,1823.0,-134.034,-0.6702035101755088,2021-04-08,True,True,4.0042939814814815,True
374320,018d937f-209c-7223-8ead-671a11f25e7e,PL,2021-06-18 17:21:00,65.956,263.956,75.0,PLN,61,2016-04-11,199.99,PLN,PL,True,False,False,False,False,False,False,1894.0,-134.034,-0.6702035101755088,2021-06-18,True,True,20.00440972222222,True
374320,018d937f-209c-7223-8ead-671a11f25e7e,PL,2021-11-24 18:54:19,131.95600000000002,263.956,50.0,PLN,61,2016-04-11,199.99,PLN,PL,True,False,False,False,False,False,False,2053.0,-68.03399999999999,-0.3401870093504674,2021-11-24,True,True,7.0219907407407405,True
374320,018d937f-209c-7223-8ead-671a11f25e7e,PL,2021-12-22 18:16:46,65.956,263.956,75.0,PLN,61,2016-04-11,199.99,PLN,PL,True,False,False,False,False,False,False,2081.0,-134.034,-0.6702035101755088,2021-12-22,True,True,14.015833333333333,True
374320,018d937f-209c-7223-8ead-671a11f25e7e,PL,2023-06-29 21:33:00,131.95600000000002,263.956,50.0,PLN,61,2016-04-11,199.99,PLN,PL,True,False,False,False,False,False,False,2635.0,-68.03399999999999,-0.3401870093504674,2023-06-29,True,True,13.8290625,True
374320,018d937f-209c-7223-8ead-671a11f25e7e,PL,2023-09-07 17:19:38,131.95600000000002,263.956,50.0,PLN,61,2016-04-11,199.99,PLN,PL,True,False,False,False,False,False,False,2705.0,-68.03399999999999,-0.3401870093504674,2023-09-07,True,True,4.027372685185185,True
374320,018d937f-209c-7223-8ead-671a11f25e7e,PL,2023-11-21 19:12:48,131.95600000000002,263.956,50.0,PLN,61,2016-04-11,199.99,PLN,PL,True,False,False,False,False,False,False,2780.0,-68.03399999999999,-0.3401870093504674,2023-11-21,True,True,6.964398148148148,True
374320,018d937f-209c-7223-8ead-671a11f25e7e,PL,2024-02-08 18:42:16,131.95600000000002,263.956,50.0,PLN,61,2016-04-11,199.99,PLN,PL,True,False,False,False,False,False,False,2859.0,-68.03399999999999,-0.3401870093504674,2024-02-08,True,True,13.981574074074073,True
374320,018d937f-209c-7223-8ead-671a11f25e7e,PL,2024-05-09 17:15:29,131.95600000000002,263.956,50.0,PLN,61,2016-04-11,199.99,PLN,PL,True,False,False,False,False,False,False,2950.0,-68.03399999999999,-0.3401870093504674,2024-05-09,True,True,7.000196759259259,True
374320,018d937f-209c-7223-8ead-671a11f25e7e,PL,2024-09-26 17:16:10,124.57384615384616,249.1892307692308,50.0,PLN,61,2016-04-11,199.99,PLN,PL,True,False,False,False,False,False,False,3090.0,-75.41615384615385,-0.37709962421197984,2024-09-26,True,True,13.99943287037037,True
374320,018d937f-209c-7223-8ead-671a11f25e7e,PL,2024-11-27 20:10:11,124.57384615384616,249.1892307692308,50.0,PLN,61,2016-04-11,199.99,PLN,PL,True,False,False,False,False,False,False,3152.0,-75.41615384615385,-0.37709962421197984,2024-11-27,True,True,6.926377314814815,True
374320,018d937f-209c-7223-8ead-671a11f25e7e,PL,2025-01-27 18:29:58,124.57384615384616,249.1892307692308,50.0,PLN,61,2016-04-11,199.99,PLN,PL,True,False,False,False,False,False,False,3213.0,-75.41615384615385,-0.37709962421197984,2025-01-27,True,True,7.001527777777778,True
374320,018d937f-209c-7223-8ead-671a11f25e7e,PL,2025-05-01 17:19:12,124.57384615384616,249.1892307692308,50.0,PLN,61,2016-04-11,199.99,PLN,PL,True,False,False,False,False,False,False,3307.0,-75.41615384615385,-0.37709962421197984,2025-05-01,True,True,13.9978125,True
374320,018d937f-209c-7223-8ead-671a11f25e7e,PL,2025-09-29 17:28:16,125.84039215686275,251.72274509803924,50.0,PLN,61,2016-04-11,199.99,PLN,PL,True,False,False,False,False,False,False,3458.0,-74.14960784313726,-0.37076657754456355,2025-09-29,True,True,7.000925925925926,True
374320,018d937f-209c-7223-8ead-671a11f25e7e,TR,2016-06-23 18:31:14,4.69875,6.265000000000001,25.0,USD,61,2016-04-11,39.99,USD,TR,True,True,True,False,False,False,False,73.0,-35.291250000000005,-0.8825018754688672,2016-06-23,True,True,10.948472222222222,True
374320,018d937f-209c-7223-8ead-671a11f25e7e,TR,2016-08-23 19:16:06,4.197550000000001,6.265000000000001,33.0,USD,61,2016-04-11,39.99,USD,TR,True,False,False,False,False,False,False,134.0,-35.79245,-0.895035008752188,2016-08-23,True,True,3.0002199074074074,True
374320,018d937f-209c-7223-8ead-671a11f25e7e,TR,2016-10-06 17:46:36,4.07225,6.265000000000001,35.0,USD,61,2016-04-11,39.99,USD,TR,True,False,False,False,False,False,False,178.0,-35.91775,-0.8981682920730183,2016-10-06,True,True,4.083263888888889,True
374320,018d937f-209c-7223-8ead-671a11f25e7e,TR,2016-11-23 21:17:19,4.07225,6.265000000000001,35.0,USD,61,2016-04-11,39.99,USD,TR,True,False,False,False,False,False,False,226.0,-35.91775,-0.8981682920730183,2016-11-23,True,True,5.978969907407407,True
374320,018d937f-209c-7223-8ead-671a11f25e7e,TR,2016-12-22 19:47:48,3.1325000000000003,6.265000000000001,50.0,USD,61,2016-04-11,39.99,USD,TR,True,False,False,False,False,False,False,255.0,-36.8575,-0.9216679169792448,2016-12-22,True,True,10.958553240740741,True
374320,018d937f-209c-7223-8ead-671a11f25e7e,TR,2017-04-04 18:46:01,3.1325000000000003,6.265000000000001,50.0,USD,61,2016-04-11,39.99,USD,TR,True,False,False,False,False,False,False,358.0,-36.8575,-0.9216679169792448,2017-04-04,True,True,2.938645833333333,True
374320,018d937f-209c-7223-8ead-671a11f25e7e,TR,2017-05-12 22:45:51,3.1325000000000003,6.265000000000001,50.0,USD,61,2016-04-11,39.99,USD,TR,True,False,False,False,False,False,False,396.0,-36.8575,-0.9216679169792448,2017-05-12,True,True,2.8125925925925928,True
374320,018d937f-209c-7223-8ead-671a11f25e7e,TR,2017-06-22 19:16:29,2.5060000000000002,6.265000000000001,60.0,USD,61,2016-04-11,39.99,USD,TR,True,False,False,False,False,False,False,437.0,-37.484,-0.9373343335833959,2017-06-22,True,True,12.95900462962963,True
374320,018d937f-209c-7223-8ead-671a11f25e7e,TR,2017-09-14 18:17:08,2.5060000000000002,6.265000000000001,60.0,USD,61,2016-04-11,39.99,USD,TR,True,False,False,False,False,False,False,521.0,-37.484,-0.9373343335833959,2017-09-14,True,True,3.9787962962962964,True
374320,018d937f-209c-7223-8ead-671a11f25e7e,TR,2017-11-22 22:16:22,2.5060000000000002,6.265000000000001,60.0,USD,61,2016-04-11,39.99,USD,TR,True,False,False,False,False,False,False,590.0,-37.484,-0.9373343335833959,2017-11-22,True,True,5.896238425925926,True
374320,018d937f-209c-7223-8ead-671a11f25e7e,TR,2017-12-21 19:46:24,1.5662500000000001,6.265000000000001,75.0,USD,61,2016-04-11,39.99,USD,TR,True,False,False,False,False,False,False,619.0,-38.42375,-0.9608339584896224,2017-12-21,True,True,14.041782407407407,True
374320,018d937f-209c-7223-8ead-671a11f25e7e,TR,2018-02-15 21:28:12,1.5662500000000001,6.265000000000001,75.0,USD,61,2016-04-11,39.99,USD,TR,True,False,False,False,False,False,False,675.0,-38.42375,-0.9608339584896224,2018-02-15,True,True,3.978715277777778,True
374320,018d937f-209c-7223-8ead-671a11f25e7e,TR,2018-06-21 17:44:30,1.5662500000000001,6.265000000000001,75.0,USD,61,2016-04-11,39.99,USD,TR,True,False,False,False,False,False,False,801.0,-38.42375,-0.9608339584896224,2018-06-21,True,True,13.985173611111112,True
374320,018d937f-209c-7223-8ead-671a11f25e7e,TR,2018-10-29 17:48:21,1.5662500000000001,6.265000000000001,75.0,USD,61,2016-04-11,39.99,USD,TR,True,False,False,False,False,False,False,931.0,-38.42375,-0.9608339584896224,2018-10-29,True,True,7.0221527777777775,True
374320,018d937f-209c-7223-8ead-671a11f25e7e,TR,2018-11-21 18:45:15,1.5662500000000001,6.265000000000001,75.0,USD,61,2016-04-11,39.99,USD,TR,True,False,False,False,False,False,False,954.0,-38.42375,-0.9608339584896224,2018-11-21,True,True,6.045891203703704,True
374320,018d937f-209c-7223-8ead-671a11f25e7e,TR,2018-12-20 18:21:57,1.5662500000000001,6.265000000000001,75.0,USD,61,2016-04-11,39.99,USD,TR,True,False,False,False,False,False,False,983.0,-38.42375,-0.9608339584896224,2018-12-20,True,True,14.20994212962963,True
374320,018d937f-209c-7223-8ead-671a11f25e7e,TR,2019-02-04 19:03:38,1.5662500000000001,6.265000000000001,75.0,USD,61,2016-04-11,39.99,USD,TR,True,False,False,False,False,False,False,1029.0,-38.42375,-0.9608339584896224,2019-02-04,True,True,7.075011574074074,True
374320,018d937f-209c-7223-8ead-671a11f25e7e,TR,2019-02-14 18:05:54,1.5662500000000001,6.265000000000001,75.0,USD,61,2016-04-11,39.99,USD,TR,True,False,False,False,False,False,False,1039.0,-38.42375,-0.9608339584896224,2019-02-14,True,True,4.037696759259259,True
374320,018d937f-209c-7223-8ead-671a11f25e7e,TR,2019-04-29 23:59:12,1.5662500000000001,6.265000000000001,75.0,USD,61,2016-04-11,39.99,USD,TR,True,False,False,False,False,False,False,1113.0,-38.42375,-0.9608339584896224,2019-04-29,True,True,6.718009259259259,True
374320,018d937f-209c-7223-8ead-671a11f25e7e,TR,2019-06-13 17:40:44,1.5662500000000001,6.265000000000001,75.0,USD,61,2016-04-11,39.99,USD,TR,True,False,False,False,False,False,False,1158.0,-38.42375,-0.9608339584896224,2019-06-13,True,True,4.015949074074074,True
374320,018d937f-209c-7223-8ead-671a11f25e7e,TR,2019-06-25 19:49:01,1.5662500000000001,6.265000000000001,75.0,USD,61,2016-04-11,39.99,USD,TR,True,False,False,False,False,False,False,1170.0,-38.42375,-0.9608339584896224,2019-06-25,True,True,13.93755787037037,True
374320,018d937f-209c-7223-8ead-671a11f25e7e,TR,2019-09-05 17:07:13,1.5662500000000001,6.265000000000001,75.0,USD,61,2016-04-11,39.99,USD,TR,True,False,False,False,False,False,False,1242.0,-38.42375,-0.9608339584896224,2019-09-05,True,True,4.009756944444445,True
374320,018d937f-209c-7223-8ead-671a11f25e7e,TR,2019-10-28 17:57:36,1.5662500000000001,6.265000000000001,75.0,USD,61,2016-04-11,39.99,USD,TR,True,False,False,False,False,False,False,1295.0,-38.42375,-0.9608339584896224,2019-10-28,True,True,3.9759837962962963,True
374320,018d937f-209c-7223-8ead-671a11f25e7e,TR,2019-11-26 18:07:47,1.5662500000000001,6.265000000000001,75.0,USD,61,2016-04-11,39.99,USD,TR,True,False,False,False,False,False,False,1324.0,-38.42375,-0.9608339584896224,2019-11-26,True,True,7.0168634259259255,True
374320,018d937f-209c-7223-8ead-671a11f25e7e,TR,2019-12-19 18:07:14,1.5662500000000001,6.265000000000001,75.0,USD,61,2016-04-11,39.99,USD,TR,True,False,False,False,False,False,False,1347.0,-38.42375,-0.9608339584896224,2019-12-19,True,True,14.023425925925926,True
374320,018d937f-209c-7223-8ead-671a11f25e7e,TR,2020-01-23 18:33:03,1.5662500000000001,6.265000000000001,75.0,USD,61,2016-04-11,39.99,USD,TR,True,False,False,False,False,False,False,1382.0,-38.42375,-0.9608339584896224,2020-01-23,True,True,3.994050925925926,True
374320,018d937f-209c-7223-8ead-671a11f25e7e,TR,2020-04-16 17:21:13,1.06505,6.265000000000001,83.0,USD,61,2016-04-11,39.99,USD,TR,True,False,False,False,False,False,False,1466.0,-38.92495,-0.9733670917729432,2020-04-16,True,True,4.000648148148148,True
374320,018d937f-209c-7223-8ead-671a11f25e7e,TR,2020-04-30 17:22:56,1.5662500000000001,6.265000000000001,75.0,USD,61,2016-04-11,39.99,USD,TR,True,False,False,False,False,False,False,1480.0,-38.42375,-0.9608339584896224,2020-04-30,True,True,5.999398148148148,True
374320,018d937f-209c-7223-8ead-671a11f25e7e,TR,2020-06-20 17:21:29,1.5662500000000001,6.265000000000001,75.0,USD,61,2016-04-11,39.99,USD,TR,True,False,False,False,False,False,False,1531.0,-38.42375,-0.9608339584896224,2020-06-20,True,True,19.005266203703705,True
374320,018d937f-209c-7223-8ead-671a11f25e7e,TR,2020-11-25 18:26:43,1.5662500000000001,6.265000000000001,75.0,USD,61,2016-04-11,39.99,USD,TR,True,False,False,False,False,False,False,1689.0,-38.42375,-0.9608339584896224,2020-11-25,True,True,5.996539351851852,True
374320,018d937f-209c-7223-8ead-671a11f25e7e,TR,2020-12-22 18:58:19,1.5662500000000001,6.265000000000001,75.0,USD,61,2016-04-11,39.99,USD,TR,True,False,False,False,False,False,False,1716.0,-38.42375,-0.9608339584896224,2020-12-22,True,True,13.99883101851852,True
374320,018d937f-209c-7223-8ead-671a11f25e7e,TR,2021-02-11 18:25:31,1.5662500000000001,6.265000000000001,75.0,USD,61,2016-04-11,39.99,USD,TR,True,False,False,False,False,False,False,1767.0,-38.42375,-0.9608339584896224,2021-02-11,True,True,4.000289351851852,True
374320,018d937f-209c-7223-8ead-671a11f25e7e,TR,2021-04-08 17:18:14,1.5662500000000001,6.265000000000001,75.0,USD,61,2016-04-11,39.99,USD,TR,True,False,False,False,False,False,False,1823.0,-38.42375,-0.9608339584896224,2021-04-08,True,True,4.004398148148148,True
374320,018d937f-209c-7223-8ead-671a11f25e7e,TR,2021-06-18 17:20:55,1.5662500000000001,6.265000000000001,75.0,USD,61,2016-04-11,39.99,USD,TR,True,False,False,False,False,False,False,1894.0,-38.42375,-0.9608339584896224,2021-06-18,True,True,20.00412037037037,True
374320,018d937f-209c-7223-8ead-671a11f25e7e,TR,2021-11-24 19:25:48,3.1325000000000003,6.265000000000001,50.0,USD,61,2016-04-11,39.99,USD,TR,True,False,False,False,False,False,False,2053.0,-36.8575,-0.9216679169792448,2021-11-24,True,True,6.987905092592593,True
374320,018d937f-209c-7223-8ead-671a11f25e7e,TR,2021-12-22 21:59:20,1.5662500000000001,6.265000000000001,75.0,USD,61,2016-04-11,39.99,USD,TR,True,False,False,False,False,False,False,2081.0,-38.42375,-0.9608339584896224,2021-12-22,True,True,13.854039351851851,True
374320,018d937f-209c-7223-8ead-671a11f25e7e,TR,2023-02-02 17:36:58,31.465000000000003,31.465000000000003,0.0,USD,61,2016-04-11,39.99,USD,TR,False,False,False,True,False,False,False,2488.0,-8.524999999999999,-0.21317829457364335,2023-02-02,True,True,,False
374320,018d937f-209c-7223-8ead-671a11f25e7e,TR,2023-09-07 17:15:30,15.732500000000002,31.465000000000003,50.0,USD,61,2016-04-11,39.99,USD,TR,True,False,False,False,False,False,False,2705.0,-24.2575,-0.6065891472868217,2023-09-07,True,True,4.0003125,True
374320,018d937f-209c-7223-8ead-671a11f25e7e,TR,2023-11-21 14:12:59,40.314750000000004,40.314750000000004,0.0,USD,61,2016-04-11,39.99,USD,TR,False,False,False,True,False,False,False,2780.0,0.32475000000000165,0.008120780195048694,2023-11-21,True,True,,False
374320,018d937f-209c-7223-8ead-671a11f25e7e,TR,2023-11-21 23:39:48,20.1383,40.2871,50.0,USD,61,2016-04-11,39.99,USD,TR,True,False,False,False,False,False,False,2780.0,-19.8517,-0.4964166041510377,2023-11-21,True,True,6.77681712962963,True
374320,018d937f-209c-7223-8ead-671a11f25e7e,TR,2024-02-08 18:18:19,21.413700000000002,42.83825,50.0,USD,61,2016-04-11,39.99,USD,TR,True,False,False,False,False,False,False,2859.0,-18.5763,-0.46452363090772686,2024-02-08,True,True,13.99798611111111,True
374320,018d937f-209c-7223-8ead-671a11f25e7e,TR,2024-02-11 02:01:07,19.99,39.99,50.0,USD,61,2016-04-11,39.99,USD,TR,True,True,False,False,False,False,False,2862.0,-20.000000000000004,-0.5001250312578145,2024-02-11,False,False,,False
374320,018d937f-209c-7223-8ead-671a11f25e7e,TR,2024-05-09 17:15:23,19.99,39.99,50.0,USD,61,2016-04-11,39.99,USD,TR,True,False,False,False,False,False,False,2950.0,-20.000000000000004,-0.5001250312578145,2024-05-09,False,False,6.999953703703704,True
374320,018d937f-209c-7223-8ead-671a11f25e7e,TR,2024-09-26 17:19:04,19.99,39.99,50.0,USD,61,2016-04-11,39.99,USD,TR,True,False,False,False,False,False,False,3090.0,-20.000000000000004,-0.5001250312578145,2024-09-26,False,False,13.997430555555555,True
374320,018d937f-209c-7223-8ead-671a11f25e7e,TR,2024-11-27 20:15:22,19.99,39.99,50.0,USD,61,2016-04-11,39.99,USD,TR,True,False,False,False,False,False,False,3152.0,-20.000000000000004,-0.5001250312578145,2024-11-27,False,False,6.922777777777778,True
374320,018d937f-209c-7223-8ead-671a11f25e7e,TR,2025-01-27 18:17:41,19.99,39.99,50.0,USD,61,2016-04-11,39.99,USD,TR,True,False,False,False,False,False,False,3213.0,-20.000000000000004,-0.5001250312578145,2025-01-27,False,False,7.0097453703703705,True
374320,018d937f-209c-7223-8ead-671a11f25e7e,TR,2025-05-01 17:15:40,19.99,39.99,50.0,USD,61,2016-04-11,39.99,USD,TR,True,False,False,False,False,False,False,3307.0,-20.000000000000004,-0.5001250312578145,2025-05-01,False,False,14.002488425925925,True
374320,018d937f-209c-7223-8ead-671a11f25e7e,TR,2025-09-29 17:28:18,19.99,39.99,50.0,USD,61,2016-04-11,39.99,USD,TR,True,False,False,False,False,False,False,3458.0,-20.000000000000004,-0.5001250312578145,2025-09-29,False,False,6.996782407407407,True
374320,018d937f-209c-7223-8ead-671a11f25e7e,US,2016-06-23 18:57:33,44.99,59.99,25.0,USD,61,2016-04-11,59.99,USD,US,True,False,False,False,False,False,False,73.0,-15.0,-0.2500416736122687,2016-06-23,False,False,10.894363425925926,True
374320,018d937f-209c-7223-8ead-671a11f25e7e,US,2016-08-23 20:15:29,40.19,59.99,33.0,USD,61,2016-04-11,59.99,USD,US,True,False,False,False,False,False,False,134.0,-19.800000000000004,-0.33005500916819475,2016-08-23,False,False,2.9791666666666665,True
374320,018d937f-209c-7223-8ead-671a11f25e7e,US,2016-10-06 18:15:34,38.99,59.99,35.0,USD,61,2016-04-11,59.99,USD,US,True,False,False,False,False,False,False,178.0,-21.0,-0.3500583430571762,2016-10-06,False,False,3.9791435185185184,True
374320,018d937f-209c-7223-8ead-671a11f25e7e,US,2016-11-23 18:46:00,38.99,59.99,35.0,USD,61,2016-04-11,59.99,USD,US,True,False,False,False,False,False,False,226.0,-21.0,-0.3500583430571762,2016-11-23,False,False,6.041354166666666,True
374320,018d937f-209c-7223-8ead-671a11f25e7e,US,2016-12-22 18:45:41,29.99,59.99,50.0,USD,61,2016-04-11,59.99,USD,US,True,False,False,False,False,False,False,255.0,-30.000000000000004,-0.5000833472245374,2016-12-22,False,False,11.000393518518518,True
374320,018d937f-209c-7223-8ead-671a11f25e7e,US,2017-04-04 20:45:29,29.99,59.99,50.0,USD,61,2016-04-11,59.99,USD,US,True,False,False,False,False,False,False,358.0,-30.000000000000004,-0.5000833472245374,2017-04-04,False,False,2.8546412037037037,True
374320,018d937f-209c-7223-8ead-671a11f25e7e,US,2017-05-13 00:45:30,29.99,59.99,50.0,USD,61,2016-04-11,59.99,USD,US,True,False,False,False,False,False,False,397.0,-30.000000000000004,-0.5000833472245374,2017-05-13,False,False,2.7499189814814815,True
374320,018d937f-209c-7223-8ead-671a11f25e7e,US,2017-06-23 02:15:23,23.99,59.99,60.0,USD,61,2016-04-11,59.99,USD,US,True,False,False,False,False,False,False,438.0,-36.0,-0.600100016669445,2017-06-23,False,False,12.687662037037038,True
374320,018d937f-209c-7223-8ead-671a11f25e7e,US,2017-09-14 18:45:26,23.99,59.99,60.0,USD,61,2016-04-11,59.99,USD,US,True,False,False,False,False,False,False,521.0,-36.0,-0.600100016669445,2017-09-14,False,False,4.145972222222222,True
374320,018d937f-209c-7223-8ead-671a11f25e7e,US,2017-11-22 23:15:32,23.99,59.99,60.0,USD,61,2016-04-11,59.99,USD,US,True,False,False,False,False,False,False,590.0,-36.0,-0.600100016669445,2017-11-22,False,False,5.854247685185185,True
374320,018d937f-209c-7223-8ead-671a11f25e7e,US,2017-12-21 19:45:34,14.99,59.99,75.0,USD,61,2016-04-11,59.99,USD,US,True,False,False,False,False,False,False,619.0,-45.0,-0.7501250208368061,2017-12-21,False,False,14.104328703703704,True
374320,018d937f-209c-7223-8ead-671a11f25e7e,US,2018-02-15 19:48:37,14.99,59.99,75.0,USD,61,2016-04-11,59.99,USD,US,True,False,False,False,False,False,False,675.0,-45.0,-0.7501250208368061,2018-02-15,False,False,4.022280092592593,True
374320,018d937f-209c-7223-8ead-671a11f25e7e,US,2018-06-23 22:44:50,14.99,59.99,75.0,USD,61,2016-04-11,59.99,USD,US,True,False,False,False,False,False,False,803.0,-45.0,-0.7501250208368061,2018-06-23,False,False,11.786111111111111,True
374320,018d937f-209c-7223-8ead-671a11f25e7e,US,2018-10-29 17:33:44,14.99,59.99,75.0,USD,61,2016-04-11,59.99,USD,US,True,False,False,False,False,False,False,931.0,-45.0,-0.7501250208368061,2018-10-29,False,False,7.0431944444444445,True
374320,018d937f-209c-7223-8ead-671a11f25e7e,US,2018-11-21 20:34:33,14.99,59.99,75.0,USD,61,2016-04-11,59.99,USD,US,True,False,False,False,False,False,False,954.0,-45.0,-0.7501250208368061,2018-11-21,False,False,5.939074074074074,True
374320,018d937f-209c-7223-8ead-671a11f25e7e,US,2018-12-21 00:01:35,14.99,59.99,75.0,USD,61,2016-04-11,59.99,USD,US,True,False,False,False,False,False,False,984.0,-45.0,-0.7501250208368061,2018-12-21,False,False,13.960520833333334,True
374320,018d937f-209c-7223-8ead-671a11f25e7e,US,2019-02-04 21:50:36,14.99,59.99,75.0,USD,61,2016-04-11,59.99,USD,US,True,False,False,False,False,False,False,1029.0,-45.0,-0.7501250208368061,2019-02-04,False,False,7.059097222222222,True
374320,018d937f-209c-7223-8ead-671a11f25e7e,US,2019-02-14 18:10:37,14.99,59.99,75.0,USD,61,2016-04-11,59.99,USD,US,True,False,False,False,False,False,False,1039.0,-45.0,-0.7501250208368061,2019-02-14,False,False,4.002314814814815,True
374320,018d937f-209c-7223-8ead-671a11f25e7e,US,2019-04-29 23:45:37,14.99,59.99,75.0,USD,61,2016-04-11,59.99,USD,US,True,False,False,False,False,False,False,1113.0,-45.0,-0.7501250208368061,2019-04-29,False,False,6.7276851851851855,True
374320,018d937f-209c-7223-8ead-671a11f25e7e,US,2019-06-13 17:49:18,14.99,59.99,75.0,USD,61,2016-04-11,59.99,USD,US,True,False,False,False,False,False,False,1158.0,-45.0,-0.7501250208368061,2019-06-13,False,False,3.9750694444444443,True
374320,018d937f-209c-7223-8ead-671a11f25e7e,US,2019-06-26 03:29:37,14.99,59.99,75.0,USD,61,2016-04-11,59.99,USD,US,True,False,False,False,False,False,False,1171.0,-45.0,-0.7501250208368061,2019-06-26,False,False,13.677824074074074,True
374320,018d937f-209c-7223-8ead-671a11f25e7e,US,2019-09-05 17:07:08,14.99,59.99,75.0,USD,61,2016-04-11,59.99,USD,US,True,False,False,False,False,False,False,1242.0,-45.0,-0.7501250208368061,2019-09-05,False,False,4.009837962962963,True
374320,018d937f-209c-7223-8ead-671a11f25e7e,US,2019-10-28 17:30:20,14.99,59.99,75.0,USD,61,2016-04-11,59.99,USD,US,True,False,False,False,False,False,False,1295.0,-45.0,-0.7501250208368061,2019-10-28,False,False,3.9967824074074074,True
374320,018d937f-209c-7223-8ead-671a11f25e7e,US,2019-11-26 18:07:12,14.99,59.99,75.0,USD,61,2016-04-11,59.99,USD,US,True,False,False,False,False,False,False,1324.0,-45.0,-0.7501250208368061,2019-11-26,False,False,7.013090277777778,True
374320,018d937f-209c-7223-8ead-671a11f25e7e,US,2019-12-19 18:10:15,14.99,59.99,75.0,USD,61,2016-04-11,59.99,USD,US,True,False,False,False,False,False,False,1347.0,-45.0,-0.7501250208368061,2019-12-19,False,False,14.017534722222223,True
374320,018d937f-209c-7223-8ead-671a11f25e7e,US,2020-01-23 18:30:51,14.99,59.99,75.0,USD,61,2016-04-11,59.99,USD,US,True,False,False,False,False,False,False,1382.0,-45.0,-0.7501250208368061,2020-01-23,False,False,3.9980671296296295,True
374320,018d937f-209c-7223-8ead-671a11f25e7e,US,2020-04-16 17:21:13,9.99,59.99,83.0,USD,61,2016-04-11,59.99,USD,US,True,False,False,False,False,False,False,1466.0,-50.0,-0.833472245374229,2020-04-16,False,False,4.000740740740741,True
374320,018d937f-209c-7223-8ead-671a11f25e7e,US,2020-04-30 17:21:20,14.99,59.99,75.0,USD,61,2016-04-11,59.99,USD,US,True,False,False,False,False,False,False,1480.0,-45.0,-0.7501250208368061,2020-04-30,False,False,6.000625,True
374320,018d937f-209c-7223-8ead-671a11f25e7e,US,2020-06-20 17:21:13,14.99,59.99,75.0,USD,61,2016-04-11,59.99,USD,US,True,False,False,False,False,False,False,1531.0,-45.0,-0.7501250208368061,2020-06-20,False,False,19.005277777777778,True
374320,018d937f-209c-7223-8ead-671a11f25e7e,US,2020-11-25 18:27:53,14.99,59.99,75.0,USD,61,2016-04-11,59.99,USD,US,True,False,False,False,False,False,False,1689.0,-45.0,-0.7501250208368061,2020-11-25,False,False,5.9983912037037035,True
374320,018d937f-209c-7223-8ead-671a11f25e7e,US,2020-12-22 18:59:48,14.99,59.99,75.0,USD,61,2016-04-11,59.99,USD,US,True,False,False,False,False,False,False,1716.0,-45.0,-0.7501250208368061,2020-12-22,False,False,13.994409722222223,True
374320,018d937f-209c-7223-8ead-671a11f25e7e,US,2021-02-11 18:58:41,14.99,59.99,75.0,USD,61,2016-04-11,59.99,USD,US,True,False,False,False,False,False,False,1767.0,-45.0,-0.7501250208368061,2021-02-11,False,False,3.975810185185185,True
374320,018d937f-209c-7223-8ead-671a11f25e7e,US,2021-04-08 17:18:14,14.99,59.99,75.0,USD,61,2016-04-11,59.99,USD,US,True,False,False,False,False,False,False,1823.0,-45.0,-0.7501250208368061,2021-04-08,False,False,4.004328703703703,True
374320,018d937f-209c-7223-8ead-671a11f25e7e,US,2021-06-18 17:21:05,14.99,59.99,75.0,USD,61,2016-04-11,59.99,USD,US,True,False,False,False,False,False,False,1894.0,-45.0,-0.7501250208368061,2021-06-18,False,False,20.006851851851852,True
374320,018d937f-209c-7223-8ead-671a11f25e7e,US,2021-11-24 21:03:20,29.99,59.99,50.0,USD,61,2016-04-11,59.99,USD,US,True,False,False,False,False,False,False,2053.0,-30.000000000000004,-0.5000833472245374,2021-11-24,False,False,6.995439814814815,True
374320,018d937f-209c-7223-8ead-671a11f25e7e,US,2021-12-22 18:50:15,14.99,59.99,75.0,USD,61,2016-04-11,59.99,USD,US,True,False,False,False,False,False,False,2081.0,-45.0,-0.7501250208368061,2021-12-22,False,False,14.000381944444445,True
374320,018d937f-209c-7223-8ead-671a11f25e7e,US,2023-06-29 17:22:16,29.99,59.99,50.0,USD,61,2016-04-11,59.99,USD,US,True,False,False,False,False,False,False,2635.0,-30.000000000000004,-0.5000833472245374,2023-06-29,False,False,14.170509259259259,True
374320,018d937f-209c-7223-8ead-671a11f25e7e,US,2023-09-07 17:06:11,29.99,59.99,50.0,USD,61,2016-04-11,59.99,USD,US,True,False,False,False,False,False,False,2705.0,-30.000000000000004,-0.5000833472245374,2023-09-07,False,False,4.027719907407407,True
374320,018d937f-209c-7223-8ead-671a11f25e7e,US,2023-11-21 18:24:40,29.99,59.99,50.0,USD,61,2016-04-11,59.99,USD,US,True,False,False,False,False,False,False,2780.0,-30.000000000000004,-0.5000833472245374,2023-11-21,False,False,7.1696875,True
374320,018d937f-209c-7223-8ead-671a11f25e7e,US,2024-02-08 18:18:20,29.99,59.99,50.0,USD,61,2016-04-11,59.99,USD,US,True,False,False,False,False,False,False,2859.0,-30.000000000000004,-0.5000833472245374,2024-02-08,False,False,13.99798611111111,True
374320,018d937f-209c-7223-8ead-671a11f25e7e,US,2024-05-09 17:15:21,29.99,59.99,50.0,USD,61,2016-04-11,59.99,USD,US,True,False,False,False,False,False,False,2950.0,-30.000000000000004,-0.5000833472245374,2024-05-09,False,False,7.002106481481482,True
374320,018d937f-209c-7223-8ead-671a11f25e7e,US,2024-09-26 17:15:31,29.99,59.99,50.0,USD,61,2016-04-11,59.99,USD,US,True,False,False,False,False,False,False,3090.0,-30.000000000000004,-0.5000833472245374,2024-09-26,False,False,14.002268518518518,True
374320,018d937f-209c-7223-8ead-671a11f25e7e,US,2024-11-27 20:10:11,29.99,59.99,50.0,USD,61,2016-04-11,59.99,USD,US,True,False,False,False,False,False,False,3152.0,-30.000000000000004,-0.5000833472245374,2024-11-27,False,False,6.926388888888889,True
374320,018d937f-209c-7223-8ead-671a11f25e7e,US,2025-01-27 18:29:50,29.99,59.99,50.0,USD,61,2016-04-11,59.99,USD,US,True,False,False,False,False,False,False,3213.0,-30.000000000000004,-0.5000833472245374,2025-01-27,False,False,7.001365740740741,True
374320,018d937f-209c-7223-8ead-671a11f25e7e,US,2025-05-01 17:15:27,29.99,59.99,50.0,USD,61,2016-04-11,59.99,USD,US,True,False,False,False,False,False,False,3307.0,-30.000000000000004,-0.5000833472245374,2025-05-01,False,False,14.000416666666666,True
374320,018d937f-209c-7223-8ead-671a11f25e7e,US,2025-09-29 17:36:10,29.99,59.99,50.0,USD,61,2016-04-11,59.99,USD,US,True,False,False,False,False,False,False,3458.0,-30.000000000000004,-0.5000833472245374,2025-09-29,False,False,6.991423611111111,True
381210,018d937e-fef7-7274-bbce-e7d155c3d2d1,AR,2016-07-04 16:25:26,19.99,19.99,0.0,USD,61,2016-06-14,14.99,USD,AR,False,False,False,False,False,False,False,20.0,4.999999999999998,0.33355570380253496,2016-07-04,False,False,,False
381210,018d937e-fef7-7274-bbce-e7d155c3d2d1,AR,2016-08-18 18:15:30,16.99,19.99,15.0,USD,61,2016-06-14,14.99,USD,AR,True,False,False,False,False,False,False,65.0,1.9999999999999982,0.13342228152101399,2016-08-18,False,False,4.020775462962963,True
381210,018d937e-fef7-7274-bbce-e7d155c3d2d1,AR,2016-10-28 18:15:29,13.99,19.99,30.0,USD,61,2016-06-14,14.99,USD,AR,True,False,False,False,False,False,False,136.0,-1.0,-0.06671114076050699,2016-10-28,False,False,4.0839236111111115,True
381210,018d937e-fef7-7274-bbce-e7d155c3d2d1,AR,2016-11-23 19:46:55,13.99,19.99,30.0,USD,61,2016-06-14,14.99,USD,AR,True,False,False,False,False,False,False,162.0,-1.0,-0.06671114076050699,2016-11-23,False,False,6.020138888888889,True
381210,018d937e-fef7-7274-bbce-e7d155c3d2d1,AR,2016-12-15 19:45:34,13.99,19.99,30.0,USD,61,2016-06-14,14.99,USD,AR,True,False,False,False,False,False,False,184.0,-1.0,-0.06671114076050699,2016-12-15,False,False,4.062534722222222,True
381210,018d937e-fef7-7274-bbce-e7d155c3d2d1,AR,2016-12-22 21:15:59,13.99,19.99,30.0,USD,61,2016-06-14,14.99,USD,AR,True,False,False,False,False,False,False,191.0,-1.0,-0.06671114076050699,2016-12-22,False,False,11.000370370370371,True
381210,018d937e-fef7-7274-bbce-e7d155c3d2d1,AR,2017-01-27 21:45:48,13.99,19.99,30.0,USD,61,2016-06-14,14.99,USD,AR,True,False,False,False,False,False,False,227.0,-1.0,-0.06671114076050699,2017-01-27,False,False,6.958159722222222,True
381210,018d937e-fef7-7274-bbce-e7d155c3d2d1,AR,2017-03-08 19:15:44,11.99,19.99,40.0,USD,61,2016-06-14,14.99,USD,AR,True,False,False,False,False,False,False,267.0,-3.0,-0.20013342228152098,2017-03-08,False,False,5.020625,True
381210,018d937e-fef7-7274-bbce-e7d155c3d2d1,AR,2017-06-14 17:15:42,11.99,19.99,40.0,USD,61,2016-06-14,14.99,USD,AR,True,False,False,False,False,False,False,365.0,-3.0,-0.20013342228152098,2017-06-14,False,False,21.041909722222222,True
381210,018d937e-fef7-7274-bbce-e7d155c3d2d1,AR,2017-06-16 09:15:26,14.99,29.99,50.0,USD,61,2016-06-14,14.99,USD,AR,True,False,False,False,False,False,False,367.0,0.0,0.0,2017-06-16,False,False,,False
381210,018d937e-fef7-7274-bbce-e7d155c3d2d1,AR,2017-06-16 09:45:30,11.99,19.99,40.0,USD,61,2016-06-14,14.99,USD,AR,True,False,False,False,False,False,False,367.0,-3.0,-0.20013342228152098,2017-06-16,False,False,,False
381210,018d937e-fef7-7274-bbce-e7d155c3d2d1,AR,2017-06-17 15:15:33,14.99,29.99,50.0,USD,61,2016-06-14,14.99,USD,AR,True,False,False,False,False,False,False,368.0,0.0,0.0,2017-06-17,False,False,,False
381210,018d937e-fef7-7274-bbce-e7d155c3d2d1,AR,2017-06-17 16:45:26,11.99,19.99,40.0,USD,61,2016-06-14,14.99,USD,AR,True,False,False,False,False,False,False,368.0,-3.0,-0.20013342228152098,2017-06-17,False,False,,False
381210,018d937e-fef7-7274-bbce-e7d155c3d2d1,AR,2017-06-17 21:45:27,14.99,29.99,50.0,USD,61,2016-06-14,14.99,USD,AR,True,False,False,False,False,False,False,368.0,0.0,0.0,2017-06-17,False,False,,False
381210,018d937e-fef7-7274-bbce-e7d155c3d2d1,AR,2017-06-17 23:15:26,11.99,19.99,40.0,USD,61,2016-06-14,14.99,USD,AR,True,False,False,False,False,False,False,368.0,-3.0,-0.20013342228152098,2017-06-17,False,False,,False
381210,018d937e-fef7-7274-bbce-e7d155c3d2d1,AR,2017-06-18 12:45:22,14.99,29.99,50.0,USD,61,2016-06-14,14.99,USD,AR,True,False,False,False,False,False,False,369.0,0.0,0.0,2017-06-18,False,False,,False
381210,018d937e-fef7-7274-bbce-e7d155c3d2d1,AR,2017-06-18 17:15:47,11.99,19.99,40.0,USD,61,2016-06-14,14.99,USD,AR,True,False,False,False,False,False,False,369.0,-3.0,-0.20013342228152098,2017-06-18,False,False,,False
381210,018d937e-fef7-7274-bbce-e7d155c3d2d1,AR,2017-06-20 03:45:26,14.99,29.99,50.0,USD,61,2016-06-14,14.99,USD,AR,True,False,False,False,False,False,False,371.0,0.0,0.0,2017-06-20,False,False,,False
381210,018d937e-fef7-7274-bbce-e7d155c3d2d1,AR,2017-06-20 04:45:38,11.99,19.99,40.0,USD,61,2016-06-14,14.99,USD,AR,True,False,False,False,False,False,False,371.0,-3.0,-0.20013342228152098,2017-06-20,False,False,,False
381210,018d937e-fef7-7274-bbce-e7d155c3d2d1,AR,2017-06-25 16:45:21,14.99,29.99,50.0,USD,61,2016-06-14,14.99,USD,AR,True,False,False,False,False,False,False,376.0,0.0,0.0,2017-06-25,False,False,,False
381210,018d937e-fef7-7274-bbce-e7d155c3d2d1,AR,2017-06-25 17:45:23,11.99,19.99,40.0,USD,61,2016-06-14,14.99,USD,AR,True,False,False,False,False,False,False,376.0,-3.0,-0.20013342228152098,2017-06-25,False,False,,False
381210,018d937e-fef7-7274-bbce-e7d155c3d2d1,AR,2017-06-26 02:45:21,14.99,29.99,50.0,USD,61,2016-06-14,14.99,USD,AR,True,False,False,False,False,False,False,377.0,0.0,0.0,2017-06-26,False,False,,False
381210,018d937e-fef7-7274-bbce-e7d155c3d2d1,AR,2017-06-26 04:15:33,11.99,19.99,40.0,USD,61,2016-06-14,14.99,USD,AR,True,False,False,False,False,False,False,377.0,-3.0,-0.20013342228152098,2017-06-26,False,False,,False
381210,018d937e-fef7-7274-bbce-e7d155c3d2d1,AR,2017-06-28 19:45:25,14.99,29.99,50.0,USD,61,2016-06-14,14.99,USD,AR,True,False,False,False,False,False,False,379.0,0.0,0.0,2017-06-28,False,False,,False
381210,018d937e-fef7-7274-bbce-e7d155c3d2d1,AR,2017-06-28 23:15:40,11.99,19.99,40.0,USD,61,2016-06-14,14.99,USD,AR,True,False,False,False,False,False,False,379.0,-3.0,-0.20013342228152098,2017-06-28,False,False,,False
381210,018d937e-fef7-7274-bbce-e7d155c3d2d1,AR,2017-06-29 09:45:21,14.99,29.99,50.0,USD,61,2016-06-14,14.99,USD,AR,True,False,False,False,False,False,False,380.0,0.0,0.0,2017-06-29,False,False,,False
381210,018d937e-fef7-7274-bbce-e7d155c3d2d1,AR,2017-06-29 11:45:21,11.99,19.99,40.0,USD,61,2016-06-14,14.99,USD,AR,True,False,False,False,False,False,False,380.0,-3.0,-0.20013342228152098,2017-06-29,False,False,,False
381210,018d937e-fef7-7274-bbce-e7d155c3d2d1,AR,2017-06-30 03:15:45,14.99,29.99,50.0,USD,61,2016-06-14,14.99,USD,AR,True,False,False,False,False,False,False,381.0,0.0,0.0,2017-06-30,False,False,,False
381210,018d937e-fef7-7274-bbce-e7d155c3d2d1,AR,2017-06-30 05:15:39,11.99,19.99,40.0,USD,61,2016-06-14,14.99,USD,AR,True,False,False,False,False,False,False,381.0,-3.0,-0.20013342228152098,2017-06-30,False,False,,False
381210,018d937e-fef7-7274-bbce-e7d155c3d2d1,AR,2017-06-30 07:45:24,14.99,29.99,50.0,USD,61,2016-06-14,14.99,USD,AR,True,False,False,False,False,False,False,381.0,0.0,0.0,2017-06-30,False,False,,False
381210,018d937e-fef7-7274-bbce-e7d155c3d2d1,AR,2017-06-30 08:45:20,11.99,19.99,40.0,USD,61,2016-06-14,14.99,USD,AR,True,False,False,False,False,False,False,381.0,-3.0,-0.20013342228152098,2017-06-30,False,False,,False
381210,018d937e-fef7-7274-bbce-e7d155c3d2d1,AR,2017-06-30 21:45:23,14.99,29.99,50.0,USD,61,2016-06-14,14.99,USD,AR,True,False,False,False,False,False,False,381.0,0.0,0.0,2017-06-30,False,False,,False
381210,018d937e-fef7-7274-bbce-e7d155c3d2d1,AR,2017-06-30 22:45:21,11.99,19.99,40.0,USD,61,2016-06-14,14.99,USD,AR,True,False,False,False,False,False,False,381.0,-3.0,-0.20013342228152098,2017-06-30,False,False,,False
381210,018d937e-fef7-7274-bbce-e7d155c3d2d1,AR,2017-07-01 02:45:19,14.99,29.99,50.0,USD,61,2016-06-14,14.99,USD,AR,True,False,False,False,False,False,False,382.0,0.0,0.0,2017-07-01,False,False,,False
381210,018d937e-fef7-7274-bbce-e7d155c3d2d1,AR,2017-07-01 05:15:41,11.99,19.99,40.0,USD,61,2016-06-14,14.99,USD,AR,True,False,False,False,False,False,False,382.0,-3.0,-0.20013342228152098,2017-07-01,False,False,,False
381210,018d937e-fef7-7274-bbce-e7d155c3d2d1,AR,2017-07-03 22:45:22,14.99,29.99,50.0,USD,61,2016-06-14,14.99,USD,AR,True,False,False,False,False,False,False,384.0,0.0,0.0,2017-07-03,False,False,,False
381210,018d937e-fef7-7274-bbce-e7d155c3d2d1,AR,2017-07-04 00:45:21,11.99,19.99,40.0,USD,61,2016-06-14,14.99,USD,AR,True,False,False,False,False,False,False,385.0,-3.0,-0.20013342228152098,2017-07-04,False,False,,False
381210,018d937e-fef7-7274-bbce-e7d155c3d2d1,AR,2017-07-04 20:15:34,14.99,29.99,50.0,USD,61,2016-06-14,14.99,USD,AR,True,False,False,False,False,False,False,385.0,0.0,0.0,2017-07-04,False,False,,False
381210,018d937e-fef7-7274-bbce-e7d155c3d2d1,AR,2017-07-04 22:15:43,11.99,19.99,40.0,USD,61,2016-06-14,14.99,USD,AR,True,False,False,False,False,False,False,385.0,-3.0,-0.20013342228152098,2017-07-04,False,False,,False
381210,018d937e-fef7-7274-bbce-e7d155c3d2d1,AR,2017-07-05 01:45:25,14.99,29.99,50.0,USD,61,2016-06-14,14.99,USD,AR,True,False,False,False,False,False,False,386.0,0.0,0.0,2017-07-05,False,False,,False
381210,018d937e-fef7-7274-bbce-e7d155c3d2d1,AR,2017-07-05 04:15:37,11.99,19.99,40.0,USD,61,2016-06-14,14.99,USD,AR,True,False,False,False,False,False,False,386.0,-3.0,-0.20013342228152098,2017-07-05,False,False,,False
381210,018d937e-fef7-7274-bbce-e7d155c3d2d1,AR,2017-07-05 04:45:24,14.99,29.99,50.0,USD,61,2016-06-14,14.99,USD,AR,True,False,False,False,False,False,False,386.0,0.0,0.0,2017-07-05,False,False,,False
381210,018d937e-fef7-7274-bbce-e7d155c3d2d1,AR,2017-07-05 06:15:34,11.99,19.99,40.0,USD,61,2016-06-14,14.99,USD,AR,True,False,False,False,False,False,False,386.0,-3.0,-0.20013342228152098,2017-07-05,False,False,,False
381210,018d937e-fef7-7274-bbce-e7d155c3d2d1,AR,2017-09-12 20:45:31,9.99,19.99,50.0,USD,61,2016-06-14,14.99,USD,AR,True,False,False,False,False,False,False,455.0,-5.0,-0.33355570380253496,2017-09-12,False,False,5.874988425925926,True
381210,018d937e-fef7-7274-bbce-e7d155c3d2d1,AR,2017-10-26 19:45:29,9.99,19.99,50.0,USD,61,2016-06-14,14.99,USD,AR,True,False,False,False,False,False,False,499.0,-5.0,-0.33355570380253496,2017-10-26,False,False,6.021076388888889,True
381210,018d937e-fef7-7274-bbce-e7d155c3d2d1,AR,2017-11-22 20:45:27,9.99,19.99,50.0,USD,61,2016-06-14,14.99,USD,AR,True,False,False,False,False,False,False,526.0,-5.0,-0.33355570380253496,2017-11-22,False,False,6.104479166666667,True
381210,018d937e-fef7-7274-bbce-e7d155c3d2d1,AR,2017-12-21 19:45:34,9.99,19.99,50.0,USD,61,2016-06-14,14.99,USD,AR,True,False,False,False,False,False,False,555.0,-5.0,-0.33355570380253496,2017-12-21,False,False,14.124976851851851,True
381210,018d937e-fef7-7274-bbce-e7d155c3d2d1,AR,2018-02-15 20:18:42,9.99,19.99,50.0,USD,61,2016-06-14,14.99,USD,AR,True,False,False,False,False,False,False,611.0,-5.0,-0.33355570380253496,2018-02-15,False,False,4.001388888888889,True
381210,018d937e-fef7-7274-bbce-e7d155c3d2d1,AR,2018-05-24 20:20:24,9.99,19.99,50.0,USD,61,2016-06-14,14.99,USD,AR,True,False,False,False,False,False,False,709.0,-5.0,-0.33355570380253496,2018-05-24,False,False,4.187025462962963,True
381210,018d937e-fef7-7274-bbce-e7d155c3d2d1,AR,2018-05-27 00:19:40,11.99,29.99,60.0,USD,61,2016-06-14,14.99,USD,AR,True,False,False,False,False,False,False,712.0,-3.0,-0.20013342228152098,2018-05-27,False,False,,False
381210,018d937e-fef7-7274-bbce-e7d155c3d2d1,AR,2018-05-27 04:19:19,9.99,19.99,50.0,USD,61,2016-06-14,14.99,USD,AR,True,False,False,False,False,False,False,712.0,-5.0,-0.33355570380253496,2018-05-27,False,False,,False
381210,018d937e-fef7-7274-bbce-e7d155c3d2d1,AR,2018-05-27 18:20:22,11.99,29.99,60.0,USD,61,2016-06-14,14.99,USD,AR,True,False,False,False,False,False,False,712.0,-3.0,-0.20013342228152098,2018-05-27,False,False,,False
381210,018d937e-fef7-7274-bbce-e7d155c3d2d1,AR,2018-05-27 19:49:58,9.99,19.99,50.0,USD,61,2016-06-14,14.99,USD,AR,True,False,False,False,False,False,False,712.0,-5.0,-0.33355570380253496,2018-05-27,False,False,,False
381210,018d937e-fef7-7274-bbce-e7d155c3d2d1,AR,2018-05-28 04:49:53,11.99,29.99,60.0,USD,61,2016-06-14,14.99,USD,AR,True,False,False,False,False,False,False,713.0,-3.0,-0.20013342228152098,2018-05-28,False,False,,False
381210,018d937e-fef7-7274-bbce-e7d155c3d2d1,AR,2018-05-28 08:19:38,9.99,19.99,50.0,USD,61,2016-06-14,14.99,USD,AR,True,False,False,False,False,False,False,713.0,-5.0,-0.33355570380253496,2018-05-28,False,False,,False
381210,018d937e-fef7-7274-bbce-e7d155c3d2d1,AR,2018-05-28 20:19:47,11.99,29.99,60.0,USD,61,2016-06-14,14.99,USD,AR,True,False,False,False,False,False,False,713.0,-3.0,-0.20013342228152098,2018-05-28,False,False,,False
381210,018d937e-fef7-7274-bbce-e7d155c3d2d1,AR,2018-05-28 21:20:40,9.99,19.99,50.0,USD,61,2016-06-14,14.99,USD,AR,True,False,False,False,False,False,False,713.0,-5.0,-0.33355570380253496,2018-05-28,False,False,,False
381210,018d937e-fef7-7274-bbce-e7d155c3d2d1,AR,2018-06-14 20:48:26,9.99,19.99,50.0,USD,61,2016-06-14,14.99,USD,AR,True,False,False,False,False,False,False,730.0,-5.0,-0.33355570380253496,2018-06-14,False,False,20.984618055555554,True
381210,018d937e-fef7-7274-bbce-e7d155c3d2d1,AR,2018-09-18 18:54:25,9.99,19.99,50.0,USD,61,2016-06-14,14.99,USD,AR,True,False,False,False,False,False,False,826.0,-5.0,-0.33355570380253496,2018-09-18,False,False,6.938912037037037,True
381210,018d937e-fef7-7274-bbce-e7d155c3d2d1,AR,2018-10-26 17:31:55,9.99,19.99,50.0,USD,61,2016-06-14,14.99,USD,AR,True,False,False,False,False,False,False,864.0,-5.0,-0.33355570380253496,2018-10-26,False,False,7.000289351851852,True
381210,018d937e-fef7-7274-bbce-e7d155c3d2d1,AR,2018-11-21 18:47:30,9.99,19.99,50.0,USD,61,2016-06-14,14.99,USD,AR,True,False,False,False,False,False,False,890.0,-5.0,-0.33355570380253496,2018-11-21,False,False,6.051956018518519,True
381210,018d937e-fef7-7274-bbce-e7d155c3d2d1,AR,2018-12-20 22:51:33,9.99,19.99,50.0,USD,61,2016-06-14,14.99,USD,AR,True,False,False,False,False,False,False,919.0,-5.0,-0.33355570380253496,2018-12-20,False,False,13.830405092592592,True
381210,018d937e-fef7-7274-bbce-e7d155c3d2d1,AR,2019-01-17 18:46:02,9.99,19.99,50.0,USD,61,2016-06-14,14.99,USD,AR,True,False,False,False,False,False,False,947.0,-5.0,-0.33355570380253496,2019-01-17,False,False,3.982523148148148,True
381210,018d937e-fef7-7274-bbce-e7d155c3d2d1,AR,2019-02-04 19:05:46,9.99,19.99,50.0,USD,61,2016-06-14,14.99,USD,AR,True,False,False,False,False,False,False,965.0,-5.0,-0.33355570380253496,2019-02-04,False,False,7.105787037037037,True
381210,018d937e-fef7-7274-bbce-e7d155c3d2d1,AR,2019-04-04 17:06:51,9.99,19.99,50.0,USD,61,2016-06-14,14.99,USD,AR,True,False,False,False,False,False,False,1024.0,-5.0,-0.33355570380253496,2019-04-04,False,False,6.019224537037037,True
381210,018d937e-fef7-7274-bbce-e7d155c3d2d1,AR,2019-05-24 17:37:27,9.99,19.99,50.0,USD,61,2016-06-14,14.99,USD,AR,True,False,False,False,False,False,False,1074.0,-5.0,-0.33355570380253496,2019-05-24,False,False,3.990613425925926,True
381210,018d937e-fef7-7274-bbce-e7d155c3d2d1,AR,2019-06-18 17:02:08,9.99,19.99,50.0,USD,61,2016-06-14,14.99,USD,AR,True,False,False,False,False,False,False,1099.0,-5.0,-0.33355570380253496,2019-06-18,False,False,21.151319444444443,True
381210,018d937e-fef7-7274-bbce-e7d155c3d2d1,AR,2019-09-17 16:21:58,9.99,19.99,50.0,USD,61,2016-06-14,14.99,USD,AR,True,False,False,False,False,False,False,1190.0,-5.0,-0.33355570380253496,2019-09-17,False,False,8.041087962962964,True
381210,018d937e-fef7-7274-bbce-e7d155c3d2d1,AR,2019-10-24 17:21:16,9.99,19.99,50.0,USD,61,2016-06-14,14.99,USD,AR,True,False,False,False,False,False,False,1227.0,-5.0,-0.33355570380253496,2019-10-24,False,False,8.00380787037037,True
381210,018d937e-fef7-7274-bbce-e7d155c3d2d1,AR,2019-11-26 18:11:42,9.99,19.99,50.0,USD,61,2016-06-14,14.99,USD,AR,True,False,False,False,False,False,False,1260.0,-5.0,-0.33355570380253496,2019-11-26,False,False,7.008657407407408,True
381210,018d937e-fef7-7274-bbce-e7d155c3d2d1,AR,2019-12-19 18:13:06,7.99,19.99,60.0,USD,61,2016-06-14,14.99,USD,AR,True,False,False,False,False,False,False,1283.0,-7.0,-0.46697798532354906,2019-12-19,False,False,14.020439814814814,True
381210,018d937e-fef7-7274-bbce-e7d155c3d2d1,AR,2020-01-22 18:27:07,7.99,19.99,60.0,USD,61,2016-06-14,14.99,USD,AR,True,False,False,False,False,False,False,1317.0,-7.0,-0.46697798532354906,2020-01-22,False,False,4.99994212962963,True
381210,018d937e-fef7-7274-bbce-e7d155c3d2d1,AR,2020-03-09 17:21:36,7.99,19.99,60.0,USD,61,2016-06-14,14.99,USD,AR,True,False,False,False,False,False,False,1364.0,-7.0,-0.46697798532354906,2020-03-09,False,False,7.999768518518518,True
381210,018d937e-fef7-7274-bbce-e7d155c3d2d1,AR,2020-04-21 17:21:22,7.99,19.99,60.0,USD,61,2016-06-14,14.99,USD,AR,True,False,False,False,False,False,False,1407.0,-7.0,-0.46697798532354906,2020-04-21,False,False,2.9999652777777777,True
381210,018d937e-fef7-7274-bbce-e7d155c3d2d1,AR,2020-07-09 17:24:27,29.99,29.99,0.0,USD,61,2016-06-14,14.99,USD,AR,False,False,False,True,False,False,False,1486.0,14.999999999999998,1.000667111407605,2020-07-09,False,False,,False
381210,018d937e-fef7-7274-bbce-e7d155c3d2d1,AR,2020-07-31 17:21:26,7.99,19.99,60.0,USD,61,2016-06-14,14.99,USD,AR,True,False,False,False,False,False,False,1508.0,-7.0,-0.46697798532354906,2020-07-31,False,False,7.000231481481482,True
381210,018d937e-fef7-7274-bbce-e7d155c3d2d1,AR,2020-09-08 17:21:11,7.99,19.99,60.0,USD,61,2016-06-14,14.99,USD,AR,True,False,False,False,False,False,False,1547.0,-7.0,-0.46697798532354906,2020-09-08,False,False,6.000150462962963,True
381210,018d937e-fef7-7274-bbce-e7d155c3d2d1,AR,2020-09-09 18:07:23,7.99,19.99,60.0,USD,61,2016-06-14,14.99,USD,AR,True,False,False,False,False,False,False,1548.0,-7.0,-0.46697798532354906,2020-09-09,False,False,,False
381210,018d937e-fef7-7274-bbce-e7d155c3d2d1,AR,2020-10-29 17:08:18,7.99,19.99,60.0,USD,61,2016-06-14,14.99,USD,AR,True,False,False,False,False,False,False,1598.0,-7.0,-0.46697798532354906,2020-10-29,False,False,4.053287037037037,True
381210,018d937e-fef7-7274-bbce-e7d155c3d2d1,AR,2020-11-25 18:25:12,7.99,19.99,60.0,USD,61,2016-06-14,14.99,USD,AR,True,False,False,False,False,False,False,1625.0,-7.0,-0.46697798532354906,2020-11-25,False,False,5.998287037037037,True
381210,018d937e-fef7-7274-bbce-e7d155c3d2d1,AR,2020-12-22 19:02:48,7.99,19.99,60.0,USD,61,2016-06-14,14.99,USD,AR,True,False,False,False,False,False,False,1652.0,-7.0,-0.46697798532354906,2020-12-22,False,False,13.994444444444444,True
381210,018d937e-fef7-7274-bbce-e7d155c3d2d1,AR,2021-02-11 18:58:18,11.99,19.99,40.0,USD,61,2016-06-14,14.99,USD,AR,True,False,False,False,False,False,False,1703.0,-3.0,-0.20013342228152098,2021-02-11,False,False,3.9750925925925924,True
381210,018d937e-fef7-7274-bbce-e7d155c3d2d1,AR,2021-03-30 17:18:18,9.99,19.99,50.0,USD,61,2016-06-14,14.99,USD,AR,True,False,False,False,False,False,False,1750.0,-5.0,-0.33355570380253496,2021-03-30,False,False,14.000648148148148,True
381210,018d937e-fef7-7274-bbce-e7d155c3d2d1,AR,2021-05-05 17:18:19,12.99,19.99,35.0,USD,61,2016-06-14,14.99,USD,AR,True,False,False,False,False,False,False,1786.0,-2.0,-0.13342228152101399,2021-05-05,False,False,6.000277777777778,True
381210,018d937e-fef7-7274-bbce-e7d155c3d2d1,AR,2021-06-15 17:18:16,11.99,19.99,40.0,USD,61,2016-06-14,14.99,USD,AR,True,False,False,False,False,False,False,1827.0,-3.0,-0.20013342228152098,2021-06-15,False,False,29.001400462962962,True
381210,018d937e-fef7-7274-bbce-e7d155c3d2d1,AR,2021-09-07 17:12:21,9.99,19.99,50.0,USD,61,2016-06-14,14.99,USD,AR,True,False,False,False,False,False,False,1911.0,-5.0,-0.33355570380253496,2021-09-07,False,False,13.012222222222222,True
381210,018d937e-fef7-7274-bbce-e7d155c3d2d1,AR,2021-10-19 17:18:35,9.99,19.99,50.0,USD,61,2016-06-14,14.99,USD,AR,True,False,False,False,False,False,False,1953.0,-5.0,-0.33355570380253496,2021-10-19,False,False,13.014351851851853,True
381210,018d937e-fef7-7274-bbce-e7d155c3d2d1,AR,2021-12-22 23:24:04,9.99,19.99,50.0,USD,61,2016-06-14,14.99,USD,AR,True,False,False,False,False,False,False,2017.0,-5.0,-0.33355570380253496,2021-12-22,False,False,13.794884259259259,True
381210,018d937e-fef7-7274-bbce-e7d155c3d2d1,AR,2022-01-27 19:05:08,9.99,19.99,50.0,USD,61,2016-06-14,14.99,USD,AR,True,False,False,False,False,False,False,2053.0,-5.0,-0.33355570380253496,2022-01-27,False,False,11.01068287037037,True
381210,018d937e-fef7-7274-bbce-e7d155c3d2d1,AR,2022-03-08 18:20:23,9.99,19.99,50.0,USD,61,2016-06-14,14.99,USD,AR,True,False,False,False,False,False,False,2093.0,-5.0,-0.33355570380253496,2022-03-08,False,False,13.957407407407407,True
381210,018d937e-fef7-7274-bbce-e7d155c3d2d1,AR,2022-04-26 17:26:12,9.99,19.99,50.0,USD,61,2016-06-14,14.99,USD,AR,True,False,False,False,False,False,False,2142.0,-5.0,-0.33355570380253496,2022-04-26,False,False,13.998078703703703,True
381210,018d937e-fef7-7274-bbce-e7d155c3d2d1,AR,2022-06-07 17:05:58,7.99,19.99,60.0,USD,61,2016-06-14,14.99,USD,AR,True,False,False,False,False,False,False,2184.0,-7.0,-0.46697798532354906,2022-06-07,False,False,14.006446759259259,True
381210,018d937e-fef7-7274-bbce-e7d155c3d2d1,AR,2022-06-23 17:29:02,7.99,19.99,60.0,USD,61,2016-06-14,14.99,USD,AR,True,False,False,False,False,False,False,2200.0,-7.0,-0.46697798532354906,2022-06-23,False,False,14.011481481481482,True
381210,018d937e-fef7-7274-bbce-e7d155c3d2d1,AR,2022-07-19 17:18:29,7.99,19.99,60.0,USD,61,2016-06-14,14.99,USD,AR,True,False,False,False,False,False,False,2226.0,-7.0,-0.46697798532354906,2022-07-19,False,False,13.000069444444444,True
381210,018d937e-fef7-7274-bbce-e7d155c3d2d1,AR,2022-08-30 17:19:08,7.99,19.99,60.0,USD,61,2016-06-14,14.99,USD,AR,True,False,False,False,False,False,False,2268.0,-7.0,-0.46697798532354906,2022-08-30,False,False,12.995462962962963,True
381210,018d937e-fef7-7274-bbce-e7d155c3d2d1,AR,2022-10-18 17:18:15,7.99,19.99,60.0,USD,61,2016-06-14,14.99,USD,AR,True,False,False,False,False,False,False,2317.0,-7.0,-0.46697798532354906,2022-10-18,False,False,14.000231481481482,True
381210,018d937e-fef7-7274-bbce-e7d155c3d2d1,AR,2022-11-22 22:44:45,7.99,19.99,60.0,USD,61,2016-06-14,14.99,USD,AR,True,False,False,False,False,False,False,2352.0,-7.0,-0.46697798532354906,2022-11-22,False,False,6.836331018518519,True
381210,018d937e-fef7-7274-bbce-e7d155c3d2d1,AR,2022-12-22 18:21:35,6.99,19.99,65.0,USD,61,2016-06-14,14.99,USD,AR,True,False,False,False,False,False,False,2382.0,-8.0,-0.533689126084056,2022-12-22,False,False,20.99966435185185,True
381210,018d937e-fef7-7274-bbce-e7d155c3d2d1,AR,2023-03-07 15:18:19,7.99,19.99,60.0,USD,61,2016-06-14,14.99,USD,AR,True,False,False,False,False,False,False,2457.0,-7.0,-0.46697798532354906,2023-03-07,False,False,8.999976851851851,True
381210,018d937e-fef7-7274-bbce-e7d155c3d2d1,AR,2023-03-16 21:06:59,7.99,19.99,60.0,USD,61,2016-06-14,14.99,USD,AR,True,False,False,False,False,False,False,2466.0,-7.0,-0.46697798532354906,2023-03-16,False,False,6.872175925925926,True
381210,018d937e-fef7-7274-bbce-e7d155c3d2d1,AR,2023-04-20 17:15:17,7.99,19.99,60.0,USD,61,2016-06-14,14.99,USD,AR,True,False,False,False,False,False,False,2501.0,-7.0,-0.46697798532354906,2023-04-20,False,False,9.995729166666667,True
381210,018d937e-fef7-7274-bbce-e7d155c3d2d1,AR,2023-06-13 17:18:40,7.99,19.99,60.0,USD,61,2016-06-14,14.99,USD,AR,True,False,False,False,False,False,False,2555.0,-7.0,-0.46697798532354906,2023-06-13,False,False,8.000416666666666,True
381210,018d937e-fef7-7274-bbce-e7d155c3d2d1,AR,2023-06-29 17:47:29,7.99,19.99,60.0,USD,61,2016-06-14,14.99,USD,AR,True,False,False,False,False,False,False,2571.0,-7.0,-0.46697798532354906,2023-06-29,False,False,13.969618055555555,True
381210,018d937e-fef7-7274-bbce-e7d155c3d2d1,AR,2023-07-25 17:19:09,7.99,19.99,60.0,USD,61,2016-06-14,14.99,USD,AR,True,False,False,False,False,False,False,2597.0,-7.0,-0.46697798532354906,2023-07-25,False,False,7.0003125,True
381210,018d937e-fef7-7274-bbce-e7d155c3d2d1,AR,2023-08-31 17:18:31,9.99,19.99,50.0,USD,61,2016-06-14,14.99,USD,AR,True,False,False,False,False,False,False,2634.0,-5.0,-0.33355570380253496,2023-08-31,False,False,12.003217592592593,True
381210,018d937e-fef7-7274-bbce-e7d155c3d2d1,AR,2023-11-21 18:07:41,7.99,19.99,60.0,USD,61,2016-06-14,14.99,USD,AR,True,False,False,False,False,False,False,2716.0,-7.0,-0.46697798532354906,2023-11-21,False,False,7.042268518518519,True
381210,018d937e-fef7-7274-bbce-e7d155c3d2d1,AR,2023-12-21 18:24:19,6.99,19.99,65.0,USD,61,2016-06-14,14.99,USD,AR,True,False,False,False,False,False,False,2746.0,-8.0,-0.533689126084056,2023-12-21,False,False,14.011747685185185,True
381210,018d937e-fef7-7274-bbce-e7d155c3d2d1,AR,2024-01-29 18:31:24,7.99,19.99,60.0,USD,61,2016-06-14,14.99,USD,AR,True,False,False,False,False,False,False,2785.0,-7.0,-0.46697798532354906,2024-01-29,False,False,12.303217592592592,True
381210,018d937e-fef7-7274-bbce-e7d155c3d2d1,AR,2024-03-12 17:18:13,7.99,19.99,60.0,USD,61,2016-06-14,14.99,USD,AR,True,False,False,False,False,False,False,2828.0,-7.0,-0.46697798532354906,2024-03-12,False,False,9.002384259259259,True
381210,018d937e-fef7-7274-bbce-e7d155c3d2d1,AR,2024-04-23 17:15:15,7.99,19.99,60.0,USD,61,2016-06-14,14.99,USD,AR,True,False,False,False,False,False,False,2870.0,-7.0,-0.46697798532354906,2024-04-23,False,False,9.002164351851851,True
381210,018d937e-fef7-7274-bbce-e7d155c3d2d1,AR,2024-06-03 17:03:27,7.99,19.99,60.0,USD,61,2016-06-14,14.99,USD,AR,True,False,False,False,False,False,False,2911.0,-7.0,-0.46697798532354906,2024-06-03,False,False,14.008993055555555,True
381210,018d937e-fef7-7274-bbce-e7d155c3d2d1,AR,2024-06-27 18:36:45,7.99,19.99,60.0,USD,61,2016-06-14,14.99,USD,AR,True,False,False,False,False,False,False,2935.0,-7.0,-0.46697798532354906,2024-06-27,False,False,13.949826388888889,True
381210,018d937e-fef7-7274-bbce-e7d155c3d2d1,AR,2024-07-25 17:16:22,7.99,19.99,60.0,USD,61,2016-06-14,14.99,USD,AR,True,False,False,False,False,False,False,2963.0,-7.0,-0.46697798532354906,2024-07-25,False,False,13.999837962962962,True
381210,018d937e-fef7-7274-bbce-e7d155c3d2d1,AR,2024-10-20 17:15:38,7.99,19.99,60.0,USD,61,2016-06-14,14.99,USD,AR,True,False,False,False,False,False,False,3050.0,-7.0,-0.46697798532354906,2024-10-20,False,False,13.999988425925926,True
381210,018d937e-fef7-7274-bbce-e7d155c3d2d1,AR,2024-11-27 21:34:39,7.99,19.99,60.0,USD,61,2016-06-14,14.99,USD,AR,True,False,False,False,False,False,False,3088.0,-7.0,-0.46697798532354906,2024-11-27,False,False,6.867766203703703,True
381210,018d937e-fef7-7274-bbce-e7d155c3d2d1,AR,2024-12-19 22:56:30,6.99,19.99,65.0,USD,61,2016-06-14,14.99,USD,AR,True,False,False,False,False,False,False,3110.0,-8.0,-0.533689126084056,2024-12-19,False,False,13.810243055555556,True
381210,018d937e-fef7-7274-bbce-e7d155c3d2d1,AR,2025-02-10 18:42:19,7.99,19.99,60.0,USD,61,2016-06-14,14.99,USD,AR,True,False,False,False,False,False,False,3163.0,-7.0,-0.46697798532354906,2025-02-10,False,False,13.9828125,True
381210,018d937e-fef7-7274-bbce-e7d155c3d2d1,AR,2025-03-13 19:30:21,7.99,19.99,60.0,USD,61,2016-06-14,14.99,USD,AR,True,False,False,False,False,False,False,3194.0,-7.0,-0.46697798532354906,2025-03-13,False,False,6.9115625,True
381210,018d937e-fef7-7274-bbce-e7d155c3d2d1,AR,2025-04-02 15:15:19,7.99,19.99,60.0,USD,61,2016-06-14,14.99,USD,AR,True,False,False,False,False,False,False,3214.0,-7.0,-0.46697798532354906,2025-04-02,False,False,13.000034722222223,True
381210,018d937e-fef7-7274-bbce-e7d155c3d2d1,AR,2025-06-17 17:17:15,7.99,19.99,60.0,USD,61,2016-06-14,14.99,USD,AR,True,False,False,False,False,False,False,3290.0,-7.0,-0.46697798532354906,2025-06-17,False,False,23.006215277777777,True
381210,018d937e-fef7-7274-bbce-e7d155c3d2d1,AR,2025-07-29 16:18:21,7.99,19.99,60.0,USD,61,2016-06-14,14.99,USD,AR,True,False,False,False,False,False,False,3332.0,-7.0,-0.46697798532354906,2025-07-29,False,False,13.9978125,True
381210,018d937e-fef7-7274-bbce-e7d155c3d2d1,AR,2025-09-29 21:03:03,7.99,19.99,60.0,USD,61,2016-06-14,14.99,USD,AR,True,False,False,False,False,False,False,3394.0,-7.0,-0.46697798532354906,2025-09-29,False,False,6.903333333333333,True
381210,018d937e-fef7-7274-bbce-e7d155c3d2d1,AR,2025-10-20 17:21:47,7.99,19.99,60.0,USD,61,2016-06-14,14.99,USD,AR,True,False,False,False,False,False,False,3415.0,-7.0,-0.46697798532354906,2025-10-20,False,False,13.996087962962964,True
381210,018d937e-fef7-7274-bbce-e7d155c3d2d1,AU,2016-07-04 16:25:49,26.7,26.7,0.0,AUD,61,2016-06-14,28.95,AUD,AU,False,False,False,False,False,False,False,20.0,-2.25,-0.07772020725388606,2016-07-04,False,False,,False
381210,018d937e-fef7-7274-bbce-e7d155c3d2d1,AU,2016-07-07 02:28:46,26.64,26.64,0.0,AUD,61,2016-06-14,28.95,AUD,AU,False,False,False,False,False,False,False,23.0,-2.3099999999999987,-0.07979274611398957,2016-07-07,False,False,,False
381210,018d937e-fef7-7274-bbce-e7d155c3d2d1,AU,2016-08-18 18:15:51,22.07,25.97,15.0,AUD,61,2016-06-14,28.95,AUD,AU,True,False,False,False,False,False,False,65.0,-6.879999999999999,-0.23765112262521582,2016-08-18,False,False,4.062453703703704,True
381210,018d937e-fef7-7274-bbce-e7d155c3d2d1,AU,2016-10-28 20:15:53,18.46,26.38,30.0,AUD,61,2016-06-14,28.95,AUD,AU,True,False,False,False,False,False,False,136.0,-10.489999999999998,-0.36234887737478405,2016-10-28,False,False,4.0211805555555555,True
381210,018d937e-fef7-7274-bbce-e7d155c3d2d1,AU,2016-11-23 20:16:46,18.92,27.04,30.0,AUD,61,2016-06-14,28.95,AUD,AU,True,False,False,False,False,False,False,162.0,-10.029999999999998,-0.3464594127806563,2016-11-23,False,False,5.937905092592593,True
381210,018d937e-fef7-7274-bbce-e7d155c3d2d1,AU,2016-12-15 21:45:57,19.02,27.17,30.0,AUD,61,2016-06-14,28.95,AUD,AU,True,False,False,False,False,False,False,184.0,-9.93,-0.3430051813471503,2016-12-15,False,False,3.9792939814814816,True
381210,018d937e-fef7-7274-bbce-e7d155c3d2d1,AU,2016-12-22 19:16:32,19.37,27.68,30.0,AUD,61,2016-06-14,28.95,AUD,AU,True,False,False,False,False,False,False,191.0,-9.579999999999998,-0.330915371329879,2016-12-22,False,False,10.979849537037037,True
381210,018d937e-fef7-7274-bbce-e7d155c3d2d1,AU,2017-01-27 18:46:44,18.54,26.48,30.0,AUD,61,2016-06-14,28.95,AUD,AU,True,False,False,False,False,False,False,227.0,-10.41,-0.3595854922279793,2017-01-27,False,False,6.978842592592593,True
381210,018d937e-fef7-7274-bbce-e7d155c3d2d1,AU,2017-03-08 20:16:42,15.88,26.48,40.0,AUD,61,2016-06-14,28.95,AUD,AU,True,False,False,False,False,False,False,267.0,-13.069999999999999,-0.45146804835924004,2017-03-08,False,False,4.895208333333334,True
381210,018d937e-fef7-7274-bbce-e7d155c3d2d1,AU,2017-06-14 19:15:57,15.78,26.32,40.0,AUD,61,2016-06-14,28.95,AUD,AU,True,False,False,False,False,False,False,365.0,-13.17,-0.45492227979274613,2017-06-14,False,False,21.041979166666668,True
381210,018d937e-fef7-7274-bbce-e7d155c3d2d1,AU,2017-06-16 01:45:41,19.75,39.51,50.0,AUD,61,2016-06-14,28.95,AUD,AU,True,False,False,False,False,False,False,367.0,-9.2,-0.3177892918825561,2017-06-16,False,False,,False
381210,018d937e-fef7-7274-bbce-e7d155c3d2d1,AU,2017-06-16 02:45:42,15.8,26.34,40.0,AUD,61,2016-06-14,28.95,AUD,AU,True,False,False,False,False,False,False,367.0,-13.149999999999999,-0.4542314335060449,2017-06-16,False,False,,False
381210,018d937e-fef7-7274-bbce-e7d155c3d2d1,AU,2017-06-16 11:45:48,19.7,39.41,50.0,AUD,61,2016-06-14,28.95,AUD,AU,True,False,False,False,False,False,False,367.0,-9.25,-0.3195164075993092,2017-06-16,False,False,,False
381210,018d937e-fef7-7274-bbce-e7d155c3d2d1,AU,2017-06-16 14:16:14,15.76,26.27,40.0,AUD,61,2016-06-14,28.95,AUD,AU,True,False,False,False,False,False,False,367.0,-13.19,-0.45561312607944726,2017-06-16,False,False,,False
381210,018d937e-fef7-7274-bbce-e7d155c3d2d1,AU,2017-06-16 20:15:52,19.65,39.31,50.0,AUD,61,2016-06-14,28.95,AUD,AU,True,False,False,False,False,False,False,367.0,-9.3,-0.3212435233160622,2017-06-16,False,False,,False
381210,018d937e-fef7-7274-bbce-e7d155c3d2d1,AU,2017-06-17 00:15:45,15.72,26.2,40.0,AUD,61,2016-06-14,28.95,AUD,AU,True,False,False,False,False,False,False,368.0,-13.229999999999999,-0.45699481865284974,2017-06-17,False,False,,False
381210,018d937e-fef7-7274-bbce-e7d155c3d2d1,AU,2017-06-17 19:15:43,19.65,39.31,50.0,AUD,61,2016-06-14,28.95,AUD,AU,True,False,False,False,False,False,False,368.0,-9.3,-0.3212435233160622,2017-06-17,False,False,,False
381210,018d937e-fef7-7274-bbce-e7d155c3d2d1,AU,2017-06-17 22:15:49,15.73,26.22,40.0,AUD,61,2016-06-14,28.95,AUD,AU,True,False,False,False,False,False,False,368.0,-13.219999999999999,-0.4566493955094991,2017-06-17,False,False,,False
381210,018d937e-fef7-7274-bbce-e7d155c3d2d1,AU,2017-06-19 15:45:44,19.69,39.39,50.0,AUD,61,2016-06-14,28.95,AUD,AU,True,False,False,False,False,False,False,370.0,-9.259999999999998,-0.3198618307426597,2017-06-19,False,False,,False
381210,018d937e-fef7-7274-bbce-e7d155c3d2d1,AU,2017-06-19 17:16:00,15.77,26.29,40.0,AUD,61,2016-06-14,28.95,AUD,AU,True,False,False,False,False,False,False,370.0,-13.18,-0.45526770293609675,2017-06-19,False,False,,False
381210,018d937e-fef7-7274-bbce-e7d155c3d2d1,AU,2017-06-21 10:45:39,19.8,39.62,50.0,AUD,61,2016-06-14,28.95,AUD,AU,True,False,False,False,False,False,False,372.0,-9.149999999999999,-0.3160621761658031,2017-06-21,False,False,,False
381210,018d937e-fef7-7274-bbce-e7d155c3d2d1,AU,2017-06-21 13:16:36,15.85,26.42,40.0,AUD,61,2016-06-14,28.95,AUD,AU,True,False,False,False,False,False,False,372.0,-13.1,-0.4525043177892919,2017-06-21,False,False,,False
381210,018d937e-fef7-7274-bbce-e7d155c3d2d1,AU,2017-06-26 19:45:49,19.75,39.51,50.0,AUD,61,2016-06-14,28.95,AUD,AU,True,False,False,False,False,False,False,377.0,-9.2,-0.3177892918825561,2017-06-26,False,False,,False
381210,018d937e-fef7-7274-bbce-e7d155c3d2d1,AU,2017-06-26 23:16:11,15.8,26.34,40.0,AUD,61,2016-06-14,28.95,AUD,AU,True,False,False,False,False,False,False,377.0,-13.149999999999999,-0.4542314335060449,2017-06-26,False,False,,False
381210,018d937e-fef7-7274-bbce-e7d155c3d2d1,AU,2017-06-28 19:16:14,19.62,39.24,50.0,AUD,61,2016-06-14,28.95,AUD,AU,True,False,False,False,False,False,False,379.0,-9.329999999999998,-0.32227979274611396,2017-06-28,False,False,,False
381210,018d937e-fef7-7274-bbce-e7d155c3d2d1,AU,2017-06-28 20:15:55,15.69,26.16,40.0,AUD,61,2016-06-14,28.95,AUD,AU,True,False,False,False,False,False,False,379.0,-13.26,-0.4580310880829016,2017-06-28,False,False,,False
381210,018d937e-fef7-7274-bbce-e7d155c3d2d1,AU,2017-07-01 15:45:37,19.47,38.95,50.0,AUD,61,2016-06-14,28.95,AUD,AU,True,False,False,False,False,False,False,382.0,-9.48,-0.32746113989637304,2017-07-01,False,False,,False
381210,018d937e-fef7-7274-bbce-e7d155c3d2d1,AU,2017-07-01 17:16:04,15.57,25.96,40.0,AUD,61,2016-06-14,28.95,AUD,AU,True,False,False,False,False,False,False,382.0,-13.379999999999999,-0.46217616580310883,2017-07-01,False,False,,False
381210,018d937e-fef7-7274-bbce-e7d155c3d2d1,AU,2017-07-01 19:45:38,19.47,38.95,50.0,AUD,61,2016-06-14,28.95,AUD,AU,True,False,False,False,False,False,False,382.0,-9.48,-0.32746113989637304,2017-07-01,False,False,,False
381210,018d937e-fef7-7274-bbce-e7d155c3d2d1,AU,2017-07-01 21:16:02,15.57,25.96,40.0,AUD,61,2016-06-14,28.95,AUD,AU,True,False,False,False,False,False,False,382.0,-13.379999999999999,-0.46217616580310883,2017-07-01,False,False,,False
381210,018d937e-fef7-7274-bbce-e7d155c3d2d1,AU,2017-07-03 12:45:37,19.56,39.14,50.0,AUD,61,2016-06-14,28.95,AUD,AU,True,False,False,False,False,False,False,384.0,-9.39,-0.3243523316062177,2017-07-03,False,False,,False
381210,018d937e-fef7-7274-bbce-e7d155c3d2d1,AU,2017-07-03 13:15:58,15.66,26.1,40.0,AUD,61,2016-06-14,28.95,AUD,AU,True,False,False,False,False,False,False,384.0,-13.29,-0.45906735751295336,2017-07-03,False,False,,False
381210,018d937e-fef7-7274-bbce-e7d155c3d2d1,AU,2017-07-03 16:15:59,19.57,39.16,50.0,AUD,61,2016-06-14,28.95,AUD,AU,True,False,False,False,False,False,False,384.0,-9.379999999999999,-0.32400690846286695,2017-07-03,False,False,,False
381210,018d937e-fef7-7274-bbce-e7d155c3d2d1,AU,2017-07-03 17:15:55,15.66,26.1,40.0,AUD,61,2016-06-14,28.95,AUD,AU,True,False,False,False,False,False,False,384.0,-13.29,-0.45906735751295336,2017-07-03,False,False,,False
381210,018d937e-fef7-7274-bbce-e7d155c3d2d1,AU,2017-09-12 19:45:49,12.45,24.91,50.0,AUD,61,2016-06-14,28.95,AUD,AU,True,False,False,False,False,False,False,455.0,-16.5,-0.5699481865284974,2017-09-12,False,False,5.917013888888889,True
381210,018d937e-fef7-7274-bbce-e7d155c3d2d1,AU,2017-10-26 20:16:15,13.02,26.06,50.0,AUD,61,2016-06-14,28.95,AUD,AU,True,False,False,False,False,False,False,499.0,-15.93,-0.550259067357513,2017-10-26,False,False,5.958935185185185,True
381210,018d937e-fef7-7274-bbce-e7d155c3d2d1,AU,2017-11-22 23:16:01,13.1,26.21,50.0,AUD,61,2016-06-14,28.95,AUD,AU,True,False,False,False,False,False,False,526.0,-15.85,-0.5474956822107081,2017-11-22,False,False,5.813483796296296,True
381210,018d937e-fef7-7274-bbce-e7d155c3d2d1,AU,2017-12-21 22:15:56,12.96,25.94,50.0,AUD,61,2016-06-14,28.95,AUD,AU,True,False,False,False,False,False,False,555.0,-15.989999999999998,-0.5523316062176166,2017-12-21,False,False,14.000416666666666,True
381210,018d937e-fef7-7274-bbce-e7d155c3d2d1,AU,2018-02-15 21:24:43,12.6,25.22,50.0,AUD,61,2016-06-14,28.95,AUD,AU,True,False,False,False,False,False,False,611.0,-16.35,-0.5647668393782384,2018-02-15,False,False,4.020613425925926,True
381210,018d937e-fef7-7274-bbce-e7d155c3d2d1,AU,2018-05-24 19:29:28,13.19,26.39,50.0,AUD,61,2016-06-14,28.95,AUD,AU,True,False,False,False,False,False,False,709.0,-15.76,-0.5443868739205526,2018-05-24,False,False,4.123472222222222,True
381210,018d937e-fef7-7274-bbce-e7d155c3d2d1,AU,2018-05-25 01:58:32,15.87,39.68,60.0,AUD,61,2016-06-14,28.95,AUD,AU,True,False,False,False,False,False,False,710.0,-13.08,-0.45181347150259066,2018-05-25,False,False,,False
381210,018d937e-fef7-7274-bbce-e7d155c3d2d1,AU,2018-05-25 02:26:11,13.22,26.45,50.0,AUD,61,2016-06-14,28.95,AUD,AU,True,False,False,False,False,False,False,710.0,-15.729999999999999,-0.5433506044905008,2018-05-25,False,False,,False
381210,018d937e-fef7-7274-bbce-e7d155c3d2d1,AU,2018-05-26 15:25:52,15.87,39.68,60.0,AUD,61,2016-06-14,28.95,AUD,AU,True,False,False,False,False,False,False,711.0,-13.08,-0.45181347150259066,2018-05-26,False,False,,False
381210,018d937e-fef7-7274-bbce-e7d155c3d2d1,AU,2018-05-26 15:57:36,13.22,26.45,50.0,AUD,61,2016-06-14,28.95,AUD,AU,True,False,False,False,False,False,False,711.0,-15.729999999999999,-0.5433506044905008,2018-05-26,False,False,,False
381210,018d937e-fef7-7274-bbce-e7d155c3d2d1,AU,2018-05-26 20:25:55,15.87,39.68,60.0,AUD,61,2016-06-14,28.95,AUD,AU,True,False,False,False,False,False,False,711.0,-13.08,-0.45181347150259066,2018-05-26,False,False,,False
381210,018d937e-fef7-7274-bbce-e7d155c3d2d1,AU,2018-05-26 20:58:09,13.22,26.45,50.0,AUD,61,2016-06-14,28.95,AUD,AU,True,False,False,False,False,False,False,711.0,-15.729999999999999,-0.5433506044905008,2018-05-26,False,False,,False
381210,018d937e-fef7-7274-bbce-e7d155c3d2d1,AU,2018-05-27 08:59:23,15.87,39.68,60.0,AUD,61,2016-06-14,28.95,AUD,AU,True,False,False,False,False,False,False,712.0,-13.08,-0.45181347150259066,2018-05-27,False,False,,False
381210,018d937e-fef7-7274-bbce-e7d155c3d2d1,AU,2018-05-27 11:28:28,13.22,26.45,50.0,AUD,61,2016-06-14,28.95,AUD,AU,True,False,False,False,False,False,False,712.0,-15.729999999999999,-0.5433506044905008,2018-05-27,False,False,,False
381210,018d937e-fef7-7274-bbce-e7d155c3d2d1,AU,2018-05-27 22:26:59,15.89,39.74,60.0,AUD,61,2016-06-14,28.95,AUD,AU,True,False,False,False,False,False,False,712.0,-13.059999999999999,-0.4511226252158894,2018-05-27,False,False,,False
381210,018d937e-fef7-7274-bbce-e7d155c3d2d1,AU,2018-05-27 23:28:00,13.24,26.49,50.0,AUD,61,2016-06-14,28.95,AUD,AU,True,False,False,False,False,False,False,712.0,-15.709999999999999,-0.5426597582037996,2018-05-27,False,False,,False
381210,018d937e-fef7-7274-bbce-e7d155c3d2d1,AU,2018-05-28 20:27:16,15.89,39.74,60.0,AUD,61,2016-06-14,28.95,AUD,AU,True,False,False,False,False,False,False,713.0,-13.059999999999999,-0.4511226252158894,2018-05-28,False,False,,False
381210,018d937e-fef7-7274-bbce-e7d155c3d2d1,AU,2018-06-15 03:12:25,13.42,26.86,50.0,AUD,61,2016-06-14,28.95,AUD,AU,True,False,False,False,False,False,False,731.0,-15.53,-0.5364421416234888,2018-06-15,False,False,20.583449074074075,True
381210,018d937e-fef7-7274-bbce-e7d155c3d2d1,AU,2018-09-18 18:54:07,13.83,27.67,50.0,AUD,61,2016-06-14,28.95,AUD,AU,True,False,False,False,False,False,False,826.0,-15.12,-0.522279792746114,2018-09-18,False,False,6.9405324074074075,True
381210,018d937e-fef7-7274-bbce-e7d155c3d2d1,AU,2018-10-26 17:23:41,14.09,28.19,50.0,AUD,61,2016-06-14,28.95,AUD,AU,True,False,False,False,False,False,False,864.0,-14.86,-0.5132987910189983,2018-10-26,False,False,6.998634259259259,True
381210,018d937e-fef7-7274-bbce-e7d155c3d2d1,AU,2018-11-21 00:23:32,39.87,39.87,0.0,AUD,61,2016-06-14,28.95,AUD,AU,False,False,False,True,False,False,False,890.0,10.919999999999998,0.37720207253886007,2018-11-21,False,False,,False
381210,018d937e-fef7-7274-bbce-e7d155c3d2d1,AU,2018-11-21 23:51:59,14.47,28.95,50.0,AUD,61,2016-06-14,28.95,AUD,AU,True,False,False,False,False,False,False,890.0,-14.479999999999999,-0.5001727115716752,2018-11-21,False,False,5.966435185185185,True
381210,018d937e-fef7-7274-bbce-e7d155c3d2d1,AU,2018-12-20 23:36:21,14.47,28.95,50.0,AUD,61,2016-06-14,28.95,AUD,AU,True,False,False,False,False,False,False,919.0,-14.479999999999999,-0.5001727115716752,2018-12-20,False,False,13.85704861111111,True
381210,018d937e-fef7-7274-bbce-e7d155c3d2d1,AU,2019-01-17 18:13:18,14.47,28.95,50.0,AUD,61,2016-06-14,28.95,AUD,AU,True,False,False,False,False,False,False,947.0,-14.479999999999999,-0.5001727115716752,2019-01-17,False,False,3.999652777777778,True
381210,018d937e-fef7-7274-bbce-e7d155c3d2d1,AU,2019-02-04 20:24:05,14.47,28.95,50.0,AUD,61,2016-06-14,28.95,AUD,AU,True,False,False,False,False,False,False,965.0,-14.479999999999999,-0.5001727115716752,2019-02-04,False,False,6.945775462962963,True
381210,018d937e-fef7-7274-bbce-e7d155c3d2d1,AU,2019-04-04 17:22:31,14.47,28.95,50.0,AUD,61,2016-06-14,28.95,AUD,AU,True,False,False,False,False,False,False,1024.0,-14.479999999999999,-0.5001727115716752,2019-04-04,False,False,6.00519675925926,True
381210,018d937e-fef7-7274-bbce-e7d155c3d2d1,AU,2019-05-24 17:24:59,14.47,28.95,50.0,AUD,61,2016-06-14,28.95,AUD,AU,True,False,False,False,False,False,False,1074.0,-14.479999999999999,-0.5001727115716752,2019-05-24,False,False,3.995486111111111,True
381210,018d937e-fef7-7274-bbce-e7d155c3d2d1,AU,2019-06-18 18:21:17,14.47,28.95,50.0,AUD,61,2016-06-14,28.95,AUD,AU,True,False,False,False,False,False,False,1099.0,-14.479999999999999,-0.5001727115716752,2019-06-18,False,False,21.028449074074075,True
381210,018d937e-fef7-7274-bbce-e7d155c3d2d1,AU,2019-09-17 16:21:38,14.47,28.95,50.0,AUD,61,2016-06-14,28.95,AUD,AU,True,False,False,False,False,False,False,1190.0,-14.479999999999999,-0.5001727115716752,2019-09-17,False,False,8.041423611111112,True
381210,018d937e-fef7-7274-bbce-e7d155c3d2d1,AU,2019-10-24 17:21:22,14.47,28.95,50.0,AUD,61,2016-06-14,28.95,AUD,AU,True,False,False,False,False,False,False,1227.0,-14.479999999999999,-0.5001727115716752,2019-10-24,False,False,8.002523148148148,True
381210,018d937e-fef7-7274-bbce-e7d155c3d2d1,AU,2019-11-26 18:08:40,14.47,28.95,50.0,AUD,61,2016-06-14,28.95,AUD,AU,True,False,False,False,False,False,False,1260.0,-14.479999999999999,-0.5001727115716752,2019-11-26,False,False,7.009224537037037,True
381210,018d937e-fef7-7274-bbce-e7d155c3d2d1,AU,2019-12-19 18:13:51,11.58,28.95,60.0,AUD,61,2016-06-14,28.95,AUD,AU,True,False,False,False,False,False,False,1283.0,-17.369999999999997,-0.6,2019-12-19,False,False,14.01767361111111,True
381210,018d937e-fef7-7274-bbce-e7d155c3d2d1,AU,2020-01-22 18:21:20,11.58,28.95,60.0,AUD,61,2016-06-14,28.95,AUD,AU,True,False,False,False,False,False,False,1317.0,-17.369999999999997,-0.6,2020-01-22,False,False,5.002303240740741,True
381210,018d937e-fef7-7274-bbce-e7d155c3d2d1,AU,2020-03-09 17:21:32,11.58,28.95,60.0,AUD,61,2016-06-14,28.95,AUD,AU,True,False,False,False,False,False,False,1364.0,-17.369999999999997,-0.6,2020-03-09,False,False,7.999756944444444,True
381210,018d937e-fef7-7274-bbce-e7d155c3d2d1,AU,2020-04-21 17:21:27,11.58,28.95,60.0,AUD,61,2016-06-14,28.95,AUD,AU,True,False,False,False,False,False,False,1407.0,-17.369999999999997,-0.6,2020-04-21,False,False,2.999791666666667,True
381210,018d937e-fef7-7274-bbce-e7d155c3d2d1,AU,2020-06-16 16:49:08,11.58,28.95,60.0,AUD,61,2016-06-14,28.95,AUD,AU,True,False,False,False,False,False,False,1463.0,-17.369999999999997,-0.6,2020-06-16,False,False,23.025925925925925,True
381210,018d937e-fef7-7274-bbce-e7d155c3d2d1,AU,2020-07-31 17:21:23,11.58,28.95,60.0,AUD,61,2016-06-14,28.95,AUD,AU,True,False,False,False,False,False,False,1508.0,-17.369999999999997,-0.6,2020-07-31,False,False,7.000219907407407,True
381210,018d937e-fef7-7274-bbce-e7d155c3d2d1,AU,2020-09-08 18:09:48,11.58,28.95,60.0,AUD,61,2016-06-14,28.95,AUD,AU,True,False,False,False,False,False,False,1547.0,-17.369999999999997,-0.6,2020-09-08,False,False,5.966481481481481,True
381210,018d937e-fef7-7274-bbce-e7d155c3d2d1,AU,2020-10-29 17:08:15,11.58,28.95,60.0,AUD,61,2016-06-14,28.95,AUD,AU,True,False,False,False,False,False,False,1598.0,-17.369999999999997,-0.6,2020-10-29,False,False,4.0532407407407405,True
381210,018d937e-fef7-7274-bbce-e7d155c3d2d1,AU,2020-11-25 18:33:52,11.58,28.95,60.0,AUD,61,2016-06-14,28.95,AUD,AU,True,False,False,False,False,False,False,1625.0,-17.369999999999997,-0.6,2020-11-25,False,False,5.991365740740741,True
381210,018d937e-fef7-7274-bbce-e7d155c3d2d1,AU,2020-12-22 19:00:20,11.58,28.95,60.0,AUD,61,2016-06-14,28.95,AUD,AU,True,False,False,False,False,False,False,1652.0,-17.369999999999997,-0.6,2020-12-22,False,False,13.99664351851852,True
381210,018d937e-fef7-7274-bbce-e7d155c3d2d1,AU,2021-02-11 19:01:05,17.37,28.95,40.0,AUD,61,2016-06-14,28.95,AUD,AU,True,False,False,False,False,False,False,1703.0,-11.579999999999998,-0.3999999999999999,2021-02-11,False,False,3.9740046296296296,True
381210,018d937e-fef7-7274-bbce-e7d155c3d2d1,AU,2021-03-30 17:18:18,14.47,28.95,50.0,AUD,61,2016-06-14,28.95,AUD,AU,True,False,False,False,False,False,False,1750.0,-14.479999999999999,-0.5001727115716752,2021-03-30,False,False,14.000590277777778,True
381210,018d937e-fef7-7274-bbce-e7d155c3d2d1,AU,2021-05-05 17:18:19,18.81,28.95,35.0,AUD,61,2016-06-14,28.95,AUD,AU,True,False,False,False,False,False,False,1786.0,-10.14,-0.350259067357513,2021-05-05,False,False,6.000393518518519,True
381210,018d937e-fef7-7274-bbce-e7d155c3d2d1,AU,2021-06-15 17:18:17,17.37,28.95,40.0,AUD,61,2016-06-14,28.95,AUD,AU,True,False,False,False,False,False,False,1827.0,-11.579999999999998,-0.3999999999999999,2021-06-15,False,False,28.996886574074075,True
381210,018d937e-fef7-7274-bbce-e7d155c3d2d1,AU,2021-09-07 17:19:17,14.47,28.95,50.0,AUD,61,2016-06-14,28.95,AUD,AU,True,False,False,False,False,False,False,1911.0,-14.479999999999999,-0.5001727115716752,2021-09-07,False,False,12.997395833333334,True
381210,018d937e-fef7-7274-bbce-e7d155c3d2d1,AU,2021-10-19 17:06:16,14.47,28.95,50.0,AUD,61,2016-06-14,28.95,AUD,AU,True,False,False,False,False,False,False,1953.0,-14.479999999999999,-0.5001727115716752,2021-10-19,False,False,13.068472222222223,True
381210,018d937e-fef7-7274-bbce-e7d155c3d2d1,AU,2021-11-30 18:36:01,14.47,28.95,50.0,AUD,61,2016-06-14,28.95,AUD,AU,True,False,False,False,False,False,False,1995.0,-14.479999999999999,-0.5001727115716752,2021-11-30,False,False,6.9771875,True
381210,018d937e-fef7-7274-bbce-e7d155c3d2d1,AU,2021-12-22 23:19:21,14.47,28.95,50.0,AUD,61,2016-06-14,28.95,AUD,AU,True,False,False,False,False,False,False,2017.0,-14.479999999999999,-0.5001727115716752,2021-12-22,False,False,13.796157407407408,True
381210,018d937e-fef7-7274-bbce-e7d155c3d2d1,AU,2022-01-27 18:15:12,14.47,28.95,50.0,AUD,61,2016-06-14,28.95,AUD,AU,True,False,False,False,False,False,False,2053.0,-14.479999999999999,-0.5001727115716752,2022-01-27,False,False,11.03962962962963,True
381210,018d937e-fef7-7274-bbce-e7d155c3d2d1,AU,2022-03-08 18:19:32,14.47,28.95,50.0,AUD,61,2016-06-14,28.95,AUD,AU,True,False,False,False,False,False,False,2093.0,-14.479999999999999,-0.5001727115716752,2022-03-08,False,False,13.958020833333334,True
381210,018d937e-fef7-7274-bbce-e7d155c3d2d1,AU,2022-04-26 17:12:20,14.47,28.95,50.0,AUD,61,2016-06-14,28.95,AUD,AU,True,False,False,False,False,False,False,2142.0,-14.479999999999999,-0.5001727115716752,2022-04-26,False,False,14.000601851851853,True
381210,018d937e-fef7-7274-bbce-e7d155c3d2d1,AU,2022-06-07 17:18:32,11.58,28.95,60.0,AUD,61,2016-06-14,28.95,AUD,AU,True,False,False,False,False,False,False,2184.0,-17.369999999999997,-0.6,2022-06-07,False,False,14.000023148148149,True
381210,018d937e-fef7-7274-bbce-e7d155c3d2d1,AU,2022-06-23 18:21:23,11.58,28.95,60.0,AUD,61,2016-06-14,28.95,AUD,AU,True,False,False,False,False,False,False,2200.0,-17.369999999999997,-0.6,2022-06-23,False,False,14.002465277777778,True
381210,018d937e-fef7-7274-bbce-e7d155c3d2d1,AU,2022-07-19 17:03:09,11.58,28.95,60.0,AUD,61,2016-06-14,28.95,AUD,AU,True,False,False,False,False,False,False,2226.0,-17.369999999999997,-0.6,2022-07-19,False,False,13.012800925925927,True
381210,018d937e-fef7-7274-bbce-e7d155c3d2d1,AU,2022-08-30 17:18:44,11.58,28.95,60.0,AUD,61,2016-06-14,28.95,AUD,AU,True,False,False,False,False,False,False,2268.0,-17.369999999999997,-0.6,2022-08-30,False,False,12.99974537037037,True
381210,018d937e-fef7-7274-bbce-e7d155c3d2d1,AU,2022-10-18 17:18:16,11.58,28.95,60.0,AUD,61,2016-06-14,28.95,AUD,AU,True,False,False,False,False,False,False,2317.0,-17.369999999999997,-0.6,2022-10-18,False,False,14.000196759259259,True
381210,018d937e-fef7-7274-bbce-e7d155c3d2d1,AU,2022-11-22 19:21:30,11.58,28.95,60.0,AUD,61,2016-06-14,28.95,AUD,AU,True,False,False,False,False,False,False,2352.0,-17.369999999999997,-0.6,2022-11-22,False,False,6.972789351851852,True
381210,018d937e-fef7-7274-bbce-e7d155c3d2d1,AU,2022-12-22 22:00:43,10.13,28.95,65.0,AUD,61,2016-06-14,28.95,AUD,AU,True,False,False,False,False,False,False,2382.0,-18.82,-0.6500863557858376,2022-12-22,False,False,20.84353009259259,True
381210,018d937e-fef7-7274-bbce-e7d155c3d2d1,AU,2023-03-07 15:18:11,11.58,28.95,60.0,AUD,61,2016-06-14,28.95,AUD,AU,True,False,False,False,False,False,False,2457.0,-17.369999999999997,-0.6,2023-03-07,False,False,9.000104166666667,True
381210,018d937e-fef7-7274-bbce-e7d155c3d2d1,AU,2023-03-16 21:07:35,11.58,28.95,60.0,AUD,61,2016-06-14,28.95,AUD,AU,True,False,False,False,False,False,False,2466.0,-17.369999999999997,-0.6,2023-03-16,False,False,6.908587962962963,True
381210,018d937e-fef7-7274-bbce-e7d155c3d2d1,AU,2023-04-20 17:19:21,11.58,28.95,60.0,AUD,61,2016-06-14,28.95,AUD,AU,True,False,False,False,False,False,False,2501.0,-17.369999999999997,-0.6,2023-04-20,False,False,9.997106481481481,True
381210,018d937e-fef7-7274-bbce-e7d155c3d2d1,AU,2023-06-13 17:18:42,11.58,28.95,60.0,AUD,61,2016-06-14,28.95,AUD,AU,True,False,False,False,False,False,False,2555.0,-17.369999999999997,-0.6,2023-06-13,False,False,8.000636574074074,True
381210,018d937e-fef7-7274-bbce-e7d155c3d2d1,AU,2023-06-29 23:13:47,11.58,28.95,60.0,AUD,61,2016-06-14,28.95,AUD,AU,True,False,False,False,False,False,False,2571.0,-17.369999999999997,-0.6,2023-06-29,False,False,13.777800925925925,True
381210,018d937e-fef7-7274-bbce-e7d155c3d2d1,AU,2023-07-25 17:18:32,11.58,28.95,60.0,AUD,61,2016-06-14,28.95,AUD,AU,True,False,False,False,False,False,False,2597.0,-17.369999999999997,-0.6,2023-07-25,False,False,7.000532407407407,True
381210,018d937e-fef7-7274-bbce-e7d155c3d2d1,AU,2023-08-31 17:18:32,14.47,28.95,50.0,AUD,61,2016-06-14,28.95,AUD,AU,True,False,False,False,False,False,False,2634.0,-14.479999999999999,-0.5001727115716752,2023-08-31,False,False,12.003194444444444,True
381210,018d937e-fef7-7274-bbce-e7d155c3d2d1,AU,2023-10-19 17:09:36,11.58,28.95,60.0,AUD,61,2016-06-14,28.95,AUD,AU,True,False,False,False,False,False,False,2683.0,-17.369999999999997,-0.6,2023-10-19,False,False,14.006770833333333,True
381210,018d937e-fef7-7274-bbce-e7d155c3d2d1,AU,2023-11-21 18:52:10,11.58,28.95,60.0,AUD,61,2016-06-14,28.95,AUD,AU,True,False,False,False,False,False,False,2716.0,-17.369999999999997,-0.6,2023-11-21,False,False,6.9845601851851855,True
381210,018d937e-fef7-7274-bbce-e7d155c3d2d1,AU,2023-12-21 18:48:05,10.13,28.95,65.0,AUD,61,2016-06-14,28.95,AUD,AU,True,False,False,False,False,False,False,2746.0,-18.82,-0.6500863557858376,2023-12-21,False,False,14.00005787037037,True
381210,018d937e-fef7-7274-bbce-e7d155c3d2d1,AU,2024-01-29 18:08:29,11.58,28.95,60.0,AUD,61,2016-06-14,28.95,AUD,AU,True,False,False,False,False,False,False,2785.0,-17.369999999999997,-0.6,2024-01-29,False,False,12.3259375,True
381210,018d937e-fef7-7274-bbce-e7d155c3d2d1,AU,2024-03-12 17:15:13,11.58,28.95,60.0,AUD,61,2016-06-14,28.95,AUD,AU,True,False,False,False,False,False,False,2828.0,-17.369999999999997,-0.6,2024-03-12,False,False,9.004502314814815,True
381210,018d937e-fef7-7274-bbce-e7d155c3d2d1,AU,2024-04-23 17:15:23,11.58,28.95,60.0,AUD,61,2016-06-14,28.95,AUD,AU,True,False,False,False,False,False,False,2870.0,-17.369999999999997,-0.6,2024-04-23,False,False,9.000162037037038,True
381210,018d937e-fef7-7274-bbce-e7d155c3d2d1,AU,2024-06-03 17:03:08,11.58,28.95,60.0,AUD,61,2016-06-14,28.95,AUD,AU,True,False,False,False,False,False,False,2911.0,-17.369999999999997,-0.6,2024-06-03,False,False,14.009201388888888,True
381210,018d937e-fef7-7274-bbce-e7d155c3d2d1,AU,2024-06-27 18:42:24,11.58,28.95,60.0,AUD,61,2016-06-14,28.95,AUD,AU,True,False,False,False,False,False,False,2935.0,-17.369999999999997,-0.6,2024-06-27,False,False,13.947384259259259,True
381210,018d937e-fef7-7274-bbce-e7d155c3d2d1,AU,2024-07-25 17:19:21,11.58,28.95,60.0,AUD,61,2016-06-14,28.95,AUD,AU,True,False,False,False,False,False,False,2963.0,-17.369999999999997,-0.6,2024-07-25,False,False,13.997268518518519,True
381210,018d937e-fef7-7274-bbce-e7d155c3d2d1,AU,2024-10-20 17:18:29,11.58,28.95,60.0,AUD,61,2016-06-14,28.95,AUD,AU,True,False,False,False,False,False,False,3050.0,-17.369999999999997,-0.6,2024-10-20,False,False,14.000081018518518,True
381210,018d937e-fef7-7274-bbce-e7d155c3d2d1,AU,2024-11-27 21:59:49,11.58,28.95,60.0,AUD,61,2016-06-14,28.95,AUD,AU,True,False,False,False,False,False,False,3088.0,-17.369999999999997,-0.6,2024-11-27,False,False,6.850266203703704,True
381210,018d937e-fef7-7274-bbce-e7d155c3d2d1,AU,2024-12-19 20:33:57,10.13,28.95,65.0,AUD,61,2016-06-14,28.95,AUD,AU,True,False,False,False,False,False,False,3110.0,-18.82,-0.6500863557858376,2024-12-19,False,False,13.909270833333334,True
381210,018d937e-fef7-7274-bbce-e7d155c3d2d1,AU,2025-02-10 18:42:11,11.58,28.95,60.0,AUD,61,2016-06-14,28.95,AUD,AU,True,False,False,False,False,False,False,3163.0,-17.369999999999997,-0.6,2025-02-10,False,False,13.982905092592592,True
381210,018d937e-fef7-7274-bbce-e7d155c3d2d1,AU,2025-03-13 19:41:37,11.58,28.95,60.0,AUD,61,2016-06-14,28.95,AUD,AU,True,False,False,False,False,False,False,3194.0,-17.369999999999997,-0.6,2025-03-13,False,False,6.904039351851852,True
381210,018d937e-fef7-7274-bbce-e7d155c3d2d1,AU,2025-04-02 15:15:15,11.58,28.95,60.0,AUD,61,2016-06-14,28.95,AUD,AU,True,False,False,False,False,False,False,3214.0,-17.369999999999997,-0.6,2025-04-02,False,False,13.0,True
381210,018d937e-fef7-7274-bbce-e7d155c3d2d1,AU,2025-06-17 17:19:52,11.58,28.95,60.0,AUD,61,2016-06-14,28.95,AUD,AU,True,False,False,False,False,False,False,3290.0,-17.369999999999997,-0.6,2025-06-17,False,False,23.002476851851853,True
381210,018d937e-fef7-7274-bbce-e7d155c3d2d1,AU,2025-07-29 16:18:18,11.58,28.95,60.0,AUD,61,2016-06-14,28.95,AUD,AU,True,False,False,False,False,False,False,3332.0,-17.369999999999997,-0.6,2025-07-29,False,False,13.99798611111111,True
381210,018d937e-fef7-7274-bbce-e7d155c3d2d1,AU,2025-09-29 20:57:20,11.58,28.95,60.0,AUD,61,2016-06-14,28.95,AUD,AU,True,False,False,False,False,False,False,3394.0,-17.369999999999997,-0.6,2025-09-29,False,False,6.905405092592592,True
381210,018d937e-fef7-7274-bbce-e7d155c3d2d1,AU,2025-10-20 17:16:24,11.58,28.95,60.0,AUD,61,2016-06-14,28.95,AUD,AU,True,False,False,False,False,False,False,3415.0,-17.369999999999997,-0.6,2025-10-20,False,False,14.001828703703703,True
381210,018d937e-fef7-7274-bbce-e7d155c3d2d1,BR,2016-07-04 18:15:10,36.6,36.6,0.0,BRL,61,2016-06-14,69.99,BRL,BR,False,False,False,False,False,False,False,20.0,-33.38999999999999,-0.47706815259322755,2016-07-04,False,False,,False
381210,018d937e-fef7-7274-bbce-e7d155c3d2d1,BR,2016-08-18 18:15:42,31.23,36.74,15.0,BRL,61,2016-06-14,69.99,BRL,BR,True,False,False,False,False,False,False,65.0,-38.75999999999999,-0.5537933990570081,2016-08-18,False,False,4.083333333333333,True
381210,018d937e-fef7-7274-bbce-e7d155c3d2d1,BR,2016-10-28 18:15:46,25.95,37.06,30.0,BRL,61,2016-06-14,69.99,BRL,BR,True,False,False,False,False,False,False,136.0,-44.03999999999999,-0.6292327475353622,2016-10-28,False,False,4.000462962962963,True
381210,018d937e-fef7-7274-bbce-e7d155c3d2d1,BR,2016-11-24 00:16:27,25.57,36.56,30.0,BRL,61,2016-06-14,69.99,BRL,BR,True,False,False,False,False,False,False,163.0,-44.419999999999995,-0.6346620945849406,2016-11-24,False,False,5.771122685185185,True
381210,018d937e-fef7-7274-bbce-e7d155c3d2d1,BR,2016-12-15 18:45:50,25.84,36.95,30.0,BRL,61,2016-06-14,69.99,BRL,BR,True,False,False,False,False,False,False,184.0,-44.14999999999999,-0.6308044006286613,2016-12-15,False,False,4.083263888888889,True
381210,018d937e-fef7-7274-bbce-e7d155c3d2d1,BR,2016-12-22 22:15:57,26.01,37.13,30.0,BRL,61,2016-06-14,69.99,BRL,BR,True,False,False,False,False,False,False,191.0,-43.97999999999999,-0.6283754822117444,2016-12-22,False,False,10.875694444444445,True
381210,018d937e-fef7-7274-bbce-e7d155c3d2d1,BR,2017-01-27 19:46:04,25.96,37.1,30.0,BRL,61,2016-06-14,69.99,BRL,BR,True,False,False,False,False,False,False,227.0,-44.029999999999994,-0.6290898699814258,2017-01-27,False,False,6.979074074074074,True
381210,018d937e-fef7-7274-bbce-e7d155c3d2d1,BR,2017-03-08 21:45:41,22.16,36.94,40.0,BRL,61,2016-06-14,69.99,BRL,BR,True,False,False,False,False,False,False,267.0,-47.83,-0.6833833404772109,2017-03-08,False,False,4.89625,True
381210,018d937e-fef7-7274-bbce-e7d155c3d2d1,BR,2017-06-14 18:45:37,22.24,37.08,40.0,BRL,61,2016-06-14,69.99,BRL,BR,True,False,False,False,False,False,False,365.0,-47.75,-0.6822403200457208,2017-06-14,False,False,21.062881944444445,True
381210,018d937e-fef7-7274-bbce-e7d155c3d2d1,BR,2017-06-16 22:45:34,27.99,56.01,50.0,BRL,61,2016-06-14,69.99,BRL,BR,True,False,False,False,False,False,False,367.0,-42.0,-0.6000857265323618,2017-06-16,False,False,,False
381210,018d937e-fef7-7274-bbce-e7d155c3d2d1,BR,2017-06-17 00:15:40,22.19,37.01,40.0,BRL,61,2016-06-14,69.99,BRL,BR,True,False,False,False,False,False,False,368.0,-47.8,-0.6829547078154021,2017-06-17,False,False,,False
381210,018d937e-fef7-7274-bbce-e7d155c3d2d1,BR,2017-06-18 09:45:36,27.99,56.01,50.0,BRL,61,2016-06-14,69.99,BRL,BR,True,False,False,False,False,False,False,369.0,-42.0,-0.6000857265323618,2017-06-18,False,False,,False
381210,018d937e-fef7-7274-bbce-e7d155c3d2d1,BR,2017-06-18 12:15:41,22.19,36.97,40.0,BRL,61,2016-06-14,69.99,BRL,BR,True,False,False,False,False,False,False,369.0,-47.8,-0.6829547078154021,2017-06-18,False,False,,False
381210,018d937e-fef7-7274-bbce-e7d155c3d2d1,BR,2017-06-21 05:15:42,28.01,55.98,50.0,BRL,61,2016-06-14,69.99,BRL,BR,True,False,False,False,False,False,False,372.0,-41.97999999999999,-0.5997999714244892,2017-06-21,False,False,,False
381210,018d937e-fef7-7274-bbce-e7d155c3d2d1,BR,2017-06-21 07:15:40,22.19,36.99,40.0,BRL,61,2016-06-14,69.99,BRL,BR,True,False,False,False,False,False,False,372.0,-47.8,-0.6829547078154021,2017-06-21,False,False,,False
381210,018d937e-fef7-7274-bbce-e7d155c3d2d1,BR,2017-06-21 10:45:32,28.01,55.98,50.0,BRL,61,2016-06-14,69.99,BRL,BR,True,False,False,False,False,False,False,372.0,-41.97999999999999,-0.5997999714244892,2017-06-21,False,False,,False
381210,018d937e-fef7-7274-bbce-e7d155c3d2d1,BR,2017-06-21 13:16:08,22.21,37.04,40.0,BRL,61,2016-06-14,69.99,BRL,BR,True,False,False,False,False,False,False,372.0,-47.779999999999994,-0.6826689527075296,2017-06-21,False,False,,False
381210,018d937e-fef7-7274-bbce-e7d155c3d2d1,BR,2017-06-22 01:45:51,27.97,55.98,50.0,BRL,61,2016-06-14,69.99,BRL,BR,True,False,False,False,False,False,False,373.0,-42.019999999999996,-0.6003714816402344,2017-06-22,False,False,,False
381210,018d937e-fef7-7274-bbce-e7d155c3d2d1,BR,2017-06-22 11:45:33,22.21,36.98,40.0,BRL,61,2016-06-14,69.99,BRL,BR,True,False,False,False,False,False,False,373.0,-47.779999999999994,-0.6826689527075296,2017-06-22,False,False,,False
381210,018d937e-fef7-7274-bbce-e7d155c3d2d1,BR,2017-07-03 08:16:02,28.0,56.0,50.0,BRL,61,2016-06-14,69.99,BRL,BR,True,False,False,False,False,False,False,384.0,-41.989999999999995,-0.5999428489784255,2017-07-03,False,False,,False
381210,018d937e-fef7-7274-bbce-e7d155c3d2d1,BR,2017-07-03 10:45:30,22.18,36.99,40.0,BRL,61,2016-06-14,69.99,BRL,BR,True,False,False,False,False,False,False,384.0,-47.809999999999995,-0.6830975853693384,2017-07-03,False,False,,False
381210,018d937e-fef7-7274-bbce-e7d155c3d2d1,BR,2017-07-03 20:15:48,28.0,56.0,50.0,BRL,61,2016-06-14,69.99,BRL,BR,True,False,False,False,False,False,False,384.0,-41.989999999999995,-0.5999428489784255,2017-07-03,False,False,,False
381210,018d937e-fef7-7274-bbce-e7d155c3d2d1,BR,2017-07-03 21:45:32,22.18,36.99,40.0,BRL,61,2016-06-14,69.99,BRL,BR,True,False,False,False,False,False,False,384.0,-47.809999999999995,-0.6830975853693384,2017-07-03,False,False,,False
381210,018d937e-fef7-7274-bbce-e7d155c3d2d1,BR,2017-09-12 20:16:00,18.49,37.0,50.0,BRL,61,2016-06-14,69.99,BRL,BR,True,False,False,False,False,False,False,455.0,-51.5,-0.7358194027718246,2017-09-12,False,False,6.062268518518518,True
381210,018d937e-fef7-7274-bbce-e7d155c3d2d1,BR,2017-10-26 20:15:45,18.42,36.86,50.0,BRL,61,2016-06-14,69.99,BRL,BR,True,False,False,False,False,False,False,499.0,-51.56999999999999,-0.7368195456493785,2017-10-26,False,False,5.917326388888889,True
381210,018d937e-fef7-7274-bbce-e7d155c3d2d1,BR,2017-11-22 23:15:53,18.49,36.95,50.0,BRL,61,2016-06-14,69.99,BRL,BR,True,False,False,False,False,False,False,526.0,-51.5,-0.7358194027718246,2017-11-22,False,False,5.85431712962963,True
381210,018d937e-fef7-7274-bbce-e7d155c3d2d1,BR,2017-12-21 18:47:07,18.51,37.02,50.0,BRL,61,2016-06-14,69.99,BRL,BR,True,False,False,False,False,False,False,555.0,-51.47999999999999,-0.735533647663952,2017-12-21,False,False,14.02085648148148,True
381210,018d937e-fef7-7274-bbce-e7d155c3d2d1,BR,2018-02-15 18:54:07,18.47,36.97,50.0,BRL,61,2016-06-14,69.99,BRL,BR,True,False,False,False,False,False,False,611.0,-51.519999999999996,-0.7361051578796971,2018-02-15,False,False,3.9996875,True
381210,018d937e-fef7-7274-bbce-e7d155c3d2d1,BR,2018-05-24 19:27:23,18.5,37.0,50.0,BRL,61,2016-06-14,69.99,BRL,BR,True,False,False,False,False,False,False,709.0,-51.489999999999995,-0.7356765252178883,2018-05-24,False,False,4.186180555555556,True
381210,018d937e-fef7-7274-bbce-e7d155c3d2d1,BR,2018-05-26 05:55:02,22.38,56.0,60.0,BRL,61,2016-06-14,69.99,BRL,BR,True,False,False,False,False,False,False,711.0,-47.61,-0.680240034290613,2018-05-26,False,False,,False
381210,018d937e-fef7-7274-bbce-e7d155c3d2d1,BR,2018-05-26 09:55:15,18.47,36.98,50.0,BRL,61,2016-06-14,69.99,BRL,BR,True,False,False,False,False,False,False,711.0,-51.519999999999996,-0.7361051578796971,2018-05-26,False,False,,False
381210,018d937e-fef7-7274-bbce-e7d155c3d2d1,BR,2018-05-27 05:24:23,22.49,56.29,60.0,BRL,61,2016-06-14,69.99,BRL,BR,True,False,False,False,False,False,False,712.0,-47.5,-0.6786683811973139,2018-05-27,False,False,,False
381210,018d937e-fef7-7274-bbce-e7d155c3d2d1,BR,2018-05-27 06:25:07,18.57,37.17,50.0,BRL,61,2016-06-14,69.99,BRL,BR,True,False,False,False,False,False,False,712.0,-51.419999999999995,-0.7346763823403344,2018-05-27,False,False,,False
381210,018d937e-fef7-7274-bbce-e7d155c3d2d1,BR,2018-05-27 21:55:55,22.27,55.71,60.0,BRL,61,2016-06-14,69.99,BRL,BR,True,False,False,False,False,False,False,712.0,-47.72,-0.681811687383912,2018-05-27,False,False,,False
381210,018d937e-fef7-7274-bbce-e7d155c3d2d1,BR,2018-05-28 02:55:05,18.9,37.84,50.0,BRL,61,2016-06-14,69.99,BRL,BR,True,False,False,False,False,False,False,713.0,-51.089999999999996,-0.7299614230604372,2018-05-28,False,False,,False
381210,018d937e-fef7-7274-bbce-e7d155c3d2d1,BR,2018-06-14 20:09:23,18.19,36.34,50.0,BRL,61,2016-06-14,69.99,BRL,BR,True,False,False,False,False,False,False,730.0,-51.8,-0.7401057293899128,2018-06-14,False,False,20.93337962962963,True
381210,018d937e-fef7-7274-bbce-e7d155c3d2d1,BR,2018-09-18 18:48:44,18.52,37.04,50.0,BRL,61,2016-06-14,69.99,BRL,BR,True,False,False,False,False,False,False,826.0,-51.47,-0.7353907701100157,2018-09-18,False,False,6.9463078703703705,True
381210,018d937e-fef7-7274-bbce-e7d155c3d2d1,BR,2018-10-26 17:22:39,18.32,36.68,50.0,BRL,61,2016-06-14,69.99,BRL,BR,True,False,False,False,False,False,False,864.0,-51.669999999999995,-0.7382483211887412,2018-10-26,False,False,6.997465277777778,True
381210,018d937e-fef7-7274-bbce-e7d155c3d2d1,BR,2018-11-21 21:13:33,18.46,36.96,50.0,BRL,61,2016-06-14,69.99,BRL,BR,True,False,False,False,False,False,False,890.0,-51.529999999999994,-0.7362480354336334,2018-11-21,False,False,5.998333333333333,True
381210,018d937e-fef7-7274-bbce-e7d155c3d2d1,BR,2018-12-20 23:20:36,18.49,36.99,50.0,BRL,61,2016-06-14,69.99,BRL,BR,True,False,False,False,False,False,False,919.0,-51.5,-0.7358194027718246,2018-12-20,False,False,14.080416666666666,True
381210,018d937e-fef7-7274-bbce-e7d155c3d2d1,BR,2019-01-17 18:32:09,18.49,36.99,50.0,BRL,61,2016-06-14,69.99,BRL,BR,True,False,False,False,False,False,False,947.0,-51.5,-0.7358194027718246,2019-01-17,False,False,3.990775462962963,True
381210,018d937e-fef7-7274-bbce-e7d155c3d2d1,BR,2019-02-04 19:14:22,18.49,36.99,50.0,BRL,61,2016-06-14,69.99,BRL,BR,True,False,False,False,False,False,False,965.0,-51.5,-0.7358194027718246,2019-02-04,False,False,7.1718981481481485,True
381210,018d937e-fef7-7274-bbce-e7d155c3d2d1,BR,2019-04-04 17:20:46,18.49,36.99,50.0,BRL,61,2016-06-14,69.99,BRL,BR,True,False,False,False,False,False,False,1024.0,-51.5,-0.7358194027718246,2019-04-04,False,False,6.019664351851852,True
381210,018d937e-fef7-7274-bbce-e7d155c3d2d1,BR,2019-05-24 17:18:08,18.49,36.99,50.0,BRL,61,2016-06-14,69.99,BRL,BR,True,False,False,False,False,False,False,1074.0,-51.5,-0.7358194027718246,2019-05-24,False,False,3.9917824074074075,True
381210,018d937e-fef7-7274-bbce-e7d155c3d2d1,BR,2019-06-18 18:06:03,18.49,36.99,50.0,BRL,61,2016-06-14,69.99,BRL,BR,True,False,False,False,False,False,False,1099.0,-51.5,-0.7358194027718246,2019-06-18,False,False,21.145474537037035,True
381210,018d937e-fef7-7274-bbce-e7d155c3d2d1,BR,2019-09-17 16:21:43,18.49,36.99,50.0,BRL,61,2016-06-14,69.99,BRL,BR,True,False,False,False,False,False,False,1190.0,-51.5,-0.7358194027718246,2019-09-17,False,False,8.041354166666666,True
381210,018d937e-fef7-7274-bbce-e7d155c3d2d1,BR,2019-10-24 17:21:46,18.49,36.99,50.0,BRL,61,2016-06-14,69.99,BRL,BR,True,False,False,False,False,False,False,1227.0,-51.5,-0.7358194027718246,2019-10-24,False,False,8.003900462962964,True
381210,018d937e-fef7-7274-bbce-e7d155c3d2d1,BR,2019-11-26 18:07:32,18.49,36.99,50.0,BRL,61,2016-06-14,69.99,BRL,BR,True,False,False,False,False,False,False,1260.0,-51.5,-0.7358194027718246,2019-11-26,False,False,7.012893518518519,True
381210,018d937e-fef7-7274-bbce-e7d155c3d2d1,BR,2019-12-19 18:13:42,14.79,36.99,60.0,BRL,61,2016-06-14,69.99,BRL,BR,True,False,False,False,False,False,False,1283.0,-55.199999999999996,-0.7886840977282469,2019-12-19,False,False,14.015520833333333,True
381210,018d937e-fef7-7274-bbce-e7d155c3d2d1,BR,2020-01-22 18:21:10,14.79,36.99,60.0,BRL,61,2016-06-14,69.99,BRL,BR,True,False,False,False,False,False,False,1317.0,-55.199999999999996,-0.7886840977282469,2020-01-22,False,False,5.003310185185185,True
381210,018d937e-fef7-7274-bbce-e7d155c3d2d1,BR,2020-03-09 17:21:09,14.79,36.99,60.0,BRL,61,2016-06-14,69.99,BRL,BR,True,False,False,False,False,False,False,1364.0,-55.199999999999996,-0.7886840977282469,2020-03-09,False,False,8.000069444444444,True
381210,018d937e-fef7-7274-bbce-e7d155c3d2d1,BR,2020-04-21 17:21:19,14.79,36.99,60.0,BRL,61,2016-06-14,69.99,BRL,BR,True,False,False,False,False,False,False,1407.0,-55.199999999999996,-0.7886840977282469,2020-04-21,False,False,2.999976851851852,True
381210,018d937e-fef7-7274-bbce-e7d155c3d2d1,BR,2020-07-09 17:55:20,55.99,55.99,0.0,BRL,61,2016-06-14,69.99,BRL,BR,False,False,False,True,False,False,False,1486.0,-13.999999999999993,-0.20002857551078712,2020-07-09,False,False,,False
381210,018d937e-fef7-7274-bbce-e7d155c3d2d1,BR,2020-07-31 17:21:22,14.79,36.99,60.0,BRL,61,2016-06-14,69.99,BRL,BR,True,False,False,False,False,False,False,1508.0,-55.199999999999996,-0.7886840977282469,2020-07-31,False,False,7.000115740740741,True
381210,018d937e-fef7-7274-bbce-e7d155c3d2d1,BR,2020-09-08 18:09:40,14.79,36.99,60.0,BRL,61,2016-06-14,69.99,BRL,BR,True,False,False,False,False,False,False,1547.0,-55.199999999999996,-0.7886840977282469,2020-09-08,False,False,5.966759259259259,True
381210,018d937e-fef7-7274-bbce-e7d155c3d2d1,BR,2020-10-29 17:00:41,14.79,36.99,60.0,BRL,61,2016-06-14,69.99,BRL,BR,True,False,False,False,False,False,False,1598.0,-55.199999999999996,-0.7886840977282469,2020-10-29,False,False,4.059930555555556,True
381210,018d937e-fef7-7274-bbce-e7d155c3d2d1,BR,2020-11-25 18:28:17,14.79,36.99,60.0,BRL,61,2016-06-14,69.99,BRL,BR,True,False,False,False,False,False,False,1625.0,-55.199999999999996,-0.7886840977282469,2020-11-25,False,False,5.9963194444444445,True
381210,018d937e-fef7-7274-bbce-e7d155c3d2d1,BR,2020-12-22 19:02:46,14.79,36.99,60.0,BRL,61,2016-06-14,69.99,BRL,BR,True,False,False,False,False,False,False,1652.0,-55.199999999999996,-0.7886840977282469,2020-12-22,False,False,13.994583333333333,True
381210,018d937e-fef7-7274-bbce-e7d155c3d2d1,BR,2021-02-11 19:01:06,22.19,36.99,40.0,BRL,61,2016-06-14,69.99,BRL,BR,True,False,False,False,False,False,False,1703.0,-47.8,-0.6829547078154021,2021-02-11,False,False,3.9771064814814814,True
381210,018d937e-fef7-7274-bbce-e7d155c3d2d1,BR,2021-03-30 17:18:17,18.49,36.99,50.0,BRL,61,2016-06-14,69.99,BRL,BR,True,False,False,False,False,False,False,1750.0,-51.5,-0.7358194027718246,2021-03-30,False,False,14.000659722222222,True
381210,018d937e-fef7-7274-bbce-e7d155c3d2d1,BR,2021-05-05 17:18:18,24.04,36.99,35.0,BRL,61,2016-06-14,69.99,BRL,BR,True,False,False,False,False,False,False,1786.0,-45.949999999999996,-0.656522360337191,2021-05-05,False,False,6.0003472222222225,True
381210,018d937e-fef7-7274-bbce-e7d155c3d2d1,BR,2021-06-15 17:18:16,22.19,36.99,40.0,BRL,61,2016-06-14,69.99,BRL,BR,True,False,False,False,False,False,False,1827.0,-47.8,-0.6829547078154021,2021-06-15,False,False,29.00105324074074,True
381210,018d937e-fef7-7274-bbce-e7d155c3d2d1,BR,2021-07-15 22:29:27,39.99,39.99,0.0,BRL,61,2016-06-14,69.99,BRL,BR,False,False,False,True,False,False,False,1857.0,-29.999999999999993,-0.42863266180882975,2021-07-15,False,False,,False
381210,018d937e-fef7-7274-bbce-e7d155c3d2d1,BR,2021-09-07 17:19:19,19.99,39.99,50.0,BRL,61,2016-06-14,69.99,BRL,BR,True,False,False,False,False,False,False,1911.0,-50.0,-0.7143877696813831,2021-09-07,False,False,12.997361111111111,True
381210,018d937e-fef7-7274-bbce-e7d155c3d2d1,BR,2021-10-19 17:06:17,19.99,39.99,50.0,BRL,61,2016-06-14,69.99,BRL,BR,True,False,False,False,False,False,False,1953.0,-50.0,-0.7143877696813831,2021-10-19,False,False,13.03912037037037,True
381210,018d937e-fef7-7274-bbce-e7d155c3d2d1,BR,2021-11-30 18:12:57,19.99,39.99,50.0,BRL,61,2016-06-14,69.99,BRL,BR,True,False,False,False,False,False,False,1995.0,-50.0,-0.7143877696813831,2021-11-30,False,False,7.003888888888889,True
381210,018d937e-fef7-7274-bbce-e7d155c3d2d1,BR,2021-12-22 23:07:21,19.99,39.99,50.0,BRL,61,2016-06-14,69.99,BRL,BR,True,False,False,False,False,False,False,2017.0,-50.0,-0.7143877696813831,2021-12-22,False,False,13.824618055555556,True
381210,018d937e-fef7-7274-bbce-e7d155c3d2d1,BR,2022-01-27 18:12:42,19.99,39.99,50.0,BRL,61,2016-06-14,69.99,BRL,BR,True,False,False,False,False,False,False,2053.0,-50.0,-0.7143877696813831,2022-01-27,False,False,11.04425925925926,True
381210,018d937e-fef7-7274-bbce-e7d155c3d2d1,BR,2022-02-07 20:39:29,49.99,49.99,0.0,BRL,61,2016-06-14,69.99,BRL,BR,False,False,False,True,False,False,False,2064.0,-19.999999999999993,-0.2857551078725531,2022-02-07,False,False,,False
381210,018d937e-fef7-7274-bbce-e7d155c3d2d1,BR,2022-03-08 18:18:42,24.99,49.99,50.0,BRL,61,2016-06-14,69.99,BRL,BR,True,False,False,False,False,False,False,2093.0,-45.0,-0.6429489927132448,2022-03-08,False,False,13.95861111111111,True
381210,018d937e-fef7-7274-bbce-e7d155c3d2d1,BR,2022-04-26 17:12:22,24.99,49.99,50.0,BRL,61,2016-06-14,69.99,BRL,BR,True,False,False,False,False,False,False,2142.0,-45.0,-0.6429489927132448,2022-04-26,False,False,14.000497685185184,True
381210,018d937e-fef7-7274-bbce-e7d155c3d2d1,BR,2022-06-07 17:15:51,19.99,49.99,60.0,BRL,61,2016-06-14,69.99,BRL,BR,True,False,False,False,False,False,False,2184.0,-50.0,-0.7143877696813831,2022-06-07,False,False,13.993263888888889,True
381210,018d937e-fef7-7274-bbce-e7d155c3d2d1,BR,2022-06-23 17:31:36,19.99,49.99,60.0,BRL,61,2016-06-14,69.99,BRL,BR,True,False,False,False,False,False,False,2200.0,-50.0,-0.7143877696813831,2022-06-23,False,False,14.026134259259258,True
381210,018d937e-fef7-7274-bbce-e7d155c3d2d1,BR,2022-07-19 17:18:08,19.99,49.99,60.0,BRL,61,2016-06-14,69.99,BRL,BR,True,False,False,False,False,False,False,2226.0,-50.0,-0.7143877696813831,2022-07-19,False,False,13.01261574074074,True
381210,018d937e-fef7-7274-bbce-e7d155c3d2d1,BR,2022-08-30 17:03:14,19.99,49.99,60.0,BRL,61,2016-06-14,69.99,BRL,BR,True,False,False,False,False,False,False,2268.0,-50.0,-0.7143877696813831,2022-08-30,False,False,13.023043981481482,True
381210,018d937e-fef7-7274-bbce-e7d155c3d2d1,BR,2022-10-18 17:18:14,19.99,49.99,60.0,BRL,61,2016-06-14,69.99,BRL,BR,True,False,False,False,False,False,False,2317.0,-50.0,-0.7143877696813831,2022-10-18,False,False,14.000208333333333,True
381210,018d937e-fef7-7274-bbce-e7d155c3d2d1,BR,2022-11-22 22:36:41,19.99,49.99,60.0,BRL,61,2016-06-14,69.99,BRL,BR,True,False,False,False,False,False,False,2352.0,-50.0,-0.7143877696813831,2022-11-22,False,False,6.864201388888889,True
381210,018d937e-fef7-7274-bbce-e7d155c3d2d1,BR,2022-12-22 22:01:13,17.49,49.99,65.0,BRL,61,2016-06-14,69.99,BRL,BR,True,False,False,False,False,False,False,2382.0,-52.5,-0.7501071581654521,2022-12-22,False,False,20.84321759259259,True
381210,018d937e-fef7-7274-bbce-e7d155c3d2d1,BR,2023-03-07 15:18:11,19.99,49.99,60.0,BRL,61,2016-06-14,69.99,BRL,BR,True,False,False,False,False,False,False,2457.0,-50.0,-0.7143877696813831,2023-03-07,False,False,9.0,True
381210,018d937e-fef7-7274-bbce-e7d155c3d2d1,BR,2023-03-16 21:07:24,19.99,49.99,60.0,BRL,61,2016-06-14,69.99,BRL,BR,True,False,False,False,False,False,False,2466.0,-50.0,-0.7143877696813831,2023-03-16,False,False,6.905104166666667,True
381210,018d937e-fef7-7274-bbce-e7d155c3d2d1,BR,2023-04-20 17:12:20,19.99,49.99,60.0,BRL,61,2016-06-14,69.99,BRL,BR,True,False,False,False,False,False,False,2501.0,-50.0,-0.7143877696813831,2023-04-20,False,False,10.004293981481482,True
381210,018d937e-fef7-7274-bbce-e7d155c3d2d1,BR,2023-06-13 17:18:40,19.99,49.99,60.0,BRL,61,2016-06-14,69.99,BRL,BR,True,False,False,False,False,False,False,2555.0,-50.0,-0.7143877696813831,2023-06-13,False,False,8.000381944444445,True
381210,018d937e-fef7-7274-bbce-e7d155c3d2d1,BR,2023-06-29 22:37:21,19.99,49.99,60.0,BRL,61,2016-06-14,69.99,BRL,BR,True,False,False,False,False,False,False,2571.0,-50.0,-0.7143877696813831,2023-06-29,False,False,13.811423611111111,True
381210,018d937e-fef7-7274-bbce-e7d155c3d2d1,BR,2023-07-25 17:18:09,19.99,49.99,60.0,BRL,61,2016-06-14,69.99,BRL,BR,True,False,False,False,False,False,False,2597.0,-50.0,-0.7143877696813831,2023-07-25,False,False,7.000798611111111,True
381210,018d937e-fef7-7274-bbce-e7d155c3d2d1,BR,2023-08-31 17:18:31,24.99,49.99,50.0,BRL,61,2016-06-14,69.99,BRL,BR,True,False,False,False,False,False,False,2634.0,-45.0,-0.6429489927132448,2023-08-31,False,False,11.99042824074074,True
381210,018d937e-fef7-7274-bbce-e7d155c3d2d1,BR,2023-10-19 17:03:33,19.99,49.99,60.0,BRL,61,2016-06-14,69.99,BRL,BR,True,False,False,False,False,False,False,2683.0,-50.0,-0.7143877696813831,2023-10-19,False,False,14.01130787037037,True
381210,018d937e-fef7-7274-bbce-e7d155c3d2d1,BR,2023-11-21 18:46:29,19.99,49.99,60.0,BRL,61,2016-06-14,69.99,BRL,BR,True,False,False,False,False,False,False,2716.0,-50.0,-0.7143877696813831,2023-11-21,False,False,6.973356481481481,True
381210,018d937e-fef7-7274-bbce-e7d155c3d2d1,BR,2023-12-21 18:34:24,17.49,49.99,65.0,BRL,61,2016-06-14,69.99,BRL,BR,True,False,False,False,False,False,False,2746.0,-52.5,-0.7501071581654521,2023-12-21,False,False,14.004675925925927,True
381210,018d937e-fef7-7274-bbce-e7d155c3d2d1,BR,2024-01-29 18:49:16,19.99,49.99,60.0,BRL,61,2016-06-14,69.99,BRL,BR,True,False,False,False,False,False,False,2785.0,-50.0,-0.7143877696813831,2024-01-29,False,False,12.295405092592592,True
381210,018d937e-fef7-7274-bbce-e7d155c3d2d1,BR,2024-03-12 17:15:10,19.99,49.99,60.0,BRL,61,2016-06-14,69.99,BRL,BR,True,False,False,False,False,False,False,2828.0,-50.0,-0.7143877696813831,2024-03-12,False,False,9.00474537037037,True
381210,018d937e-fef7-7274-bbce-e7d155c3d2d1,BR,2024-04-23 17:15:33,23.98,59.97,60.0,BRL,61,2016-06-14,69.99,BRL,BR,True,False,False,False,False,False,False,2870.0,-46.00999999999999,-0.6573796256608087,2024-04-23,False,False,9.00212962962963,True
381210,018d937e-fef7-7274-bbce-e7d155c3d2d1,BR,2024-06-03 17:03:11,23.98,59.97,60.0,BRL,61,2016-06-14,69.99,BRL,BR,True,False,False,False,False,False,False,2911.0,-46.00999999999999,-0.6573796256608087,2024-06-03,False,False,14.011111111111111,True
381210,018d937e-fef7-7274-bbce-e7d155c3d2d1,BR,2024-06-27 18:37:13,23.98,59.97,60.0,BRL,61,2016-06-14,69.99,BRL,BR,True,False,False,False,False,False,False,2935.0,-46.00999999999999,-0.6573796256608087,2024-06-27,False,False,13.94949074074074,True
381210,018d937e-fef7-7274-bbce-e7d155c3d2d1,BR,2024-07-25 17:15:40,23.98,59.97,60.0,BRL,61,2016-06-14,69.99,BRL,BR,True,False,False,False,False,False,False,2963.0,-46.00999999999999,-0.6573796256608087,2024-07-25,False,False,14.000324074074074,True
381210,018d937e-fef7-7274-bbce-e7d155c3d2d1,BR,2024-10-20 17:15:12,23.98,59.97,60.0,BRL,61,2016-06-14,69.99,BRL,BR,True,False,False,False,False,False,False,3050.0,-46.00999999999999,-0.6573796256608087,2024-10-20,False,False,14.000208333333333,True
381210,018d937e-fef7-7274-bbce-e7d155c3d2d1,BR,2024-11-27 21:43:09,23.98,59.97,60.0,BRL,61,2016-06-14,69.99,BRL,BR,True,False,False,False,False,False,False,3088.0,-46.00999999999999,-0.6573796256608087,2024-11-27,False,False,6.861851851851852,True
381210,018d937e-fef7-7274-bbce-e7d155c3d2d1,BR,2024-12-19 22:56:12,20.98,59.97,65.0,BRL,61,2016-06-14,69.99,BRL,BR,True,False,False,False,False,False,False,3110.0,-49.00999999999999,-0.7002428918416916,2024-12-19,False,False,13.810509259259259,True
381210,018d937e-fef7-7274-bbce-e7d155c3d2d1,BR,2025-02-10 18:41:48,23.98,59.97,60.0,BRL,61,2016-06-14,69.99,BRL,BR,True,False,False,False,False,False,False,3163.0,-46.00999999999999,-0.6573796256608087,2025-02-10,False,False,13.982465277777777,True
381210,018d937e-fef7-7274-bbce-e7d155c3d2d1,BR,2025-03-13 19:33:07,23.98,59.97,60.0,BRL,61,2016-06-14,69.99,BRL,BR,True,False,False,False,False,False,False,3194.0,-46.00999999999999,-0.6573796256608087,2025-03-13,False,False,6.909872685185185,True
381210,018d937e-fef7-7274-bbce-e7d155c3d2d1,BR,2025-04-02 15:18:02,23.98,59.97,60.0,BRL,61,2016-06-14,69.99,BRL,BR,True,False,False,False,False,False,False,3214.0,-46.00999999999999,-0.6573796256608087,2025-04-02,False,False,12.998125,True
381210,018d937e-fef7-7274-bbce-e7d155c3d2d1,BR,2025-06-17 17:17:13,23.98,59.97,60.0,BRL,61,2016-06-14,69.99,BRL,BR,True,False,False,False,False,False,False,3290.0,-46.00999999999999,-0.6573796256608087,2025-06-17,False,False,23.00601851851852,True
381210,018d937e-fef7-7274-bbce-e7d155c3d2d1,BR,2025-07-29 16:15:22,23.98,59.97,60.0,BRL,61,2016-06-14,69.99,BRL,BR,True,False,False,False,False,False,False,3332.0,-46.00999999999999,-0.6573796256608087,2025-07-29,False,False,14.000081018518518,True
381210,018d937e-fef7-7274-bbce-e7d155c3d2d1,BR,2025-08-13 14:30:40,69.99,69.99,0.0,BRL,61,2016-06-14,69.99,BRL,BR,False,False,False,True,False,False,False,3347.0,0.0,0.0,2025-08-13,False,False,,False
381210,018d937e-fef7-7274-bbce-e7d155c3d2d1,BR,2025-09-29 21:02:50,27.99,69.99,60.0,BRL,61,2016-06-14,69.99,BRL,BR,True,False,False,False,False,False,False,3394.0,-42.0,-0.6000857265323618,2025-09-29,False,False,6.903368055555555,True
381210,018d937e-fef7-7274-bbce-e7d155c3d2d1,BR,2025-10-20 17:17:49,27.99,69.99,60.0,BRL,61,2016-06-14,69.99,BRL,BR,True,False,False,False,False,False,False,3415.0,-42.0,-0.6000857265323618,2025-10-20,False,False,13.998784722222222,True
381210,018d937e-fef7-7274-bbce-e7d155c3d2d1,CA,2016-07-04 17:55:53,21.99,21.99,0.0,CAD,61,2016-06-14,25.99,CAD,CA,False,False,False,False,False,False,False,20.0,-4.0,-0.15390534821085033,2016-07-04,False,False,,False
381210,018d937e-fef7-7274-bbce-e7d155c3d2d1,CA,2016-08-18 19:15:37,18.69,21.99,15.0,CAD,61,2016-06-14,25.99,CAD,CA,True,False,False,False,False,False,False,65.0,-7.299999999999997,-0.28087726048480177,2016-08-18,False,False,3.9374305555555558,True
381210,018d937e-fef7-7274-bbce-e7d155c3d2d1,CA,2016-10-28 18:15:37,15.39,21.99,30.0,CAD,61,2016-06-14,25.99,CAD,CA,True,False,False,False,False,False,False,136.0,-10.599999999999998,-0.4078491727587533,2016-10-28,False,False,4.145960648148148,True
381210,018d937e-fef7-7274-bbce-e7d155c3d2d1,CA,2016-11-23 21:16:13,15.39,21.99,30.0,CAD,61,2016-06-14,25.99,CAD,CA,True,False,False,False,False,False,False,162.0,-10.599999999999998,-0.4078491727587533,2016-11-23,False,False,5.9371875,True
381210,018d937e-fef7-7274-bbce-e7d155c3d2d1,CA,2016-12-15 22:15:46,15.39,21.99,30.0,CAD,61,2016-06-14,25.99,CAD,CA,True,False,False,False,False,False,False,184.0,-10.599999999999998,-0.4078491727587533,2016-12-15,False,False,3.9583333333333335,True
381210,018d937e-fef7-7274-bbce-e7d155c3d2d1,CA,2016-12-22 21:16:12,15.39,21.99,30.0,CAD,61,2016-06-14,25.99,CAD,CA,True,False,False,False,False,False,False,191.0,-10.599999999999998,-0.4078491727587533,2016-12-22,False,False,10.875636574074074,True
381210,018d937e-fef7-7274-bbce-e7d155c3d2d1,CA,2017-01-27 22:46:24,15.39,21.99,30.0,CAD,61,2016-06-14,25.99,CAD,CA,True,False,False,False,False,False,False,227.0,-10.599999999999998,-0.4078491727587533,2017-01-27,False,False,6.8120717592592595,True
381210,018d937e-fef7-7274-bbce-e7d155c3d2d1,CA,2017-03-08 18:45:39,13.19,21.99,40.0,CAD,61,2016-06-14,25.99,CAD,CA,True,False,False,False,False,False,False,267.0,-12.799999999999999,-0.492497114274721,2017-03-08,False,False,4.999965277777778,True
381210,018d937e-fef7-7274-bbce-e7d155c3d2d1,CA,2017-06-14 18:45:30,13.19,21.99,40.0,CAD,61,2016-06-14,25.99,CAD,CA,True,False,False,False,False,False,False,365.0,-12.799999999999999,-0.492497114274721,2017-06-14,False,False,20.979756944444443,True
381210,018d937e-fef7-7274-bbce-e7d155c3d2d1,CA,2017-06-15 23:45:36,16.49,32.99,50.0,CAD,61,2016-06-14,25.99,CAD,CA,True,False,False,False,False,False,False,366.0,-9.5,-0.36552520200076954,2017-06-15,False,False,,False
381210,018d937e-fef7-7274-bbce-e7d155c3d2d1,CA,2017-06-16 02:15:32,13.19,21.99,40.0,CAD,61,2016-06-14,25.99,CAD,CA,True,False,False,False,False,False,False,367.0,-12.799999999999999,-0.492497114274721,2017-06-16,False,False,,False
381210,018d937e-fef7-7274-bbce-e7d155c3d2d1,CA,2017-06-16 07:15:38,16.49,32.99,50.0,CAD,61,2016-06-14,25.99,CAD,CA,True,False,False,False,False,False,False,367.0,-9.5,-0.36552520200076954,2017-06-16,False,False,,False
381210,018d937e-fef7-7274-bbce-e7d155c3d2d1,CA,2017-06-16 08:15:41,13.19,21.99,40.0,CAD,61,2016-06-14,25.99,CAD,CA,True,False,False,False,False,False,False,367.0,-12.799999999999999,-0.492497114274721,2017-06-16,False,False,,False
381210,018d937e-fef7-7274-bbce-e7d155c3d2d1,CA,2017-06-16 11:45:31,16.49,32.99,50.0,CAD,61,2016-06-14,25.99,CAD,CA,True,False,False,False,False,False,False,367.0,-9.5,-0.36552520200076954,2017-06-16,False,False,,False
381210,018d937e-fef7-7274-bbce-e7d155c3d2d1,CA,2017-06-16 15:15:54,13.19,21.99,40.0,CAD,61,2016-06-14,25.99,CAD,CA,True,False,False,False,False,False,False,367.0,-12.799999999999999,-0.492497114274721,2017-06-16,False,False,,False
381210,018d937e-fef7-7274-bbce-e7d155c3d2d1,CA,2017-06-20 20:15:46,16.49,32.99,50.0,CAD,61,2016-06-14,25.99,CAD,CA,True,False,False,False,False,False,False,371.0,-9.5,-0.36552520200076954,2017-06-20,False,False,,False
381210,018d937e-fef7-7274-bbce-e7d155c3d2d1,CA,2017-06-21 01:15:50,13.19,21.99,40.0,CAD,61,2016-06-14,25.99,CAD,CA,True,False,False,False,False,False,False,372.0,-12.799999999999999,-0.492497114274721,2017-06-21,False,False,,False
381210,018d937e-fef7-7274-bbce-e7d155c3d2d1,CA,2017-06-21 18:45:31,16.49,32.99,50.0,CAD,61,2016-06-14,25.99,CAD,CA,True,False,False,False,False,False,False,372.0,-9.5,-0.36552520200076954,2017-06-21,False,False,,False
381210,018d937e-fef7-7274-bbce-e7d155c3d2d1,CA,2017-06-21 20:45:34,13.19,21.99,40.0,CAD,61,2016-06-14,25.99,CAD,CA,True,False,False,False,False,False,False,372.0,-12.799999999999999,-0.492497114274721,2017-06-21,False,False,,False
381210,018d937e-fef7-7274-bbce-e7d155c3d2d1,CA,2017-06-24 11:15:46,16.49,32.99,50.0,CAD,61,2016-06-14,25.99,CAD,CA,True,False,False,False,False,False,False,375.0,-9.5,-0.36552520200076954,2017-06-24,False,False,,False
381210,018d937e-fef7-7274-bbce-e7d155c3d2d1,CA,2017-06-24 13:16:01,13.19,21.99,40.0,CAD,61,2016-06-14,25.99,CAD,CA,True,False,False,False,False,False,False,375.0,-12.799999999999999,-0.492497114274721,2017-06-24,False,False,,False
381210,018d937e-fef7-7274-bbce-e7d155c3d2d1,CA,2017-06-26 15:15:42,16.49,32.99,50.0,CAD,61,2016-06-14,25.99,CAD,CA,True,False,False,False,False,False,False,377.0,-9.5,-0.36552520200076954,2017-06-26,False,False,,False
381210,018d937e-fef7-7274-bbce-e7d155c3d2d1,CA,2017-06-26 16:45:33,13.19,21.99,40.0,CAD,61,2016-06-14,25.99,CAD,CA,True,False,False,False,False,False,False,377.0,-12.799999999999999,-0.492497114274721,2017-06-26,False,False,,False
381210,018d937e-fef7-7274-bbce-e7d155c3d2d1,CA,2017-07-02 19:45:27,16.49,32.99,50.0,CAD,61,2016-06-14,25.99,CAD,CA,True,False,False,False,False,False,False,383.0,-9.5,-0.36552520200076954,2017-07-02,False,False,,False
381210,018d937e-fef7-7274-bbce-e7d155c3d2d1,CA,2017-07-02 20:15:43,13.19,21.99,40.0,CAD,61,2016-06-14,25.99,CAD,CA,True,False,False,False,False,False,False,383.0,-12.799999999999999,-0.492497114274721,2017-07-02,False,False,,False
381210,018d937e-fef7-7274-bbce-e7d155c3d2d1,CA,2017-07-02 22:45:27,16.49,32.99,50.0,CAD,61,2016-06-14,25.99,CAD,CA,True,False,False,False,False,False,False,383.0,-9.5,-0.36552520200076954,2017-07-02,False,False,,False
381210,018d937e-fef7-7274-bbce-e7d155c3d2d1,CA,2017-07-02 23:45:25,13.19,21.99,40.0,CAD,61,2016-06-14,25.99,CAD,CA,True,False,False,False,False,False,False,383.0,-12.799999999999999,-0.492497114274721,2017-07-02,False,False,,False
381210,018d937e-fef7-7274-bbce-e7d155c3d2d1,CA,2017-07-03 20:15:40,16.49,32.99,50.0,CAD,61,2016-06-14,25.99,CAD,CA,True,False,False,False,False,False,False,384.0,-9.5,-0.36552520200076954,2017-07-03,False,False,,False
381210,018d937e-fef7-7274-bbce-e7d155c3d2d1,CA,2017-07-03 21:45:27,13.19,21.99,40.0,CAD,61,2016-06-14,25.99,CAD,CA,True,False,False,False,False,False,False,384.0,-12.799999999999999,-0.492497114274721,2017-07-03,False,False,,False
381210,018d937e-fef7-7274-bbce-e7d155c3d2d1,CA,2017-09-12 18:16:20,10.99,21.99,50.0,CAD,61,2016-06-14,25.99,CAD,CA,True,False,False,False,False,False,False,455.0,-14.999999999999998,-0.5771450557906888,2017-09-12,False,False,6.103726851851852,True
381210,018d937e-fef7-7274-bbce-e7d155c3d2d1,CA,2017-10-26 22:45:33,10.99,21.99,50.0,CAD,61,2016-06-14,25.99,CAD,CA,True,False,False,False,False,False,False,499.0,-14.999999999999998,-0.5771450557906888,2017-10-26,False,False,5.875092592592592,True
381210,018d937e-fef7-7274-bbce-e7d155c3d2d1,CA,2017-11-22 18:46:25,10.99,21.99,50.0,CAD,61,2016-06-14,25.99,CAD,CA,True,False,False,False,False,False,False,526.0,-14.999999999999998,-0.5771450557906888,2017-11-22,False,False,6.124398148148148,True
381210,018d937e-fef7-7274-bbce-e7d155c3d2d1,CA,2017-12-21 20:45:40,10.99,21.99,50.0,CAD,61,2016-06-14,25.99,CAD,CA,True,False,False,False,False,False,False,555.0,-14.999999999999998,-0.5771450557906888,2017-12-21,False,False,14.041597222222222,True
381210,018d937e-fef7-7274-bbce-e7d155c3d2d1,CA,2018-02-15 20:20:43,10.99,21.99,50.0,CAD,61,2016-06-14,25.99,CAD,CA,True,False,False,False,False,False,False,611.0,-14.999999999999998,-0.5771450557906888,2018-02-15,False,False,3.9181712962962965,True
381210,018d937e-fef7-7274-bbce-e7d155c3d2d1,CA,2018-05-24 19:25:06,10.99,21.99,50.0,CAD,61,2016-06-14,25.99,CAD,CA,True,False,False,False,False,False,False,709.0,-14.999999999999998,-0.5771450557906888,2018-05-24,False,False,4.164525462962963,True
381210,018d937e-fef7-7274-bbce-e7d155c3d2d1,CA,2018-05-25 05:52:24,13.19,32.99,60.0,CAD,61,2016-06-14,25.99,CAD,CA,True,False,False,False,False,False,False,710.0,-12.799999999999999,-0.492497114274721,2018-05-25,False,False,,False
381210,018d937e-fef7-7274-bbce-e7d155c3d2d1,CA,2018-05-25 06:22:28,10.99,21.99,50.0,CAD,61,2016-06-14,25.99,CAD,CA,True,False,False,False,False,False,False,710.0,-14.999999999999998,-0.5771450557906888,2018-05-25,False,False,,False
381210,018d937e-fef7-7274-bbce-e7d155c3d2d1,CA,2018-05-26 05:52:30,13.19,32.99,60.0,CAD,61,2016-06-14,25.99,CAD,CA,True,False,False,False,False,False,False,711.0,-12.799999999999999,-0.492497114274721,2018-05-26,False,False,,False
381210,018d937e-fef7-7274-bbce-e7d155c3d2d1,CA,2018-05-26 07:24:09,10.99,21.99,50.0,CAD,61,2016-06-14,25.99,CAD,CA,True,False,False,False,False,False,False,711.0,-14.999999999999998,-0.5771450557906888,2018-05-26,False,False,,False
381210,018d937e-fef7-7274-bbce-e7d155c3d2d1,CA,2018-05-26 15:52:32,13.19,32.99,60.0,CAD,61,2016-06-14,25.99,CAD,CA,True,False,False,False,False,False,False,711.0,-12.799999999999999,-0.492497114274721,2018-05-26,False,False,,False
381210,018d937e-fef7-7274-bbce-e7d155c3d2d1,CA,2018-05-26 17:53:02,10.99,21.99,50.0,CAD,61,2016-06-14,25.99,CAD,CA,True,False,False,False,False,False,False,711.0,-14.999999999999998,-0.5771450557906888,2018-05-26,False,False,,False
381210,018d937e-fef7-7274-bbce-e7d155c3d2d1,CA,2018-05-27 09:53:14,13.19,32.99,60.0,CAD,61,2016-06-14,25.99,CAD,CA,True,False,False,False,False,False,False,712.0,-12.799999999999999,-0.492497114274721,2018-05-27,False,False,,False
381210,018d937e-fef7-7274-bbce-e7d155c3d2d1,CA,2018-05-27 11:24:03,10.99,21.99,50.0,CAD,61,2016-06-14,25.99,CAD,CA,True,False,False,False,False,False,False,712.0,-14.999999999999998,-0.5771450557906888,2018-05-27,False,False,,False
381210,018d937e-fef7-7274-bbce-e7d155c3d2d1,CA,2018-05-27 21:53:15,13.19,32.99,60.0,CAD,61,2016-06-14,25.99,CAD,CA,True,False,False,False,False,False,False,712.0,-12.799999999999999,-0.492497114274721,2018-05-27,False,False,,False
381210,018d937e-fef7-7274-bbce-e7d155c3d2d1,CA,2018-05-28 00:22:55,10.99,21.99,50.0,CAD,61,2016-06-14,25.99,CAD,CA,True,False,False,False,False,False,False,713.0,-14.999999999999998,-0.5771450557906888,2018-05-28,False,False,,False
381210,018d937e-fef7-7274-bbce-e7d155c3d2d1,CA,2018-05-28 04:22:23,13.19,32.99,60.0,CAD,61,2016-06-14,25.99,CAD,CA,True,False,False,False,False,False,False,713.0,-12.799999999999999,-0.492497114274721,2018-05-28,False,False,,False
381210,018d937e-fef7-7274-bbce-e7d155c3d2d1,CA,2018-05-28 07:23:09,10.99,21.99,50.0,CAD,61,2016-06-14,25.99,CAD,CA,True,False,False,False,False,False,False,713.0,-14.999999999999998,-0.5771450557906888,2018-05-28,False,False,,False
381210,018d937e-fef7-7274-bbce-e7d155c3d2d1,CA,2018-06-14 17:30:11,10.99,21.99,50.0,CAD,61,2016-06-14,25.99,CAD,CA,True,False,False,False,False,False,False,730.0,-14.999999999999998,-0.5771450557906888,2018-06-14,False,False,21.002060185185186,True
381210,018d937e-fef7-7274-bbce-e7d155c3d2d1,CA,2018-09-18 18:54:34,10.99,21.99,50.0,CAD,61,2016-06-14,25.99,CAD,CA,True,False,False,False,False,False,False,826.0,-14.999999999999998,-0.5771450557906888,2018-09-18,False,False,6.942986111111111,True
381210,018d937e-fef7-7274-bbce-e7d155c3d2d1,CA,2018-10-26 17:18:16,10.99,21.99,50.0,CAD,61,2016-06-14,25.99,CAD,CA,True,False,False,False,False,False,False,864.0,-14.999999999999998,-0.5771450557906888,2018-10-26,False,False,7.002152777777778,True
381210,018d937e-fef7-7274-bbce-e7d155c3d2d1,CA,2018-11-21 19:43:13,10.99,21.99,50.0,CAD,61,2016-06-14,25.99,CAD,CA,True,False,False,False,False,False,False,890.0,-14.999999999999998,-0.5771450557906888,2018-11-21,False,False,6.112326388888889,True
381210,018d937e-fef7-7274-bbce-e7d155c3d2d1,CA,2018-12-20 18:53:01,10.99,21.99,50.0,CAD,61,2016-06-14,25.99,CAD,CA,True,False,False,False,False,False,False,919.0,-14.999999999999998,-0.5771450557906888,2018-12-20,False,False,14.353344907407408,True
381210,018d937e-fef7-7274-bbce-e7d155c3d2d1,CA,2019-01-17 18:21:16,10.99,21.99,50.0,CAD,61,2016-06-14,25.99,CAD,CA,True,False,False,False,False,False,False,947.0,-14.999999999999998,-0.5771450557906888,2019-01-17,False,False,4.019282407407408,True
381210,018d937e-fef7-7274-bbce-e7d155c3d2d1,CA,2019-02-04 22:53:10,10.99,21.99,50.0,CAD,61,2016-06-14,25.99,CAD,CA,True,False,False,False,False,False,False,965.0,-14.999999999999998,-0.5771450557906888,2019-02-04,False,False,7.105659722222223,True
381210,018d937e-fef7-7274-bbce-e7d155c3d2d1,CA,2019-04-04 17:45:07,10.99,21.99,50.0,CAD,61,2016-06-14,25.99,CAD,CA,True,False,False,False,False,False,False,1024.0,-14.999999999999998,-0.5771450557906888,2019-04-04,False,False,6.011979166666666,True
381210,018d937e-fef7-7274-bbce-e7d155c3d2d1,CA,2019-05-24 17:04:34,10.99,21.99,50.0,CAD,61,2016-06-14,25.99,CAD,CA,True,False,False,False,False,False,False,1074.0,-14.999999999999998,-0.5771450557906888,2019-05-24,False,False,4.014537037037037,True
381210,018d937e-fef7-7274-bbce-e7d155c3d2d1,CA,2019-06-18 17:10:53,10.99,21.99,50.0,CAD,61,2016-06-14,25.99,CAD,CA,True,False,False,False,False,False,False,1099.0,-14.999999999999998,-0.5771450557906888,2019-06-18,False,False,21.080856481481483,True
381210,018d937e-fef7-7274-bbce-e7d155c3d2d1,CA,2019-09-17 16:22:04,10.99,21.99,50.0,CAD,61,2016-06-14,25.99,CAD,CA,True,False,False,False,False,False,False,1190.0,-14.999999999999998,-0.5771450557906888,2019-09-17,False,False,8.041064814814815,True
381210,018d937e-fef7-7274-bbce-e7d155c3d2d1,CA,2019-09-17 16:32:41,10.99,21.99,50.0,CAD,61,2016-06-14,25.99,CAD,CA,True,False,False,False,False,False,False,1190.0,-14.999999999999998,-0.5771450557906888,2019-09-17,False,False,,False
381210,018d937e-fef7-7274-bbce-e7d155c3d2d1,CA,2019-10-24 17:21:21,10.99,21.99,50.0,CAD,61,2016-06-14,25.99,CAD,CA,True,False,False,False,False,False,False,1227.0,-14.999999999999998,-0.5771450557906888,2019-10-24,False,False,8.003761574074074,True
381210,018d937e-fef7-7274-bbce-e7d155c3d2d1,CA,2019-11-26 18:07:31,10.99,21.99,50.0,CAD,61,2016-06-14,25.99,CAD,CA,True,False,False,False,False,False,False,1260.0,-14.999999999999998,-0.5771450557906888,2019-11-26,False,False,7.013194444444444,True
381210,018d937e-fef7-7274-bbce-e7d155c3d2d1,CA,2019-12-19 18:28:31,8.79,21.99,60.0,CAD,61,2016-06-14,25.99,CAD,CA,True,False,False,False,False,False,False,1283.0,-17.2,-0.6617929973066564,2019-12-19,False,False,14.008009259259259,True
381210,018d937e-fef7-7274-bbce-e7d155c3d2d1,CA,2020-01-22 18:21:15,8.79,21.99,60.0,CAD,61,2016-06-14,25.99,CAD,CA,True,False,False,False,False,False,False,1317.0,-17.2,-0.6617929973066564,2020-01-22,False,False,5.00425925925926,True
381210,018d937e-fef7-7274-bbce-e7d155c3d2d1,CA,2020-03-09 17:21:52,8.79,21.99,60.0,CAD,61,2016-06-14,25.99,CAD,CA,True,False,False,False,False,False,False,1364.0,-17.2,-0.6617929973066564,2020-03-09,False,False,7.99962962962963,True
381210,018d937e-fef7-7274-bbce-e7d155c3d2d1,CA,2020-04-21 17:21:24,8.79,21.99,60.0,CAD,61,2016-06-14,25.99,CAD,CA,True,False,False,False,False,False,False,1407.0,-17.2,-0.6617929973066564,2020-04-21,False,False,3.0000115740740743,True
381210,018d937e-fef7-7274-bbce-e7d155c3d2d1,CA,2020-06-16 16:49:15,8.79,21.99,60.0,CAD,61,2016-06-14,25.99,CAD,CA,True,False,False,False,False,False,False,1463.0,-17.2,-0.6617929973066564,2020-06-16,False,False,23.02283564814815,True
381210,018d937e-fef7-7274-bbce-e7d155c3d2d1,CA,2020-07-31 17:21:21,8.79,21.99,60.0,CAD,61,2016-06-14,25.99,CAD,CA,True,False,False,False,False,False,False,1508.0,-17.2,-0.6617929973066564,2020-07-31,False,False,7.000324074074074,True
381210,018d937e-fef7-7274-bbce-e7d155c3d2d1,CA,2020-09-08 18:09:47,8.79,21.99,60.0,CAD,61,2016-06-14,25.99,CAD,CA,True,False,False,False,False,False,False,1547.0,-17.2,-0.6617929973066564,2020-09-08,False,False,5.967083333333333,True
381210,018d937e-fef7-7274-bbce-e7d155c3d2d1,CA,2020-10-29 17:08:12,8.79,21.99,60.0,CAD,61,2016-06-14,25.99,CAD,CA,True,False,False,False,False,False,False,1598.0,-17.2,-0.6617929973066564,2020-10-29,False,False,4.052523148148148,True
381210,018d937e-fef7-7274-bbce-e7d155c3d2d1,CA,2020-11-25 18:30:44,8.79,21.99,60.0,CAD,61,2016-06-14,25.99,CAD,CA,True,False,False,False,False,False,False,1625.0,-17.2,-0.6617929973066564,2020-11-25,False,False,5.995949074074074,True
381210,018d937e-fef7-7274-bbce-e7d155c3d2d1,CA,2020-12-22 19:00:33,8.79,21.99,60.0,CAD,61,2016-06-14,25.99,CAD,CA,True,False,False,False,False,False,False,1652.0,-17.2,-0.6617929973066564,2020-12-22,False,False,13.996435185185184,True
381210,018d937e-fef7-7274-bbce-e7d155c3d2d1,CA,2021-02-11 18:57:25,13.19,21.99,40.0,CAD,61,2016-06-14,25.99,CAD,CA,True,False,False,False,False,False,False,1703.0,-12.799999999999999,-0.492497114274721,2021-02-11,False,False,3.97962962962963,True
381210,018d937e-fef7-7274-bbce-e7d155c3d2d1,CA,2021-03-30 17:18:18,10.99,21.99,50.0,CAD,61,2016-06-14,25.99,CAD,CA,True,False,False,False,False,False,False,1750.0,-14.999999999999998,-0.5771450557906888,2021-03-30,False,False,14.00056712962963,True
381210,018d937e-fef7-7274-bbce-e7d155c3d2d1,CA,2021-05-05 17:18:20,14.29,21.99,35.0,CAD,61,2016-06-14,25.99,CAD,CA,True,False,False,False,False,False,False,1786.0,-11.7,-0.4501731435167372,2021-05-05,False,False,6.000277777777778,True
381210,018d937e-fef7-7274-bbce-e7d155c3d2d1,CA,2021-06-15 17:18:17,13.19,21.99,40.0,CAD,61,2016-06-14,25.99,CAD,CA,True,False,False,False,False,False,False,1827.0,-12.799999999999999,-0.492497114274721,2021-06-15,False,False,29.00400462962963,True
381210,018d937e-fef7-7274-bbce-e7d155c3d2d1,CA,2021-09-07 17:19:01,10.99,21.99,50.0,CAD,61,2016-06-14,25.99,CAD,CA,True,False,False,False,False,False,False,1911.0,-14.999999999999998,-0.5771450557906888,2021-09-07,False,False,12.993368055555555,True
381210,018d937e-fef7-7274-bbce-e7d155c3d2d1,CA,2021-10-19 17:18:33,10.99,21.99,50.0,CAD,61,2016-06-14,25.99,CAD,CA,True,False,False,False,False,False,False,1953.0,-14.999999999999998,-0.5771450557906888,2021-10-19,False,False,13.038020833333333,True
381210,018d937e-fef7-7274-bbce-e7d155c3d2d1,CA,2021-11-30 18:30:48,10.99,21.99,50.0,CAD,61,2016-06-14,25.99,CAD,CA,True,False,False,False,False,False,False,1995.0,-14.999999999999998,-0.5771450557906888,2021-11-30,False,False,6.991504629629629,True
381210,018d937e-fef7-7274-bbce-e7d155c3d2d1,CA,2021-12-22 18:51:51,10.99,21.99,50.0,CAD,61,2016-06-14,25.99,CAD,CA,True,False,False,False,False,False,False,2017.0,-14.999999999999998,-0.5771450557906888,2021-12-22,False,False,14.009050925925926,True
381210,018d937e-fef7-7274-bbce-e7d155c3d2d1,CA,2022-01-27 18:12:19,10.99,21.99,50.0,CAD,61,2016-06-14,25.99,CAD,CA,True,False,False,False,False,False,False,2053.0,-14.999999999999998,-0.5771450557906888,2022-01-27,False,False,11.044340277777778,True
381210,018d937e-fef7-7274-bbce-e7d155c3d2d1,CA,2022-03-08 18:19:27,10.99,21.99,50.0,CAD,61,2016-06-14,25.99,CAD,CA,True,False,False,False,False,False,False,2093.0,-14.999999999999998,-0.5771450557906888,2022-03-08,False,False,13.958078703703704,True
381210,018d937e-fef7-7274-bbce-e7d155c3d2d1,CA,2022-06-07 17:12:08,8.79,21.99,60.0,CAD,61,2016-06-14,25.99,CAD,CA,True,False,False,False,False,False,False,2184.0,-17.2,-0.6617929973066564,2022-06-07,False,False,14.00443287037037,True
381210,018d937e-fef7-7274-bbce-e7d155c3d2d1,CA,2022-06-23 22:31:32,8.79,21.99,60.0,CAD,61,2016-06-14,25.99,CAD,CA,True,False,False,False,False,False,False,2200.0,-17.2,-0.6617929973066564,2022-06-23,False,False,13.817974537037037,True
381210,018d937e-fef7-7274-bbce-e7d155c3d2d1,CA,2022-07-19 17:03:13,8.79,21.99,60.0,CAD,61,2016-06-14,25.99,CAD,CA,True,False,False,False,False,False,False,2226.0,-17.2,-0.6617929973066564,2022-07-19,False,False,13.010671296296296,True
381210,018d937e-fef7-7274-bbce-e7d155c3d2d1,CA,2022-08-30 17:06:14,8.79,21.99,60.0,CAD,61,2016-06-14,25.99,CAD,CA,True,False,False,False,False,False,False,2268.0,-17.2,-0.6617929973066564,2022-08-30,False,False,13.010590277777778,True
381210,018d937e-fef7-7274-bbce-e7d155c3d2d1,CA,2022-10-18 17:19:57,8.79,21.99,60.0,CAD,61,2016-06-14,25.99,CAD,CA,True,False,False,False,False,False,False,2317.0,-17.2,-0.6617929973066564,2022-10-18,False,False,13.999016203703704,True
381210,018d937e-fef7-7274-bbce-e7d155c3d2d1,CA,2022-11-22 18:14:21,8.79,21.99,60.0,CAD,61,2016-06-14,25.99,CAD,CA,True,False,False,False,False,False,False,2352.0,-17.2,-0.6617929973066564,2022-11-22,False,False,7.014166666666667,True
381210,018d937e-fef7-7274-bbce-e7d155c3d2d1,CA,2022-12-22 18:32:04,7.69,21.99,65.0,CAD,61,2016-06-14,25.99,CAD,CA,True,False,False,False,False,False,False,2382.0,-18.299999999999997,-0.7041169680646402,2022-12-22,False,False,20.996400462962963,True
381210,018d937e-fef7-7274-bbce-e7d155c3d2d1,CA,2023-03-07 15:18:17,8.79,21.99,60.0,CAD,61,2016-06-14,25.99,CAD,CA,True,False,False,False,False,False,False,2457.0,-17.2,-0.6617929973066564,2023-03-07,False,False,9.0,True
381210,018d937e-fef7-7274-bbce-e7d155c3d2d1,CA,2023-03-16 21:07:05,8.79,21.99,60.0,CAD,61,2016-06-14,25.99,CAD,CA,True,False,False,False,False,False,False,2466.0,-17.2,-0.6617929973066564,2023-03-16,False,False,6.8962615740740745,True
381210,018d937e-fef7-7274-bbce-e7d155c3d2d1,CA,2023-04-20 17:19:19,8.79,21.99,60.0,CAD,61,2016-06-14,25.99,CAD,CA,True,False,False,False,False,False,False,2501.0,-17.2,-0.6617929973066564,2023-04-20,False,False,9.999166666666667,True
381210,018d937e-fef7-7274-bbce-e7d155c3d2d1,CA,2023-06-13 17:18:43,8.79,21.99,60.0,CAD,61,2016-06-14,25.99,CAD,CA,True,False,False,False,False,False,False,2555.0,-17.2,-0.6617929973066564,2023-06-13,False,False,7.995474537037037,True
381210,018d937e-fef7-7274-bbce-e7d155c3d2d1,CA,2023-06-29 17:50:03,8.79,21.99,60.0,CAD,61,2016-06-14,25.99,CAD,CA,True,False,False,False,False,False,False,2571.0,-17.2,-0.6617929973066564,2023-06-29,False,False,13.977569444444445,True
381210,018d937e-fef7-7274-bbce-e7d155c3d2d1,CA,2023-07-25 17:18:22,8.79,21.99,60.0,CAD,61,2016-06-14,25.99,CAD,CA,True,False,False,False,False,False,False,2597.0,-17.2,-0.6617929973066564,2023-07-25,False,False,6.99574074074074,True
381210,018d937e-fef7-7274-bbce-e7d155c3d2d1,CA,2023-08-31 17:18:34,10.99,21.99,50.0,CAD,61,2016-06-14,25.99,CAD,CA,True,False,False,False,False,False,False,2634.0,-14.999999999999998,-0.5771450557906888,2023-08-31,False,False,12.003206018518519,True
381210,018d937e-fef7-7274-bbce-e7d155c3d2d1,CA,2023-10-19 17:03:25,8.79,21.99,60.0,CAD,61,2016-06-14,25.99,CAD,CA,True,False,False,False,False,False,False,2683.0,-17.2,-0.6617929973066564,2023-10-19,False,False,14.011053240740742,True
381210,018d937e-fef7-7274-bbce-e7d155c3d2d1,CA,2023-11-21 18:07:56,8.79,21.99,60.0,CAD,61,2016-06-14,25.99,CAD,CA,True,False,False,False,False,False,False,2716.0,-17.2,-0.6617929973066564,2023-11-21,False,False,7.021886574074074,True
381210,018d937e-fef7-7274-bbce-e7d155c3d2d1,CA,2023-12-21 18:56:35,7.69,21.99,65.0,CAD,61,2016-06-14,25.99,CAD,CA,True,False,False,False,False,False,False,2746.0,-18.299999999999997,-0.7041169680646402,2023-12-21,False,False,13.98738425925926,True
381210,018d937e-fef7-7274-bbce-e7d155c3d2d1,CA,2024-01-29 18:21:58,8.79,21.99,60.0,CAD,61,2016-06-14,25.99,CAD,CA,True,False,False,False,False,False,False,2785.0,-17.2,-0.6617929973066564,2024-01-29,False,False,12.312129629629629,True
381210,018d937e-fef7-7274-bbce-e7d155c3d2d1,CA,2024-03-12 17:15:27,8.79,21.99,60.0,CAD,61,2016-06-14,25.99,CAD,CA,True,False,False,False,False,False,False,2828.0,-17.2,-0.6617929973066564,2024-03-12,False,False,9.004375,True
381210,018d937e-fef7-7274-bbce-e7d155c3d2d1,CA,2024-03-21 18:15:23,27.99,27.99,0.0,CAD,61,2016-06-14,25.99,CAD,CA,False,False,False,True,False,False,False,2837.0,2.0,0.07695267410542517,2024-03-21,False,False,,False
381210,018d937e-fef7-7274-bbce-e7d155c3d2d1,CA,2024-04-23 17:15:30,11.19,27.99,60.0,CAD,61,2016-06-14,25.99,CAD,CA,True,False,False,False,False,False,False,2870.0,-14.799999999999999,-0.5694497883801461,2024-04-23,False,False,9.000081018518518,True
381210,018d937e-fef7-7274-bbce-e7d155c3d2d1,CA,2024-05-02 17:45:28,25.99,25.99,0.0,CAD,61,2016-06-14,25.99,CAD,CA,False,False,False,True,False,False,False,2879.0,0.0,0.0,2024-05-02,False,False,,False
381210,018d937e-fef7-7274-bbce-e7d155c3d2d1,CA,2024-06-03 17:16:18,10.39,25.99,60.0,CAD,61,2016-06-14,25.99,CAD,CA,True,False,False,False,False,False,False,2911.0,-15.599999999999998,-0.6002308580223162,2024-06-03,False,False,13.999641203703703,True
381210,018d937e-fef7-7274-bbce-e7d155c3d2d1,CA,2024-06-27 18:34:54,10.39,25.99,60.0,CAD,61,2016-06-14,25.99,CAD,CA,True,False,False,False,False,False,False,2935.0,-15.599999999999998,-0.6002308580223162,2024-06-27,False,False,13.951215277777777,True
381210,018d937e-fef7-7274-bbce-e7d155c3d2d1,CA,2024-07-25 17:16:50,10.39,25.99,60.0,CAD,61,2016-06-14,25.99,CAD,CA,True,False,False,False,False,False,False,2963.0,-15.599999999999998,-0.6002308580223162,2024-07-25,False,False,13.999502314814816,True
381210,018d937e-fef7-7274-bbce-e7d155c3d2d1,CA,2024-10-20 17:15:19,10.39,25.99,60.0,CAD,61,2016-06-14,25.99,CAD,CA,True,False,False,False,False,False,False,3050.0,-15.599999999999998,-0.6002308580223162,2024-10-20,False,False,14.000081018518518,True
381210,018d937e-fef7-7274-bbce-e7d155c3d2d1,CA,2024-11-27 21:34:36,10.39,25.99,60.0,CAD,61,2016-06-14,25.99,CAD,CA,True,False,False,False,False,False,False,3088.0,-15.599999999999998,-0.6002308580223162,2024-11-27,False,False,6.867789351851852,True
381210,018d937e-fef7-7274-bbce-e7d155c3d2d1,CA,2024-12-19 22:59:31,9.09,25.99,65.0,CAD,61,2016-06-14,25.99,CAD,CA,True,False,False,False,False,False,False,3110.0,-16.9,-0.6502500961908426,2024-12-19,False,False,13.808414351851852,True
381210,018d937e-fef7-7274-bbce-e7d155c3d2d1,CA,2025-02-10 18:29:39,10.39,25.99,60.0,CAD,61,2016-06-14,25.99,CAD,CA,True,False,False,False,False,False,False,3163.0,-15.599999999999998,-0.6002308580223162,2025-02-10,False,False,13.994108796296297,True
381210,018d937e-fef7-7274-bbce-e7d155c3d2d1,CA,2025-03-13 19:33:02,10.39,25.99,60.0,CAD,61,2016-06-14,25.99,CAD,CA,True,False,False,False,False,False,False,3194.0,-15.599999999999998,-0.6002308580223162,2025-03-13,False,False,6.909699074074074,True
381210,018d937e-fef7-7274-bbce-e7d155c3d2d1,CA,2025-04-02 15:15:31,10.39,25.99,60.0,CAD,61,2016-06-14,25.99,CAD,CA,True,False,False,False,False,False,False,3214.0,-15.599999999999998,-0.6002308580223162,2025-04-02,False,False,12.999988425925926,True
381210,018d937e-fef7-7274-bbce-e7d155c3d2d1,CA,2025-06-17 17:17:14,10.39,25.99,60.0,CAD,61,2016-06-14,25.99,CAD,CA,True,False,False,False,False,False,False,3290.0,-15.599999999999998,-0.6002308580223162,2025-06-17,False,False,23.004618055555557,True
381210,018d937e-fef7-7274-bbce-e7d155c3d2d1,CA,2025-07-29 16:15:26,10.39,25.99,60.0,CAD,61,2016-06-14,25.99,CAD,CA,True,False,False,False,False,False,False,3332.0,-15.599999999999998,-0.6002308580223162,2025-07-29,False,False,13.99986111111111,True
381210,018d937e-fef7-7274-bbce-e7d155c3d2d1,CA,2025-09-29 21:03:01,10.39,25.99,60.0,CAD,61,2016-06-14,25.99,CAD,CA,True,False,False,False,False,False,False,3394.0,-15.599999999999998,-0.6002308580223162,2025-09-29,False,False,6.901435185185186,True
381210,018d937e-fef7-7274-bbce-e7d155c3d2d1,CA,2025-10-20 17:17:48,10.39,25.99,60.0,CAD,61,2016-06-14,25.99,CAD,CA,True,False,False,False,False,False,False,3415.0,-15.599999999999998,-0.6002308580223162,2025-10-20,False,False,13.998981481481481,True
381210,018d937e-fef7-7274-bbce-e7d155c3d2d1,CN,2016-07-04 17:32:10,68.0,68.0,0.0,CNY,61,2016-06-14,93.75,CNY,CN,False,False,False,False,False,False,False,20.0,-25.75,-0.2746666666666666,2016-07-04,False,False,,False
381210,018d937e-fef7-7274-bbce-e7d155c3d2d1,CN,2016-07-25 20:30:19,82.0,82.0,0.0,CNY,61,2016-06-14,93.75,CNY,CN,False,False,False,True,False,False,False,41.0,-11.75,-0.1253333333333333,2016-07-25,False,False,,False
381210,018d937e-fef7-7274-bbce-e7d155c3d2d1,CN,2016-08-18 20:16:15,69.0,82.0,16.0,CNY,61,2016-06-14,93.75,CNY,CN,True,False,False,False,False,False,False,65.0,-24.75,-0.264,2016-08-18,False,False,3.958287037037037,True
381210,018d937e-fef7-7274-bbce-e7d155c3d2d1,CN,2016-10-28 19:16:31,57.0,82.0,30.0,CNY,61,2016-06-14,93.75,CNY,CN,True,False,False,False,False,False,False,136.0,-36.75,-0.392,2016-10-28,False,False,3.9593287037037035,True
381210,018d937e-fef7-7274-bbce-e7d155c3d2d1,CN,2016-11-23 20:46:57,57.0,82.0,30.0,CNY,61,2016-06-14,93.75,CNY,CN,True,False,False,False,False,False,False,162.0,-36.75,-0.392,2016-11-23,False,False,5.91775462962963,True
381210,018d937e-fef7-7274-bbce-e7d155c3d2d1,CN,2016-12-15 19:17:02,57.0,82.0,30.0,CNY,61,2016-06-14,93.75,CNY,CN,True,False,False,False,False,False,False,184.0,-36.75,-0.392,2016-12-15,False,False,3.978854166666667,True
381210,018d937e-fef7-7274-bbce-e7d155c3d2d1,CN,2016-12-22 18:47:25,57.0,82.0,30.0,CNY,61,2016-06-14,93.75,CNY,CN,True,False,False,False,False,False,False,191.0,-36.75,-0.392,2016-12-22,False,False,11.062627314814815,True
381210,018d937e-fef7-7274-bbce-e7d155c3d2d1,CN,2017-01-27 18:47:15,57.0,82.0,30.0,CNY,61,2016-06-14,93.75,CNY,CN,True,False,False,False,False,False,False,227.0,-36.75,-0.392,2017-01-27,False,False,7.020532407407408,True
381210,018d937e-fef7-7274-bbce-e7d155c3d2d1,CN,2017-03-08 18:46:16,49.0,82.0,40.0,CNY,61,2016-06-14,93.75,CNY,CN,True,False,False,False,False,False,False,267.0,-44.75,-0.4773333333333334,2017-03-08,False,False,5.0213425925925925,True
381210,018d937e-fef7-7274-bbce-e7d155c3d2d1,CN,2017-06-14 17:46:14,44.0,88.0,50.0,CNY,61,2016-06-14,93.75,CNY,CN,True,False,False,False,False,False,False,365.0,-49.75,-0.5306666666666666,2017-06-14,False,False,21.00173611111111,True
381210,018d937e-fef7-7274-bbce-e7d155c3d2d1,CN,2017-09-12 18:46:38,41.0,82.0,50.0,CNY,61,2016-06-14,93.75,CNY,CN,True,False,False,False,False,False,False,455.0,-52.75,-0.5626666666666666,2017-09-12,False,False,6.0210185185185185,True
381210,018d937e-fef7-7274-bbce-e7d155c3d2d1,CN,2017-10-26 19:46:24,41.0,82.0,50.0,CNY,61,2016-06-14,93.75,CNY,CN,True,False,False,False,False,False,False,499.0,-52.75,-0.5626666666666666,2017-10-26,False,False,5.896805555555556,True
381210,018d937e-fef7-7274-bbce-e7d155c3d2d1,CN,2017-11-22 18:47:57,41.0,82.0,50.0,CNY,61,2016-06-14,93.75,CNY,CN,True,False,False,False,False,False,False,526.0,-52.75,-0.5626666666666666,2017-11-22,False,False,6.000416666666666,True
381210,018d937e-fef7-7274-bbce-e7d155c3d2d1,CN,2017-12-21 18:17:14,41.0,82.0,50.0,CNY,61,2016-06-14,93.75,CNY,CN,True,False,False,False,False,False,False,555.0,-52.75,-0.5626666666666666,2017-12-21,False,False,14.103854166666666,True
381210,018d937e-fef7-7274-bbce-e7d155c3d2d1,CN,2018-02-15 19:03:16,41.0,82.0,50.0,CNY,61,2016-06-14,93.75,CNY,CN,True,False,False,False,False,False,False,611.0,-52.75,-0.5626666666666666,2018-02-15,False,False,4.080520833333333,True
381210,018d937e-fef7-7274-bbce-e7d155c3d2d1,CN,2018-05-24 19:37:18,35.0,88.0,60.0,CNY,61,2016-06-14,93.75,CNY,CN,True,False,False,False,False,False,False,709.0,-58.75,-0.6266666666666667,2018-05-24,False,False,4.08130787037037,True
381210,018d937e-fef7-7274-bbce-e7d155c3d2d1,CN,2018-06-23 22:24:38,35.0,88.0,60.0,CNY,61,2016-06-14,93.75,CNY,CN,True,False,False,False,False,False,False,739.0,-58.75,-0.6266666666666667,2018-06-23,False,False,11.992685185185184,True
381210,018d937e-fef7-7274-bbce-e7d155c3d2d1,CN,2018-09-18 18:58:50,35.0,88.0,60.0,CNY,61,2016-06-14,93.75,CNY,CN,True,False,False,False,False,False,False,826.0,-58.75,-0.6266666666666667,2018-09-18,False,False,6.9410185185185185,True
381210,018d937e-fef7-7274-bbce-e7d155c3d2d1,CN,2018-10-11 07:25:19,82.0,82.0,0.0,CNY,61,2016-06-14,93.75,CNY,CN,False,False,False,True,False,False,False,849.0,-11.75,-0.1253333333333333,2018-10-11,False,False,,False
381210,018d937e-fef7-7274-bbce-e7d155c3d2d1,CN,2018-10-26 17:52:47,35.0,88.0,60.0,CNY,61,2016-06-14,93.75,CNY,CN,True,False,False,False,False,False,False,864.0,-58.75,-0.6266666666666667,2018-10-26,False,False,7.474988425925926,True
381210,018d937e-fef7-7274-bbce-e7d155c3d2d1,CN,2018-11-11 21:21:39,82.0,82.0,0.0,CNY,61,2016-06-14,93.75,CNY,CN,False,False,False,True,False,False,False,880.0,-11.75,-0.1253333333333333,2018-11-11,False,False,,False
381210,018d937e-fef7-7274-bbce-e7d155c3d2d1,CN,2018-11-21 22:35:25,41.0,82.0,50.0,CNY,61,2016-06-14,93.75,CNY,CN,True,False,False,False,False,False,False,890.0,-52.75,-0.5626666666666666,2018-11-21,False,False,5.990995370370371,True
381210,018d937e-fef7-7274-bbce-e7d155c3d2d1,CN,2018-11-22 03:13:39,35.0,88.0,60.0,CNY,61,2016-06-14,93.75,CNY,CN,True,False,False,False,False,False,False,891.0,-58.75,-0.6266666666666667,2018-11-22,False,False,,False
381210,018d937e-fef7-7274-bbce-e7d155c3d2d1,CN,2018-12-20 20:18:09,41.0,82.0,50.0,CNY,61,2016-06-14,93.75,CNY,CN,True,False,False,False,False,False,False,919.0,-52.75,-0.5626666666666666,2018-12-20,False,False,14.094166666666666,True
381210,018d937e-fef7-7274-bbce-e7d155c3d2d1,CN,2018-12-21 03:04:35,35.0,88.0,60.0,CNY,61,2016-06-14,93.75,CNY,CN,True,False,False,False,False,False,False,920.0,-58.75,-0.6266666666666667,2018-12-21,False,False,,False
381210,018d937e-fef7-7274-bbce-e7d155c3d2d1,CN,2019-01-06 22:37:08,82.0,82.0,0.0,CNY,61,2016-06-14,93.75,CNY,CN,False,False,False,True,False,False,False,936.0,-11.75,-0.1253333333333333,2019-01-06,False,False,,False
381210,018d937e-fef7-7274-bbce-e7d155c3d2d1,CN,2019-01-17 18:22:11,35.0,88.0,60.0,CNY,61,2016-06-14,93.75,CNY,CN,True,False,False,False,False,False,False,947.0,-58.75,-0.6266666666666667,2019-01-17,False,False,4.032916666666667,True
381210,018d937e-fef7-7274-bbce-e7d155c3d2d1,CN,2019-02-04 22:14:46,35.0,88.0,60.0,CNY,61,2016-06-14,93.75,CNY,CN,True,False,False,False,False,False,False,965.0,-58.75,-0.6266666666666667,2019-02-04,False,False,7.057013888888889,True
381210,018d937e-fef7-7274-bbce-e7d155c3d2d1,CN,2019-04-04 17:44:45,41.0,82.0,50.0,CNY,61,2016-06-14,93.75,CNY,CN,True,False,False,False,False,False,False,1024.0,-52.75,-0.5626666666666666,2019-04-04,False,False,6.066493055555555,True
381210,018d937e-fef7-7274-bbce-e7d155c3d2d1,CN,2019-04-04 22:02:22,35.0,88.0,60.0,CNY,61,2016-06-14,93.75,CNY,CN,True,False,False,False,False,False,False,1024.0,-58.75,-0.6266666666666667,2019-04-04,False,False,,False
381210,018d937e-fef7-7274-bbce-e7d155c3d2d1,CN,2019-04-11 16:31:15,82.0,82.0,0.0,CNY,61,2016-06-14,93.75,CNY,CN,False,False,False,True,False,False,False,1031.0,-11.75,-0.1253333333333333,2019-04-11,False,False,,False
381210,018d937e-fef7-7274-bbce-e7d155c3d2d1,CN,2019-05-24 17:36:37,35.0,88.0,60.0,CNY,61,2016-06-14,93.75,CNY,CN,True,False,False,False,False,False,False,1074.0,-58.75,-0.6266666666666667,2019-05-24,False,False,4.0761111111111115,True
381210,018d937e-fef7-7274-bbce-e7d155c3d2d1,CN,2019-05-28 23:51:57,82.0,82.0,0.0,CNY,61,2016-06-14,93.75,CNY,CN,False,False,False,True,False,False,False,1078.0,-11.75,-0.1253333333333333,2019-05-28,False,False,,False
381210,018d937e-fef7-7274-bbce-e7d155c3d2d1,CN,2019-06-18 17:52:11,41.0,82.0,50.0,CNY,61,2016-06-14,93.75,CNY,CN,True,False,False,False,False,False,False,1099.0,-52.75,-0.5626666666666666,2019-06-18,False,False,21.319189814814816,True
381210,018d937e-fef7-7274-bbce-e7d155c3d2d1,CN,2019-06-26 17:03:42,35.0,88.0,60.0,CNY,61,2016-06-14,93.75,CNY,CN,True,False,False,False,False,False,False,1107.0,-58.75,-0.6266666666666667,2019-06-26,False,False,,False
381210,018d937e-fef7-7274-bbce-e7d155c3d2d1,CN,2019-07-11 06:31:10,82.0,82.0,0.0,CNY,61,2016-06-14,93.75,CNY,CN,False,False,False,True,False,False,False,1122.0,-11.75,-0.1253333333333333,2019-07-11,False,False,,False
381210,018d937e-fef7-7274-bbce-e7d155c3d2d1,CN,2019-09-17 16:29:15,41.0,82.0,50.0,CNY,61,2016-06-14,93.75,CNY,CN,True,False,False,False,False,False,False,1190.0,-52.75,-0.5626666666666666,2019-09-17,False,False,8.036076388888889,True
381210,018d937e-fef7-7274-bbce-e7d155c3d2d1,CN,2019-10-24 17:21:10,41.0,82.0,50.0,CNY,61,2016-06-14,93.75,CNY,CN,True,False,False,False,False,False,False,1227.0,-52.75,-0.5626666666666666,2019-10-24,False,False,8.00056712962963,True
381210,018d937e-fef7-7274-bbce-e7d155c3d2d1,CN,2019-10-28 17:59:52,35.0,88.0,60.0,CNY,61,2016-06-14,93.75,CNY,CN,True,False,False,False,False,False,False,1231.0,-58.75,-0.6266666666666667,2019-10-28,False,False,,False
381210,018d937e-fef7-7274-bbce-e7d155c3d2d1,CN,2019-10-28 23:25:02,41.0,82.0,50.0,CNY,61,2016-06-14,93.75,CNY,CN,True,False,False,False,False,False,False,1231.0,-52.75,-0.5626666666666666,2019-10-28,False,False,,False
381210,018d937e-fef7-7274-bbce-e7d155c3d2d1,CN,2019-11-01 18:15:54,88.0,88.0,0.0,CNY,61,2016-06-14,93.75,CNY,CN,False,False,False,True,False,False,False,1235.0,-5.75,-0.06133333333333335,2019-11-01,False,False,,False
381210,018d937e-fef7-7274-bbce-e7d155c3d2d1,CN,2019-11-26 18:10:26,41.0,82.0,50.0,CNY,61,2016-06-14,93.75,CNY,CN,True,False,False,False,False,False,False,1260.0,-52.75,-0.5626666666666666,2019-11-26,False,False,7.007546296296296,True
381210,018d937e-fef7-7274-bbce-e7d155c3d2d1,CN,2019-12-19 18:31:19,32.0,82.0,61.0,CNY,61,2016-06-14,93.75,CNY,CN,True,False,False,False,False,False,False,1283.0,-61.75,-0.6586666666666667,2019-12-19,False,False,14.002858796296296,True
381210,018d937e-fef7-7274-bbce-e7d155c3d2d1,CN,2020-01-22 18:21:20,32.0,82.0,61.0,CNY,61,2016-06-14,93.75,CNY,CN,True,False,False,False,False,False,False,1317.0,-61.75,-0.6586666666666667,2020-01-22,False,False,5.003715277777777,True
381210,018d937e-fef7-7274-bbce-e7d155c3d2d1,CN,2020-03-09 17:21:54,32.0,82.0,61.0,CNY,61,2016-06-14,93.75,CNY,CN,True,False,False,False,False,False,False,1364.0,-61.75,-0.6586666666666667,2020-03-09,False,False,7.999641203703704,True
381210,018d937e-fef7-7274-bbce-e7d155c3d2d1,CN,2020-04-21 17:21:19,32.0,82.0,61.0,CNY,61,2016-06-14,93.75,CNY,CN,True,False,False,False,False,False,False,1407.0,-61.75,-0.6586666666666667,2020-04-21,False,False,2.999953703703704,True
381210,018d937e-fef7-7274-bbce-e7d155c3d2d1,CN,2020-06-16 16:49:18,32.0,82.0,61.0,CNY,61,2016-06-14,93.75,CNY,CN,True,False,False,False,False,False,False,1463.0,-61.75,-0.6586666666666667,2020-06-16,False,False,23.02951388888889,True
381210,018d937e-fef7-7274-bbce-e7d155c3d2d1,CN,2020-07-31 17:21:18,32.0,82.0,61.0,CNY,61,2016-06-14,93.75,CNY,CN,True,False,False,False,False,False,False,1508.0,-61.75,-0.6586666666666667,2020-07-31,False,False,7.000208333333333,True
381210,018d937e-fef7-7274-bbce-e7d155c3d2d1,CN,2020-09-08 18:09:40,32.0,82.0,61.0,CNY,61,2016-06-14,93.75,CNY,CN,True,False,False,False,False,False,False,1547.0,-61.75,-0.6586666666666667,2020-09-08,False,False,5.966840277777778,True
381210,018d937e-fef7-7274-bbce-e7d155c3d2d1,CN,2020-10-29 17:00:23,32.0,82.0,61.0,CNY,61,2016-06-14,93.75,CNY,CN,True,False,False,False,False,False,False,1598.0,-61.75,-0.6586666666666667,2020-10-29,False,False,4.0586574074074075,True
381210,018d937e-fef7-7274-bbce-e7d155c3d2d1,CN,2020-11-25 18:26:02,32.0,82.0,61.0,CNY,61,2016-06-14,93.75,CNY,CN,True,False,False,False,False,False,False,1625.0,-61.75,-0.6586666666666667,2020-11-25,False,False,5.9994097222222225,True
381210,018d937e-fef7-7274-bbce-e7d155c3d2d1,CN,2020-12-22 19:02:36,32.0,82.0,61.0,CNY,61,2016-06-14,93.75,CNY,CN,True,False,False,False,False,False,False,1652.0,-61.75,-0.6586666666666667,2020-12-22,False,False,13.991203703703704,True
381210,018d937e-fef7-7274-bbce-e7d155c3d2d1,CN,2021-02-11 18:57:04,49.0,82.0,40.0,CNY,61,2016-06-14,93.75,CNY,CN,True,False,False,False,False,False,False,1703.0,-44.75,-0.4773333333333334,2021-02-11,False,False,3.9769675925925925,True
381210,018d937e-fef7-7274-bbce-e7d155c3d2d1,CN,2021-03-30 17:18:18,41.0,82.0,50.0,CNY,61,2016-06-14,93.75,CNY,CN,True,False,False,False,False,False,False,1750.0,-52.75,-0.5626666666666666,2021-03-30,False,False,14.000636574074074,True
381210,018d937e-fef7-7274-bbce-e7d155c3d2d1,CN,2021-05-05 17:18:20,53.0,82.0,35.0,CNY,61,2016-06-14,93.75,CNY,CN,True,False,False,False,False,False,False,1786.0,-40.75,-0.43466666666666665,2021-05-05,False,False,6.000335648148148,True
381210,018d937e-fef7-7274-bbce-e7d155c3d2d1,CN,2021-06-15 17:18:15,49.0,82.0,40.0,CNY,61,2016-06-14,93.75,CNY,CN,True,False,False,False,False,False,False,1827.0,-44.75,-0.4773333333333334,2021-06-15,False,False,28.996909722222224,True
381210,018d937e-fef7-7274-bbce-e7d155c3d2d1,CN,2021-09-07 17:15:18,41.0,82.0,50.0,CNY,61,2016-06-14,93.75,CNY,CN,True,False,False,False,False,False,False,1911.0,-52.75,-0.5626666666666666,2021-09-07,False,False,13.004305555555556,True
381210,018d937e-fef7-7274-bbce-e7d155c3d2d1,CN,2021-10-19 17:06:16,41.0,82.0,50.0,CNY,61,2016-06-14,93.75,CNY,CN,True,False,False,False,False,False,False,1953.0,-52.75,-0.5626666666666666,2021-10-19,False,False,13.023541666666667,True
381210,018d937e-fef7-7274-bbce-e7d155c3d2d1,CN,2021-11-30 18:54:31,41.0,82.0,50.0,CNY,61,2016-06-14,93.75,CNY,CN,True,False,False,False,False,False,False,1995.0,-52.75,-0.5626666666666666,2021-11-30,False,False,6.964351851851852,True
381210,018d937e-fef7-7274-bbce-e7d155c3d2d1,CN,2021-12-22 23:06:35,41.0,82.0,50.0,CNY,61,2016-06-14,93.75,CNY,CN,True,False,False,False,False,False,False,2017.0,-52.75,-0.5626666666666666,2021-12-22,False,False,13.808194444444444,True
381210,018d937e-fef7-7274-bbce-e7d155c3d2d1,CN,2022-01-27 18:38:35,41.0,82.0,50.0,CNY,61,2016-06-14,93.75,CNY,CN,True,False,False,False,False,False,False,2053.0,-52.75,-0.5626666666666666,2022-01-27,False,False,11.028425925925927,True
381210,018d937e-fef7-7274-bbce-e7d155c3d2d1,CN,2022-03-08 18:06:08,41.0,82.0,50.0,CNY,61,2016-06-14,93.75,CNY,CN,True,False,False,False,False,False,False,2093.0,-52.75,-0.5626666666666666,2022-03-08,False,False,13.967337962962963,True
381210,018d937e-fef7-7274-bbce-e7d155c3d2d1,CN,2022-04-26 17:19:06,41.0,82.0,50.0,CNY,61,2016-06-14,93.75,CNY,CN,True,False,False,False,False,False,False,2142.0,-52.75,-0.5626666666666666,2022-04-26,False,False,14.001666666666667,True
381210,018d937e-fef7-7274-bbce-e7d155c3d2d1,CN,2022-06-07 17:18:29,32.8,82.0,60.0,CNY,61,2016-06-14,93.75,CNY,CN,True,False,False,False,False,False,False,2184.0,-60.95,-0.6501333333333333,2022-06-07,False,False,13.989375,True
381210,018d937e-fef7-7274-bbce-e7d155c3d2d1,CN,2022-06-23 18:15:45,32.8,82.0,60.0,CNY,61,2016-06-14,93.75,CNY,CN,True,False,False,False,False,False,False,2200.0,-60.95,-0.6501333333333333,2022-06-23,False,False,13.968333333333334,True
381210,018d937e-fef7-7274-bbce-e7d155c3d2d1,CN,2022-08-30 17:18:57,32.8,82.0,60.0,CNY,61,2016-06-14,93.75,CNY,CN,True,False,False,False,False,False,False,2268.0,-60.95,-0.6501333333333333,2022-08-30,False,False,13.003900462962964,True
381210,018d937e-fef7-7274-bbce-e7d155c3d2d1,CN,2022-10-18 17:19:56,32.8,82.0,60.0,CNY,61,2016-06-14,93.75,CNY,CN,True,False,False,False,False,False,False,2317.0,-60.95,-0.6501333333333333,2022-10-18,False,False,13.999097222222222,True
381210,018d937e-fef7-7274-bbce-e7d155c3d2d1,CN,2022-11-22 22:45:34,32.8,82.0,60.0,CNY,61,2016-06-14,93.75,CNY,CN,True,False,False,False,False,False,False,2352.0,-60.95,-0.6501333333333333,2022-11-22,False,False,6.81792824074074,True
381210,018d937e-fef7-7274-bbce-e7d155c3d2d1,CN,2022-12-22 21:47:58,28.7,82.0,65.0,CNY,61,2016-06-14,93.75,CNY,CN,True,False,False,False,False,False,False,2382.0,-65.05,-0.6938666666666666,2022-12-22,False,False,20.848136574074076,True
381210,018d937e-fef7-7274-bbce-e7d155c3d2d1,CN,2023-03-07 15:18:17,32.8,82.0,60.0,CNY,61,2016-06-14,93.75,CNY,CN,True,False,False,False,False,False,False,2457.0,-60.95,-0.6501333333333333,2023-03-07,False,False,8.999976851851851,True
381210,018d937e-fef7-7274-bbce-e7d155c3d2d1,CN,2023-03-16 21:04:00,32.8,82.0,60.0,CNY,61,2016-06-14,93.75,CNY,CN,True,False,False,False,False,False,False,2466.0,-60.95,-0.6501333333333333,2023-03-16,False,False,6.864884259259259,True
381210,018d937e-fef7-7274-bbce-e7d155c3d2d1,CN,2023-04-20 17:03:16,32.8,82.0,60.0,CNY,61,2016-06-14,93.75,CNY,CN,True,False,False,False,False,False,False,2501.0,-60.95,-0.6501333333333333,2023-04-20,False,False,10.010578703703704,True
381210,018d937e-fef7-7274-bbce-e7d155c3d2d1,CN,2023-06-13 17:18:40,32.8,82.0,60.0,CNY,61,2016-06-14,93.75,CNY,CN,True,False,False,False,False,False,False,2555.0,-60.95,-0.6501333333333333,2023-06-13,False,False,8.000393518518518,True
381210,018d937e-fef7-7274-bbce-e7d155c3d2d1,CN,2023-06-29 22:52:27,32.8,82.0,60.0,CNY,61,2016-06-14,93.75,CNY,CN,True,False,False,False,False,False,False,2571.0,-60.95,-0.6501333333333333,2023-06-29,False,False,13.780138888888889,True
381210,018d937e-fef7-7274-bbce-e7d155c3d2d1,CN,2023-07-25 17:19:26,32.8,82.0,60.0,CNY,61,2016-06-14,93.75,CNY,CN,True,False,False,False,False,False,False,2597.0,-60.95,-0.6501333333333333,2023-07-25,False,False,6.999895833333333,True
381210,018d937e-fef7-7274-bbce-e7d155c3d2d1,CN,2023-08-31 17:18:41,41.0,82.0,50.0,CNY,61,2016-06-14,93.75,CNY,CN,True,False,False,False,False,False,False,2634.0,-52.75,-0.5626666666666666,2023-08-31,False,False,12.003703703703703,True
381210,018d937e-fef7-7274-bbce-e7d155c3d2d1,CN,2023-10-19 17:03:25,32.8,82.0,60.0,CNY,61,2016-06-14,93.75,CNY,CN,True,False,False,False,False,False,False,2683.0,-60.95,-0.6501333333333333,2023-10-19,False,False,14.011238425925926,True
381210,018d937e-fef7-7274-bbce-e7d155c3d2d1,CN,2023-11-21 23:32:29,32.8,82.0,60.0,CNY,61,2016-06-14,93.75,CNY,CN,True,False,False,False,False,False,False,2716.0,-60.95,-0.6501333333333333,2023-11-21,False,False,6.779652777777778,True
381210,018d937e-fef7-7274-bbce-e7d155c3d2d1,CN,2023-12-21 18:29:34,28.7,82.0,65.0,CNY,61,2016-06-14,93.75,CNY,CN,True,False,False,False,False,False,False,2746.0,-65.05,-0.6938666666666666,2023-12-21,False,False,14.008159722222222,True
381210,018d937e-fef7-7274-bbce-e7d155c3d2d1,CN,2024-01-29 18:26:44,32.8,82.0,60.0,CNY,61,2016-06-14,93.75,CNY,CN,True,False,False,False,False,False,False,2785.0,-60.95,-0.6501333333333333,2024-01-29,False,False,12.318032407407408,True
381210,018d937e-fef7-7274-bbce-e7d155c3d2d1,CN,2024-03-12 17:15:16,32.8,82.0,60.0,CNY,61,2016-06-14,93.75,CNY,CN,True,False,False,False,False,False,False,2828.0,-60.95,-0.6501333333333333,2024-03-12,False,False,9.00255787037037,True
381210,018d937e-fef7-7274-bbce-e7d155c3d2d1,CN,2024-04-23 17:15:14,37.5,93.75,60.0,CNY,61,2016-06-14,93.75,CNY,CN,True,False,False,False,False,False,False,2870.0,-56.25,-0.6,2024-04-23,False,False,9.000300925925925,True
381210,018d937e-fef7-7274-bbce-e7d155c3d2d1,CN,2024-06-03 17:21:26,37.5,93.75,60.0,CNY,61,2016-06-14,93.75,CNY,CN,True,False,False,False,False,False,False,2911.0,-56.25,-0.6,2024-06-03,False,False,13.996481481481482,True
381210,018d937e-fef7-7274-bbce-e7d155c3d2d1,CN,2024-06-27 18:36:27,37.5,93.75,60.0,CNY,61,2016-06-14,93.75,CNY,CN,True,False,False,False,False,False,False,2935.0,-56.25,-0.6,2024-06-27,False,False,13.949988425925927,True
381210,018d937e-fef7-7274-bbce-e7d155c3d2d1,CN,2024-07-25 17:16:47,37.5,93.75,60.0,CNY,61,2016-06-14,93.75,CNY,CN,True,False,False,False,False,False,False,2963.0,-56.25,-0.6,2024-07-25,False,False,13.999050925925927,True
381210,018d937e-fef7-7274-bbce-e7d155c3d2d1,CN,2024-10-20 17:15:33,37.5,93.75,60.0,CNY,61,2016-06-14,93.75,CNY,CN,True,False,False,False,False,False,False,3050.0,-56.25,-0.6,2024-10-20,False,False,13.999988425925926,True
381210,018d937e-fef7-7274-bbce-e7d155c3d2d1,CN,2024-11-27 21:34:34,37.5,93.75,60.0,CNY,61,2016-06-14,93.75,CNY,CN,True,False,False,False,False,False,False,3088.0,-56.25,-0.6,2024-11-27,False,False,6.867800925925926,True
381210,018d937e-fef7-7274-bbce-e7d155c3d2d1,CN,2024-12-19 19:45:54,32.81,93.75,65.0,CNY,61,2016-06-14,93.75,CNY,CN,True,False,False,False,False,False,False,3110.0,-60.94,-0.6500266666666666,2024-12-19,False,False,13.94273148148148,True
381210,018d937e-fef7-7274-bbce-e7d155c3d2d1,CN,2025-02-10 18:42:18,37.5,93.75,60.0,CNY,61,2016-06-14,93.75,CNY,CN,True,False,False,False,False,False,False,3163.0,-56.25,-0.6,2025-02-10,False,False,13.985347222222222,True
381210,018d937e-fef7-7274-bbce-e7d155c3d2d1,CN,2025-03-13 19:44:39,37.5,93.75,60.0,CNY,61,2016-06-14,93.75,CNY,CN,True,False,False,False,False,False,False,3194.0,-56.25,-0.6,2025-03-13,False,False,6.901863425925926,True
381210,018d937e-fef7-7274-bbce-e7d155c3d2d1,CN,2025-04-02 15:15:28,37.5,93.75,60.0,CNY,61,2016-06-14,93.75,CNY,CN,True,False,False,False,False,False,False,3214.0,-56.25,-0.6,2025-04-02,False,False,13.001886574074074,True
381210,018d937e-fef7-7274-bbce-e7d155c3d2d1,CN,2025-06-17 17:17:21,37.5,93.75,60.0,CNY,61,2016-06-14,93.75,CNY,CN,True,False,False,False,False,False,False,3290.0,-56.25,-0.6,2025-06-17,False,False,23.004375,True
381210,018d937e-fef7-7274-bbce-e7d155c3d2d1,CN,2025-07-29 16:15:22,37.5,93.75,60.0,CNY,61,2016-06-14,93.75,CNY,CN,True,False,False,False,False,False,False,3332.0,-56.25,-0.6,2025-07-29,False,False,14.002233796296297,True
381210,018d937e-fef7-7274-bbce-e7d155c3d2d1,CN,2025-09-29 20:52:11,37.5,93.75,60.0,CNY,61,2016-06-14,93.75,CNY,CN,True,False,False,False,False,False,False,3394.0,-56.25,-0.6,2025-09-29,False,False,6.904895833333334,True
381210,018d937e-fef7-7274-bbce-e7d155c3d2d1,CN,2025-10-20 17:17:44,37.5,93.75,60.0,CNY,61,2016-06-14,93.75,CNY,CN,True,False,False,False,False,False,False,3415.0,-56.25,-0.6,2025-10-20,False,False,13.99875,True
381210,018d937e-fef7-7274-bbce-e7d155c3d2d1,DE,2016-07-04 17:39:22,19.99,19.99,0.0,EUR,61,2016-06-14,19.99,EUR,DE,False,False,False,False,False,False,False,20.0,0.0,0.0,2016-07-04,False,False,,False
381210,018d937e-fef7-7274-bbce-e7d155c3d2d1,DE,2016-08-18 18:15:08,16.99,19.99,15.0,EUR,61,2016-06-14,19.99,EUR,DE,True,False,False,False,False,False,False,65.0,-3.0,-0.1500750375187594,2016-08-18,False,False,4.020810185185185,True
381210,018d937e-fef7-7274-bbce-e7d155c3d2d1,DE,2016-10-28 19:45:05,13.99,19.99,30.0,EUR,61,2016-06-14,19.99,EUR,DE,True,False,False,False,False,False,False,136.0,-5.999999999999998,-0.30015007503751867,2016-10-28,False,False,3.9792939814814816,True
381210,018d937e-fef7-7274-bbce-e7d155c3d2d1,DE,2016-11-23 20:15:13,13.99,19.99,30.0,EUR,61,2016-06-14,19.99,EUR,DE,True,False,False,False,False,False,False,162.0,-5.999999999999998,-0.30015007503751867,2016-11-23,False,False,6.020752314814815,True
381210,018d937e-fef7-7274-bbce-e7d155c3d2d1,DE,2016-12-15 20:45:06,13.99,19.99,30.0,EUR,61,2016-06-14,19.99,EUR,DE,True,False,False,False,False,False,False,184.0,-5.999999999999998,-0.30015007503751867,2016-12-15,False,False,4.0,True
381210,018d937e-fef7-7274-bbce-e7d155c3d2d1,DE,2016-12-22 19:45:06,13.99,19.99,30.0,EUR,61,2016-06-14,19.99,EUR,DE,True,False,False,False,False,False,False,191.0,-5.999999999999998,-0.30015007503751867,2016-12-22,False,False,10.979282407407407,True
381210,018d937e-fef7-7274-bbce-e7d155c3d2d1,DE,2017-01-27 21:15:17,13.99,19.99,30.0,EUR,61,2016-06-14,19.99,EUR,DE,True,False,False,False,False,False,False,227.0,-5.999999999999998,-0.30015007503751867,2017-01-27,False,False,6.937372685185185,True
381210,018d937e-fef7-7274-bbce-e7d155c3d2d1,DE,2017-03-08 18:45:06,11.99,19.99,40.0,EUR,61,2016-06-14,19.99,EUR,DE,True,False,False,False,False,False,False,267.0,-7.999999999999998,-0.40020010005002493,2017-03-08,False,False,5.020949074074074,True
381210,018d937e-fef7-7274-bbce-e7d155c3d2d1,DE,2017-06-14 18:45:06,11.99,19.99,40.0,EUR,61,2016-06-14,19.99,EUR,DE,True,False,False,False,False,False,False,365.0,-7.999999999999998,-0.40020010005002493,2017-06-14,False,False,21.041666666666668,True
381210,018d937e-fef7-7274-bbce-e7d155c3d2d1,DE,2017-06-15 20:45:05,14.99,29.99,50.0,EUR,61,2016-06-14,19.99,EUR,DE,True,False,False,False,False,False,False,366.0,-4.999999999999998,-0.25012506253126554,2017-06-15,False,False,,False
381210,018d937e-fef7-7274-bbce-e7d155c3d2d1,DE,2017-06-15 21:45:05,11.99,19.99,40.0,EUR,61,2016-06-14,19.99,EUR,DE,True,False,False,False,False,False,False,366.0,-7.999999999999998,-0.40020010005002493,2017-06-15,False,False,,False
381210,018d937e-fef7-7274-bbce-e7d155c3d2d1,DE,2017-06-15 23:15:10,14.99,29.99,50.0,EUR,61,2016-06-14,19.99,EUR,DE,True,False,False,False,False,False,False,366.0,-4.999999999999998,-0.25012506253126554,2017-06-15,False,False,,False
381210,018d937e-fef7-7274-bbce-e7d155c3d2d1,DE,2017-06-16 00:45:05,11.99,19.99,40.0,EUR,61,2016-06-14,19.99,EUR,DE,True,False,False,False,False,False,False,367.0,-7.999999999999998,-0.40020010005002493,2017-06-16,False,False,,False
381210,018d937e-fef7-7274-bbce-e7d155c3d2d1,DE,2017-06-16 11:45:05,14.99,29.99,50.0,EUR,61,2016-06-14,19.99,EUR,DE,True,False,False,False,False,False,False,367.0,-4.999999999999998,-0.25012506253126554,2017-06-16,False,False,,False
381210,018d937e-fef7-7274-bbce-e7d155c3d2d1,DE,2017-06-16 12:15:08,11.99,19.99,40.0,EUR,61,2016-06-14,19.99,EUR,DE,True,False,False,False,False,False,False,367.0,-7.999999999999998,-0.40020010005002493,2017-06-16,False,False,,False
381210,018d937e-fef7-7274-bbce-e7d155c3d2d1,DE,2017-06-16 22:45:04,14.99,29.99,50.0,EUR,61,2016-06-14,19.99,EUR,DE,True,False,False,False,False,False,False,367.0,-4.999999999999998,-0.25012506253126554,2017-06-16,False,False,,False
381210,018d937e-fef7-7274-bbce-e7d155c3d2d1,DE,2017-06-17 00:15:07,11.99,19.99,40.0,EUR,61,2016-06-14,19.99,EUR,DE,True,False,False,False,False,False,False,368.0,-7.999999999999998,-0.40020010005002493,2017-06-17,False,False,,False
381210,018d937e-fef7-7274-bbce-e7d155c3d2d1,DE,2017-06-17 06:15:13,14.99,29.99,50.0,EUR,61,2016-06-14,19.99,EUR,DE,True,False,False,False,False,False,False,368.0,-4.999999999999998,-0.25012506253126554,2017-06-17,False,False,,False
381210,018d937e-fef7-7274-bbce-e7d155c3d2d1,DE,2017-06-17 06:45:06,11.99,19.99,40.0,EUR,61,2016-06-14,19.99,EUR,DE,True,False,False,False,False,False,False,368.0,-7.999999999999998,-0.40020010005002493,2017-06-17,False,False,,False
381210,018d937e-fef7-7274-bbce-e7d155c3d2d1,DE,2017-06-17 19:15:07,14.99,29.99,50.0,EUR,61,2016-06-14,19.99,EUR,DE,True,False,False,False,False,False,False,368.0,-4.999999999999998,-0.25012506253126554,2017-06-17,False,False,,False
381210,018d937e-fef7-7274-bbce-e7d155c3d2d1,DE,2017-06-17 19:45:07,11.99,19.99,40.0,EUR,61,2016-06-14,19.99,EUR,DE,True,False,False,False,False,False,False,368.0,-7.999999999999998,-0.40020010005002493,2017-06-17,False,False,,False
381210,018d937e-fef7-7274-bbce-e7d155c3d2d1,DE,2017-06-18 09:45:07,14.99,29.99,50.0,EUR,61,2016-06-14,19.99,EUR,DE,True,False,False,False,False,False,False,369.0,-4.999999999999998,-0.25012506253126554,2017-06-18,False,False,,False
381210,018d937e-fef7-7274-bbce-e7d155c3d2d1,DE,2017-06-18 10:15:08,11.99,19.99,40.0,EUR,61,2016-06-14,19.99,EUR,DE,True,False,False,False,False,False,False,369.0,-7.999999999999998,-0.40020010005002493,2017-06-18,False,False,,False
381210,018d937e-fef7-7274-bbce-e7d155c3d2d1,DE,2017-06-18 12:45:04,14.99,29.99,50.0,EUR,61,2016-06-14,19.99,EUR,DE,True,False,False,False,False,False,False,369.0,-4.999999999999998,-0.25012506253126554,2017-06-18,False,False,,False
381210,018d937e-fef7-7274-bbce-e7d155c3d2d1,DE,2017-06-18 14:15:08,11.99,19.99,40.0,EUR,61,2016-06-14,19.99,EUR,DE,True,False,False,False,False,False,False,369.0,-7.999999999999998,-0.40020010005002493,2017-06-18,False,False,,False
381210,018d937e-fef7-7274-bbce-e7d155c3d2d1,DE,2017-06-21 04:15:09,14.99,29.99,50.0,EUR,61,2016-06-14,19.99,EUR,DE,True,False,False,False,False,False,False,372.0,-4.999999999999998,-0.25012506253126554,2017-06-21,False,False,,False
381210,018d937e-fef7-7274-bbce-e7d155c3d2d1,DE,2017-06-21 06:15:07,11.99,19.99,40.0,EUR,61,2016-06-14,19.99,EUR,DE,True,False,False,False,False,False,False,372.0,-7.999999999999998,-0.40020010005002493,2017-06-21,False,False,,False
381210,018d937e-fef7-7274-bbce-e7d155c3d2d1,DE,2017-06-21 08:45:07,14.99,29.99,50.0,EUR,61,2016-06-14,19.99,EUR,DE,True,False,False,False,False,False,False,372.0,-4.999999999999998,-0.25012506253126554,2017-06-21,False,False,,False
381210,018d937e-fef7-7274-bbce-e7d155c3d2d1,DE,2017-06-21 09:45:06,11.99,19.99,40.0,EUR,61,2016-06-14,19.99,EUR,DE,True,False,False,False,False,False,False,372.0,-7.999999999999998,-0.40020010005002493,2017-06-21,False,False,,False
381210,018d937e-fef7-7274-bbce-e7d155c3d2d1,DE,2017-06-24 11:15:10,14.99,29.99,50.0,EUR,61,2016-06-14,19.99,EUR,DE,True,False,False,False,False,False,False,375.0,-4.999999999999998,-0.25012506253126554,2017-06-24,False,False,,False
381210,018d937e-fef7-7274-bbce-e7d155c3d2d1,DE,2017-06-24 12:15:09,11.99,19.99,40.0,EUR,61,2016-06-14,19.99,EUR,DE,True,False,False,False,False,False,False,375.0,-7.999999999999998,-0.40020010005002493,2017-06-24,False,False,,False
381210,018d937e-fef7-7274-bbce-e7d155c3d2d1,DE,2017-06-26 02:45:04,14.99,29.99,50.0,EUR,61,2016-06-14,19.99,EUR,DE,True,False,False,False,False,False,False,377.0,-4.999999999999998,-0.25012506253126554,2017-06-26,False,False,,False
381210,018d937e-fef7-7274-bbce-e7d155c3d2d1,DE,2017-06-26 04:45:06,11.99,19.99,40.0,EUR,61,2016-06-14,19.99,EUR,DE,True,False,False,False,False,False,False,377.0,-7.999999999999998,-0.40020010005002493,2017-06-26,False,False,,False
381210,018d937e-fef7-7274-bbce-e7d155c3d2d1,DE,2017-06-26 19:45:06,14.99,29.99,50.0,EUR,61,2016-06-14,19.99,EUR,DE,True,False,False,False,False,False,False,377.0,-4.999999999999998,-0.25012506253126554,2017-06-26,False,False,,False
381210,018d937e-fef7-7274-bbce-e7d155c3d2d1,DE,2017-06-26 21:15:10,11.99,19.99,40.0,EUR,61,2016-06-14,19.99,EUR,DE,True,False,False,False,False,False,False,377.0,-7.999999999999998,-0.40020010005002493,2017-06-26,False,False,,False
381210,018d937e-fef7-7274-bbce-e7d155c3d2d1,DE,2017-06-27 04:15:10,14.99,29.99,50.0,EUR,61,2016-06-14,19.99,EUR,DE,True,False,False,False,False,False,False,378.0,-4.999999999999998,-0.25012506253126554,2017-06-27,False,False,,False
381210,018d937e-fef7-7274-bbce-e7d155c3d2d1,DE,2017-06-27 06:15:10,11.99,19.99,40.0,EUR,61,2016-06-14,19.99,EUR,DE,True,False,False,False,False,False,False,378.0,-7.999999999999998,-0.40020010005002493,2017-06-27,False,False,,False
381210,018d937e-fef7-7274-bbce-e7d155c3d2d1,DE,2017-06-28 19:15:10,14.99,29.99,50.0,EUR,61,2016-06-14,19.99,EUR,DE,True,False,False,False,False,False,False,379.0,-4.999999999999998,-0.25012506253126554,2017-06-28,False,False,,False
381210,018d937e-fef7-7274-bbce-e7d155c3d2d1,DE,2017-06-28 19:45:05,11.99,19.99,40.0,EUR,61,2016-06-14,19.99,EUR,DE,True,False,False,False,False,False,False,379.0,-7.999999999999998,-0.40020010005002493,2017-06-28,False,False,,False
381210,018d937e-fef7-7274-bbce-e7d155c3d2d1,DE,2017-06-29 02:15:12,14.99,29.99,50.0,EUR,61,2016-06-14,19.99,EUR,DE,True,False,False,False,False,False,False,380.0,-4.999999999999998,-0.25012506253126554,2017-06-29,False,False,,False
381210,018d937e-fef7-7274-bbce-e7d155c3d2d1,DE,2017-06-29 02:45:04,11.99,19.99,40.0,EUR,61,2016-06-14,19.99,EUR,DE,True,False,False,False,False,False,False,380.0,-7.999999999999998,-0.40020010005002493,2017-06-29,False,False,,False
381210,018d937e-fef7-7274-bbce-e7d155c3d2d1,DE,2017-06-29 08:45:04,14.99,29.99,50.0,EUR,61,2016-06-14,19.99,EUR,DE,True,False,False,False,False,False,False,380.0,-4.999999999999998,-0.25012506253126554,2017-06-29,False,False,,False
381210,018d937e-fef7-7274-bbce-e7d155c3d2d1,DE,2017-06-29 09:15:13,11.99,19.99,40.0,EUR,61,2016-06-14,19.99,EUR,DE,True,False,False,False,False,False,False,380.0,-7.999999999999998,-0.40020010005002493,2017-06-29,False,False,,False
381210,018d937e-fef7-7274-bbce-e7d155c3d2d1,DE,2017-06-30 03:15:15,14.99,29.99,50.0,EUR,61,2016-06-14,19.99,EUR,DE,True,False,False,False,False,False,False,381.0,-4.999999999999998,-0.25012506253126554,2017-06-30,False,False,,False
381210,018d937e-fef7-7274-bbce-e7d155c3d2d1,DE,2017-06-30 04:15:13,11.99,19.99,40.0,EUR,61,2016-06-14,19.99,EUR,DE,True,False,False,False,False,False,False,381.0,-7.999999999999998,-0.40020010005002493,2017-06-30,False,False,,False
381210,018d937e-fef7-7274-bbce-e7d155c3d2d1,DE,2017-07-01 02:45:04,14.99,29.99,50.0,EUR,61,2016-06-14,19.99,EUR,DE,True,False,False,False,False,False,False,382.0,-4.999999999999998,-0.25012506253126554,2017-07-01,False,False,,False
381210,018d937e-fef7-7274-bbce-e7d155c3d2d1,DE,2017-07-01 05:15:12,11.99,19.99,40.0,EUR,61,2016-06-14,19.99,EUR,DE,True,False,False,False,False,False,False,382.0,-7.999999999999998,-0.40020010005002493,2017-07-01,False,False,,False
381210,018d937e-fef7-7274-bbce-e7d155c3d2d1,DE,2017-07-02 03:45:06,14.99,29.99,50.0,EUR,61,2016-06-14,19.99,EUR,DE,True,False,False,False,False,False,False,383.0,-4.999999999999998,-0.25012506253126554,2017-07-02,False,False,,False
381210,018d937e-fef7-7274-bbce-e7d155c3d2d1,DE,2017-07-02 04:15:13,11.99,19.99,40.0,EUR,61,2016-06-14,19.99,EUR,DE,True,False,False,False,False,False,False,383.0,-7.999999999999998,-0.40020010005002493,2017-07-02,False,False,,False
381210,018d937e-fef7-7274-bbce-e7d155c3d2d1,DE,2017-07-02 12:45:05,14.99,29.99,50.0,EUR,61,2016-06-14,19.99,EUR,DE,True,False,False,False,False,False,False,383.0,-4.999999999999998,-0.25012506253126554,2017-07-02,False,False,,False
381210,018d937e-fef7-7274-bbce-e7d155c3d2d1,DE,2017-07-02 13:15:14,11.99,19.99,40.0,EUR,61,2016-06-14,19.99,EUR,DE,True,False,False,False,False,False,False,383.0,-7.999999999999998,-0.40020010005002493,2017-07-02,False,False,,False
381210,018d937e-fef7-7274-bbce-e7d155c3d2d1,DE,2017-07-05 15:15:12,14.99,29.99,50.0,EUR,61,2016-06-14,19.99,EUR,DE,True,False,False,False,False,False,False,386.0,-4.999999999999998,-0.25012506253126554,2017-07-05,False,False,,False
381210,018d937e-fef7-7274-bbce-e7d155c3d2d1,DE,2017-07-05 16:15:10,11.99,19.99,40.0,EUR,61,2016-06-14,19.99,EUR,DE,True,False,False,False,False,False,False,386.0,-7.999999999999998,-0.40020010005002493,2017-07-05,False,False,,False
381210,018d937e-fef7-7274-bbce-e7d155c3d2d1,DE,2017-09-12 18:15:19,9.99,19.99,50.0,EUR,61,2016-06-14,19.99,EUR,DE,True,False,False,False,False,False,False,455.0,-9.999999999999998,-0.5002501250625312,2017-09-12,False,False,6.020717592592592,True
381210,018d937e-fef7-7274-bbce-e7d155c3d2d1,DE,2017-10-26 18:45:05,9.99,19.99,50.0,EUR,61,2016-06-14,19.99,EUR,DE,True,False,False,False,False,False,False,499.0,-9.999999999999998,-0.5002501250625312,2017-10-26,False,False,6.000011574074074,True
381210,018d937e-fef7-7274-bbce-e7d155c3d2d1,DE,2017-11-22 18:45:05,9.99,19.99,50.0,EUR,61,2016-06-14,19.99,EUR,DE,True,False,False,False,False,False,False,526.0,-9.999999999999998,-0.5002501250625312,2017-11-22,False,False,6.062615740740741,True
381210,018d937e-fef7-7274-bbce-e7d155c3d2d1,DE,2017-12-21 20:45:05,9.99,19.99,50.0,EUR,61,2016-06-14,19.99,EUR,DE,True,False,False,False,False,False,False,555.0,-9.999999999999998,-0.5002501250625312,2017-12-21,False,False,13.916689814814815,True
381210,018d937e-fef7-7274-bbce-e7d155c3d2d1,DE,2018-02-15 20:15:06,9.99,19.99,50.0,EUR,61,2016-06-14,19.99,EUR,DE,True,False,False,False,False,False,False,611.0,-9.999999999999998,-0.5002501250625312,2018-02-15,False,False,3.9374884259259257,True
381210,018d937e-fef7-7274-bbce-e7d155c3d2d1,DE,2018-05-24 20:15:07,9.99,19.99,50.0,EUR,61,2016-06-14,19.99,EUR,DE,True,False,False,False,False,False,False,709.0,-9.999999999999998,-0.5002501250625312,2018-05-24,False,False,4.124988425925926,True
381210,018d937e-fef7-7274-bbce-e7d155c3d2d1,DE,2018-05-25 05:45:06,11.99,29.99,60.0,EUR,61,2016-06-14,19.99,EUR,DE,True,False,False,False,False,False,False,710.0,-7.999999999999998,-0.40020010005002493,2018-05-25,False,False,,False
381210,018d937e-fef7-7274-bbce-e7d155c3d2d1,DE,2018-05-25 06:45:05,9.99,19.99,50.0,EUR,61,2016-06-14,19.99,EUR,DE,True,False,False,False,False,False,False,710.0,-9.999999999999998,-0.5002501250625312,2018-05-25,False,False,,False
381210,018d937e-fef7-7274-bbce-e7d155c3d2d1,DE,2018-05-26 00:15:06,11.99,29.99,60.0,EUR,61,2016-06-14,19.99,EUR,DE,True,False,False,False,False,False,False,711.0,-7.999999999999998,-0.40020010005002493,2018-05-26,False,False,,False
381210,018d937e-fef7-7274-bbce-e7d155c3d2d1,DE,2018-05-26 02:15:08,9.99,19.99,50.0,EUR,61,2016-06-14,19.99,EUR,DE,True,False,False,False,False,False,False,711.0,-9.999999999999998,-0.5002501250625312,2018-05-26,False,False,,False
381210,018d937e-fef7-7274-bbce-e7d155c3d2d1,DE,2018-05-26 06:15:07,11.99,29.99,60.0,EUR,61,2016-06-14,19.99,EUR,DE,True,False,False,False,False,False,False,711.0,-7.999999999999998,-0.40020010005002493,2018-05-26,False,False,,False
381210,018d937e-fef7-7274-bbce-e7d155c3d2d1,DE,2018-05-26 06:45:07,9.99,19.99,50.0,EUR,61,2016-06-14,19.99,EUR,DE,True,False,False,False,False,False,False,711.0,-9.999999999999998,-0.5002501250625312,2018-05-26,False,False,,False
381210,018d937e-fef7-7274-bbce-e7d155c3d2d1,DE,2018-05-27 04:15:05,11.99,29.99,60.0,EUR,61,2016-06-14,19.99,EUR,DE,True,False,False,False,False,False,False,712.0,-7.999999999999998,-0.40020010005002493,2018-05-27,False,False,,False
381210,018d937e-fef7-7274-bbce-e7d155c3d2d1,DE,2018-05-27 05:45:07,9.99,19.99,50.0,EUR,61,2016-06-14,19.99,EUR,DE,True,False,False,False,False,False,False,712.0,-9.999999999999998,-0.5002501250625312,2018-05-27,False,False,,False
381210,018d937e-fef7-7274-bbce-e7d155c3d2d1,DE,2018-05-27 09:15:07,11.99,29.99,60.0,EUR,61,2016-06-14,19.99,EUR,DE,True,False,False,False,False,False,False,712.0,-7.999999999999998,-0.40020010005002493,2018-05-27,False,False,,False
381210,018d937e-fef7-7274-bbce-e7d155c3d2d1,DE,2018-05-27 09:45:05,9.99,19.99,50.0,EUR,61,2016-06-14,19.99,EUR,DE,True,False,False,False,False,False,False,712.0,-9.999999999999998,-0.5002501250625312,2018-05-27,False,False,,False
381210,018d937e-fef7-7274-bbce-e7d155c3d2d1,DE,2018-05-27 21:45:06,11.99,29.99,60.0,EUR,61,2016-06-14,19.99,EUR,DE,True,False,False,False,False,False,False,712.0,-7.999999999999998,-0.40020010005002493,2018-05-27,False,False,,False
381210,018d937e-fef7-7274-bbce-e7d155c3d2d1,DE,2018-05-28 00:15:06,9.99,19.99,50.0,EUR,61,2016-06-14,19.99,EUR,DE,True,False,False,False,False,False,False,713.0,-9.999999999999998,-0.5002501250625312,2018-05-28,False,False,,False
381210,018d937e-fef7-7274-bbce-e7d155c3d2d1,DE,2018-05-28 05:15:07,11.99,29.99,60.0,EUR,61,2016-06-14,19.99,EUR,DE,True,False,False,False,False,False,False,713.0,-7.999999999999998,-0.40020010005002493,2018-05-28,False,False,,False
381210,018d937e-fef7-7274-bbce-e7d155c3d2d1,DE,2018-05-28 05:45:07,9.99,19.99,50.0,EUR,61,2016-06-14,19.99,EUR,DE,True,False,False,False,False,False,False,713.0,-9.999999999999998,-0.5002501250625312,2018-05-28,False,False,,False
381210,018d937e-fef7-7274-bbce-e7d155c3d2d1,DE,2018-05-28 20:15:09,11.99,29.99,60.0,EUR,61,2016-06-14,19.99,EUR,DE,True,False,False,False,False,False,False,713.0,-7.999999999999998,-0.40020010005002493,2018-05-28,False,False,,False
381210,018d937e-fef7-7274-bbce-e7d155c3d2d1,DE,2018-06-14 17:19:16,9.99,19.99,50.0,EUR,61,2016-06-14,19.99,EUR,DE,True,False,False,False,False,False,False,730.0,-9.999999999999998,-0.5002501250625312,2018-06-14,False,False,20.997592592592593,True
381210,018d937e-fef7-7274-bbce-e7d155c3d2d1,DE,2018-09-18 18:46:29,9.99,19.99,50.0,EUR,61,2016-06-14,19.99,EUR,DE,True,False,False,False,False,False,False,826.0,-9.999999999999998,-0.5002501250625312,2018-09-18,False,False,7.0232986111111115,True
381210,018d937e-fef7-7274-bbce-e7d155c3d2d1,DE,2018-10-01 16:52:06,9.99,19.99,50.0,EUR,61,2016-06-14,19.99,EUR,DE,True,False,False,False,False,False,False,839.0,-9.999999999999998,-0.5002501250625312,2018-10-01,False,False,0.029618055555555557,True
381210,018d937e-fef7-7274-bbce-e7d155c3d2d1,DE,2018-10-26 17:16:18,9.99,19.99,50.0,EUR,61,2016-06-14,19.99,EUR,DE,True,False,False,False,False,False,False,864.0,-9.999999999999998,-0.5002501250625312,2018-10-26,False,False,7.019247685185185,True
381210,018d937e-fef7-7274-bbce-e7d155c3d2d1,DE,2018-11-21 19:14:44,9.99,19.99,50.0,EUR,61,2016-06-14,19.99,EUR,DE,True,False,False,False,False,False,False,890.0,-9.999999999999998,-0.5002501250625312,2018-11-21,False,False,6.020648148148148,True
381210,018d937e-fef7-7274-bbce-e7d155c3d2d1,DE,2018-12-20 18:30:46,9.99,19.99,50.0,EUR,61,2016-06-14,19.99,EUR,DE,True,False,False,False,False,False,False,919.0,-9.999999999999998,-0.5002501250625312,2018-12-20,False,False,14.19724537037037,True
381210,018d937e-fef7-7274-bbce-e7d155c3d2d1,DE,2019-01-17 19:48:01,9.99,19.99,50.0,EUR,61,2016-06-14,19.99,EUR,DE,True,False,False,False,False,False,False,947.0,-9.999999999999998,-0.5002501250625312,2019-01-17,False,False,3.946342592592593,True
381210,018d937e-fef7-7274-bbce-e7d155c3d2d1,DE,2019-02-04 18:06:23,9.99,19.99,50.0,EUR,61,2016-06-14,19.99,EUR,DE,True,False,False,False,False,False,False,965.0,-9.999999999999998,-0.5002501250625312,2019-02-04,False,False,7.0106828703703705,True
381210,018d937e-fef7-7274-bbce-e7d155c3d2d1,DE,2019-04-04 19:01:25,9.99,19.99,50.0,EUR,61,2016-06-14,19.99,EUR,DE,True,False,False,False,False,False,False,1024.0,-9.999999999999998,-0.5002501250625312,2019-04-04,False,False,5.969224537037037,True
381210,018d937e-fef7-7274-bbce-e7d155c3d2d1,DE,2019-05-24 17:13:35,9.99,19.99,50.0,EUR,61,2016-06-14,19.99,EUR,DE,True,False,False,False,False,False,False,1074.0,-9.999999999999998,-0.5002501250625312,2019-05-24,False,False,4.001782407407408,True
381210,018d937e-fef7-7274-bbce-e7d155c3d2d1,DE,2019-06-18 17:12:22,9.99,19.99,50.0,EUR,61,2016-06-14,19.99,EUR,DE,True,False,False,False,False,False,False,1099.0,-9.999999999999998,-0.5002501250625312,2019-06-18,False,False,21.069525462962964,True
381210,018d937e-fef7-7274-bbce-e7d155c3d2d1,DE,2019-09-17 16:21:55,9.99,19.99,50.0,EUR,61,2016-06-14,19.99,EUR,DE,True,False,False,False,False,False,False,1190.0,-9.999999999999998,-0.5002501250625312,2019-09-17,False,False,8.04125,True
381210,018d937e-fef7-7274-bbce-e7d155c3d2d1,DE,2019-10-24 17:21:28,9.99,19.99,50.0,EUR,61,2016-06-14,19.99,EUR,DE,True,False,False,False,False,False,False,1227.0,-9.999999999999998,-0.5002501250625312,2019-10-24,False,False,8.004467592592592,True
381210,018d937e-fef7-7274-bbce-e7d155c3d2d1,DE,2019-11-26 18:08:34,9.99,19.99,50.0,EUR,61,2016-06-14,19.99,EUR,DE,True,False,False,False,False,False,False,1260.0,-9.999999999999998,-0.5002501250625312,2019-11-26,False,False,7.016226851851852,True
381210,018d937e-fef7-7274-bbce-e7d155c3d2d1,DE,2019-12-19 18:12:33,7.99,19.99,60.0,EUR,61,2016-06-14,19.99,EUR,DE,True,False,False,False,False,False,False,1283.0,-11.999999999999998,-0.6003001500750375,2019-12-19,False,False,14.018148148148148,True
381210,018d937e-fef7-7274-bbce-e7d155c3d2d1,DE,2020-01-22 18:21:25,7.99,19.99,60.0,EUR,61,2016-06-14,19.99,EUR,DE,True,False,False,False,False,False,False,1317.0,-11.999999999999998,-0.6003001500750375,2020-01-22,False,False,5.004583333333334,True
381210,018d937e-fef7-7274-bbce-e7d155c3d2d1,DE,2020-03-09 17:21:35,7.99,19.99,60.0,EUR,61,2016-06-14,19.99,EUR,DE,True,False,False,False,False,False,False,1364.0,-11.999999999999998,-0.6003001500750375,2020-03-09,False,False,7.999722222222222,True
381210,018d937e-fef7-7274-bbce-e7d155c3d2d1,DE,2020-04-21 17:21:29,7.99,19.99,60.0,EUR,61,2016-06-14,19.99,EUR,DE,True,False,False,False,False,False,False,1407.0,-11.999999999999998,-0.6003001500750375,2020-04-21,False,False,2.999849537037037,True
381210,018d937e-fef7-7274-bbce-e7d155c3d2d1,DE,2020-07-09 17:55:18,29.99,29.99,0.0,EUR,61,2016-06-14,19.99,EUR,DE,False,False,False,True,False,False,False,1486.0,10.0,0.5002501250625313,2020-07-09,False,False,,False
381210,018d937e-fef7-7274-bbce-e7d155c3d2d1,DE,2020-07-31 17:21:13,7.99,19.99,60.0,EUR,61,2016-06-14,19.99,EUR,DE,True,False,False,False,False,False,False,1508.0,-11.999999999999998,-0.6003001500750375,2020-07-31,False,False,7.000162037037037,True
381210,018d937e-fef7-7274-bbce-e7d155c3d2d1,DE,2020-09-08 17:21:24,7.99,19.99,60.0,EUR,61,2016-06-14,19.99,EUR,DE,True,False,False,False,False,False,False,1547.0,-11.999999999999998,-0.6003001500750375,2020-09-08,False,False,6.000532407407407,True
381210,018d937e-fef7-7274-bbce-e7d155c3d2d1,DE,2020-09-08 18:09:57,7.99,19.99,60.0,EUR,61,2016-06-14,19.99,EUR,DE,True,False,False,False,False,False,False,1547.0,-11.999999999999998,-0.6003001500750375,2020-09-08,False,False,,False
381210,018d937e-fef7-7274-bbce-e7d155c3d2d1,DE,2020-10-29 17:07:28,7.99,19.99,60.0,EUR,61,2016-06-14,19.99,EUR,DE,True,False,False,False,False,False,False,1598.0,-11.999999999999998,-0.6003001500750375,2020-10-29,False,False,4.053738425925926,True
381210,018d937e-fef7-7274-bbce-e7d155c3d2d1,DE,2020-11-25 18:23:05,7.99,19.99,60.0,EUR,61,2016-06-14,19.99,EUR,DE,True,False,False,False,False,False,False,1625.0,-11.999999999999998,-0.6003001500750375,2020-11-25,False,False,5.999525462962963,True
381210,018d937e-fef7-7274-bbce-e7d155c3d2d1,DE,2020-12-22 19:03:34,7.99,19.99,60.0,EUR,61,2016-06-14,19.99,EUR,DE,True,False,False,False,False,False,False,1652.0,-11.999999999999998,-0.6003001500750375,2020-12-22,False,False,13.992847222222222,True
381210,018d937e-fef7-7274-bbce-e7d155c3d2d1,DE,2021-02-11 19:02:46,11.99,19.99,40.0,EUR,61,2016-06-14,19.99,EUR,DE,True,False,False,False,False,False,False,1703.0,-7.999999999999998,-0.40020010005002493,2021-02-11,False,False,3.975277777777778,True
381210,018d937e-fef7-7274-bbce-e7d155c3d2d1,DE,2021-03-30 17:18:18,9.99,19.99,50.0,EUR,61,2016-06-14,19.99,EUR,DE,True,False,False,False,False,False,False,1750.0,-9.999999999999998,-0.5002501250625312,2021-03-30,False,False,14.000636574074074,True
381210,018d937e-fef7-7274-bbce-e7d155c3d2d1,DE,2021-05-05 17:18:19,12.99,19.99,35.0,EUR,61,2016-06-14,19.99,EUR,DE,True,False,False,False,False,False,False,1786.0,-6.999999999999998,-0.3501750875437718,2021-05-05,False,False,6.0003472222222225,True
381210,018d937e-fef7-7274-bbce-e7d155c3d2d1,DE,2021-06-15 17:18:15,11.99,19.99,40.0,EUR,61,2016-06-14,19.99,EUR,DE,True,False,False,False,False,False,False,1827.0,-7.999999999999998,-0.40020010005002493,2021-06-15,False,False,28.99326388888889,True
381210,018d937e-fef7-7274-bbce-e7d155c3d2d1,DE,2021-09-07 17:19:12,9.99,19.99,50.0,EUR,61,2016-06-14,19.99,EUR,DE,True,False,False,False,False,False,False,1911.0,-9.999999999999998,-0.5002501250625312,2021-09-07,False,False,13.007939814814815,True
381210,018d937e-fef7-7274-bbce-e7d155c3d2d1,DE,2021-10-19 17:03:14,9.99,19.99,50.0,EUR,61,2016-06-14,19.99,EUR,DE,True,False,False,False,False,False,False,1953.0,-9.999999999999998,-0.5002501250625312,2021-10-19,False,False,13.053622685185186,True
381210,018d937e-fef7-7274-bbce-e7d155c3d2d1,DE,2021-11-30 18:54:32,9.99,19.99,50.0,EUR,61,2016-06-14,19.99,EUR,DE,True,False,False,False,False,False,False,1995.0,-9.999999999999998,-0.5002501250625312,2021-11-30,False,False,6.975011574074074,True
381210,018d937e-fef7-7274-bbce-e7d155c3d2d1,DE,2021-12-22 23:07:51,9.99,19.99,50.0,EUR,61,2016-06-14,19.99,EUR,DE,True,False,False,False,False,False,False,2017.0,-9.999999999999998,-0.5002501250625312,2021-12-22,False,False,13.809872685185185,True
381210,018d937e-fef7-7274-bbce-e7d155c3d2d1,DE,2022-01-27 18:38:00,9.99,19.99,50.0,EUR,61,2016-06-14,19.99,EUR,DE,True,False,False,False,False,False,False,2053.0,-9.999999999999998,-0.5002501250625312,2022-01-27,False,False,11.026388888888889,True
381210,018d937e-fef7-7274-bbce-e7d155c3d2d1,DE,2022-03-08 18:19:36,9.99,19.99,50.0,EUR,61,2016-06-14,19.99,EUR,DE,True,False,False,False,False,False,False,2093.0,-9.999999999999998,-0.5002501250625312,2022-03-08,False,False,13.957951388888889,True
381210,018d937e-fef7-7274-bbce-e7d155c3d2d1,DE,2022-04-26 17:19:10,9.99,19.99,50.0,EUR,61,2016-06-14,19.99,EUR,DE,True,False,False,False,False,False,False,2142.0,-9.999999999999998,-0.5002501250625312,2022-04-26,False,False,13.999618055555555,True
381210,018d937e-fef7-7274-bbce-e7d155c3d2d1,DE,2022-06-07 17:06:01,7.99,19.99,60.0,EUR,61,2016-06-14,19.99,EUR,DE,True,False,False,False,False,False,False,2184.0,-11.999999999999998,-0.6003001500750375,2022-06-07,False,False,13.998020833333333,True
381210,018d937e-fef7-7274-bbce-e7d155c3d2d1,DE,2022-06-23 18:13:57,7.99,19.99,60.0,EUR,61,2016-06-14,19.99,EUR,DE,True,False,False,False,False,False,False,2200.0,-11.999999999999998,-0.6003001500750375,2022-06-23,False,False,13.964340277777778,True
381210,018d937e-fef7-7274-bbce-e7d155c3d2d1,DE,2022-07-19 17:12:10,7.99,19.99,60.0,EUR,61,2016-06-14,19.99,EUR,DE,True,False,False,False,False,False,False,2226.0,-11.999999999999998,-0.6003001500750375,2022-07-19,False,False,12.995023148148148,True
381210,018d937e-fef7-7274-bbce-e7d155c3d2d1,DE,2022-08-30 17:19:01,7.99,19.99,60.0,EUR,61,2016-06-14,19.99,EUR,DE,True,False,False,False,False,False,False,2268.0,-11.999999999999998,-0.6003001500750375,2022-08-30,False,False,12.991284722222222,True
381210,018d937e-fef7-7274-bbce-e7d155c3d2d1,DE,2022-10-18 17:19:56,7.99,19.99,60.0,EUR,61,2016-06-14,19.99,EUR,DE,True,False,False,False,False,False,False,2317.0,-11.999999999999998,-0.6003001500750375,2022-10-18,False,False,13.999050925925927,True
381210,018d937e-fef7-7274-bbce-e7d155c3d2d1,DE,2022-11-22 19:29:03,7.99,19.99,60.0,EUR,61,2016-06-14,19.99,EUR,DE,True,False,False,False,False,False,False,2352.0,-11.999999999999998,-0.6003001500750375,2022-11-22,False,False,6.945208333333333,True
381210,018d937e-fef7-7274-bbce-e7d155c3d2d1,DE,2022-12-22 18:56:33,6.99,19.99,65.0,EUR,61,2016-06-14,19.99,EUR,DE,True,False,False,False,False,False,False,2382.0,-12.999999999999998,-0.6503251625812906,2022-12-22,False,False,20.988587962962963,True
381210,018d937e-fef7-7274-bbce-e7d155c3d2d1,DE,2023-03-07 15:18:11,7.99,19.99,60.0,EUR,61,2016-06-14,19.99,EUR,DE,True,False,False,False,False,False,False,2457.0,-11.999999999999998,-0.6003001500750375,2023-03-07,False,False,9.000046296296297,True
381210,018d937e-fef7-7274-bbce-e7d155c3d2d1,DE,2023-03-16 21:07:01,7.99,19.99,60.0,EUR,61,2016-06-14,19.99,EUR,DE,True,False,False,False,False,False,False,2466.0,-11.999999999999998,-0.6003001500750375,2023-03-16,False,False,7.031342592592592,True
381210,018d937e-fef7-7274-bbce-e7d155c3d2d1,DE,2023-04-20 17:18:23,7.99,19.99,60.0,EUR,61,2016-06-14,19.99,EUR,DE,True,False,False,False,False,False,False,2501.0,-11.999999999999998,-0.6003001500750375,2023-04-20,False,False,9.99986111111111,True
381210,018d937e-fef7-7274-bbce-e7d155c3d2d1,DE,2023-06-13 17:18:35,7.99,19.99,60.0,EUR,61,2016-06-14,19.99,EUR,DE,True,False,False,False,False,False,False,2555.0,-11.999999999999998,-0.6003001500750375,2023-06-13,False,False,7.999803240740741,True
381210,018d937e-fef7-7274-bbce-e7d155c3d2d1,DE,2023-06-29 22:34:45,7.99,7.99,0.0,EUR,61,2016-06-14,19.99,EUR,DE,False,False,False,True,False,False,False,2571.0,-11.999999999999998,-0.6003001500750375,2023-06-29,False,False,,False
381210,018d937e-fef7-7274-bbce-e7d155c3d2d1,DE,2023-07-13 17:20:54,19.99,19.99,0.0,EUR,61,2016-06-14,19.99,EUR,DE,False,False,False,True,False,False,False,2585.0,0.0,0.0,2023-07-13,False,False,,False
381210,018d937e-fef7-7274-bbce-e7d155c3d2d1,DE,2023-07-25 17:09:09,7.99,7.99,0.0,EUR,61,2016-06-14,19.99,EUR,DE,False,False,False,True,False,False,False,2597.0,-11.999999999999998,-0.6003001500750375,2023-07-25,False,False,,False
381210,018d937e-fef7-7274-bbce-e7d155c3d2d1,DE,2023-08-01 17:06:15,19.99,19.99,0.0,EUR,61,2016-06-14,19.99,EUR,DE,False,False,False,True,False,False,False,2604.0,0.0,0.0,2023-08-01,False,False,,False
381210,018d937e-fef7-7274-bbce-e7d155c3d2d1,DE,2023-08-31 17:18:36,9.99,19.99,50.0,EUR,61,2016-06-14,19.99,EUR,DE,True,False,False,False,False,False,False,2634.0,-9.999999999999998,-0.5002501250625312,2023-08-31,False,False,12.004027777777777,True
381210,018d937e-fef7-7274-bbce-e7d155c3d2d1,DE,2023-10-19 17:12:40,7.99,19.99,60.0,EUR,61,2016-06-14,19.99,EUR,DE,True,False,False,False,False,False,False,2683.0,-11.999999999999998,-0.6003001500750375,2023-10-19,False,False,14.004826388888889,True
381210,018d937e-fef7-7274-bbce-e7d155c3d2d1,DE,2023-11-21 18:52:11,7.99,19.99,60.0,EUR,61,2016-06-14,19.99,EUR,DE,True,False,False,False,False,False,False,2716.0,-11.999999999999998,-0.6003001500750375,2023-11-21,False,False,6.978935185185185,True
381210,018d937e-fef7-7274-bbce-e7d155c3d2d1,DE,2023-12-21 19:25:01,6.99,19.99,65.0,EUR,61,2016-06-14,19.99,EUR,DE,True,False,False,False,False,False,False,2746.0,-12.999999999999998,-0.6503251625812906,2023-12-21,False,False,13.978171296296296,True
381210,018d937e-fef7-7274-bbce-e7d155c3d2d1,DE,2024-01-29 18:33:54,7.99,19.99,60.0,EUR,61,2016-06-14,19.99,EUR,DE,True,False,False,False,False,False,False,2785.0,-11.999999999999998,-0.6003001500750375,2024-01-29,False,False,12.294270833333334,True
381210,018d937e-fef7-7274-bbce-e7d155c3d2d1,DE,2024-03-12 17:15:15,7.99,19.99,60.0,EUR,61,2016-06-14,19.99,EUR,DE,True,False,False,False,False,False,False,2828.0,-11.999999999999998,-0.6003001500750375,2024-03-12,False,False,9.004548611111112,True
381210,018d937e-fef7-7274-bbce-e7d155c3d2d1,DE,2024-04-23 17:15:12,7.99,19.99,60.0,EUR,61,2016-06-14,19.99,EUR,DE,True,False,False,False,False,False,False,2870.0,-11.999999999999998,-0.6003001500750375,2024-04-23,False,False,9.000335648148148,True
381210,018d937e-fef7-7274-bbce-e7d155c3d2d1,DE,2024-06-03 17:16:18,7.99,19.99,60.0,EUR,61,2016-06-14,19.99,EUR,DE,True,False,False,False,False,False,False,2911.0,-11.999999999999998,-0.6003001500750375,2024-06-03,False,False,13.999664351851852,True
381210,018d937e-fef7-7274-bbce-e7d155c3d2d1,DE,2024-06-27 18:36:44,7.99,19.99,60.0,EUR,61,2016-06-14,19.99,EUR,DE,True,False,False,False,False,False,False,2935.0,-11.999999999999998,-0.6003001500750375,2024-06-27,False,False,13.94994212962963,True
381210,018d937e-fef7-7274-bbce-e7d155c3d2d1,DE,2024-07-25 17:15:59,7.99,19.99,60.0,EUR,61,2016-06-14,19.99,EUR,DE,True,False,False,False,False,False,False,2963.0,-11.999999999999998,-0.6003001500750375,2024-07-25,False,False,13.999583333333334,True
381210,018d937e-fef7-7274-bbce-e7d155c3d2d1,DE,2024-10-20 17:15:23,7.99,19.99,60.0,EUR,61,2016-06-14,19.99,EUR,DE,True,False,False,False,False,False,False,3050.0,-11.999999999999998,-0.6003001500750375,2024-10-20,False,False,13.999907407407408,True
381210,018d937e-fef7-7274-bbce-e7d155c3d2d1,DE,2024-11-27 21:34:36,7.99,19.99,60.0,EUR,61,2016-06-14,19.99,EUR,DE,True,False,False,False,False,False,False,3088.0,-11.999999999999998,-0.6003001500750375,2024-11-27,False,False,6.867789351851852,True
381210,018d937e-fef7-7274-bbce-e7d155c3d2d1,DE,2024-12-19 21:26:49,6.99,19.99,65.0,EUR,61,2016-06-14,19.99,EUR,DE,True,False,False,False,False,False,False,3110.0,-12.999999999999998,-0.6503251625812906,2024-12-19,False,False,13.872719907407408,True
381210,018d937e-fef7-7274-bbce-e7d155c3d2d1,DE,2025-02-10 18:26:04,7.99,19.99,60.0,EUR,61,2016-06-14,19.99,EUR,DE,True,False,False,False,False,False,False,3163.0,-11.999999999999998,-0.6003001500750375,2025-02-10,False,False,13.993402777777778,True
381210,018d937e-fef7-7274-bbce-e7d155c3d2d1,DE,2025-03-13 19:25:29,7.99,19.99,60.0,EUR,61,2016-06-14,19.99,EUR,DE,True,False,False,False,False,False,False,3194.0,-11.999999999999998,-0.6003001500750375,2025-03-13,False,False,6.914953703703704,True
381210,018d937e-fef7-7274-bbce-e7d155c3d2d1,DE,2025-04-02 15:18:29,7.99,19.99,60.0,EUR,61,2016-06-14,19.99,EUR,DE,True,False,False,False,False,False,False,3214.0,-11.999999999999998,-0.6003001500750375,2025-04-02,False,False,12.997754629629629,True
381210,018d937e-fef7-7274-bbce-e7d155c3d2d1,DE,2025-06-17 17:17:15,7.99,19.99,60.0,EUR,61,2016-06-14,19.99,EUR,DE,True,False,False,False,False,False,False,3290.0,-11.999999999999998,-0.6003001500750375,2025-06-17,False,False,23.006203703703704,True
381210,018d937e-fef7-7274-bbce-e7d155c3d2d1,DE,2025-07-29 16:15:25,7.99,19.99,60.0,EUR,61,2016-06-14,19.99,EUR,DE,True,False,False,False,False,False,False,3332.0,-11.999999999999998,-0.6003001500750375,2025-07-29,False,False,13.999918981481482,True
381210,018d937e-fef7-7274-bbce-e7d155c3d2d1,DE,2025-09-29 20:42:47,7.99,19.99,60.0,EUR,61,2016-06-14,19.99,EUR,DE,True,False,False,False,False,False,False,3394.0,-11.999999999999998,-0.6003001500750375,2025-09-29,False,False,6.913206018518519,True
381210,018d937e-fef7-7274-bbce-e7d155c3d2d1,DE,2025-10-20 17:21:25,7.99,19.99,60.0,EUR,61,2016-06-14,19.99,EUR,DE,True,False,False,False,False,False,False,3415.0,-11.999999999999998,-0.6003001500750375,2025-10-20,False,False,13.998344907407407,True
381210,018d937e-fef7-7274-bbce-e7d155c3d2d1,FR,2016-07-04 17:39:22,19.99,19.99,0.0,EUR,61,2016-06-14,19.99,EUR,FR,False,False,False,False,False,False,False,20.0,0.0,0.0,2016-07-04,False,False,,False
381210,018d937e-fef7-7274-bbce-e7d155c3d2d1,FR,2016-08-18 18:15:08,16.99,19.99,15.0,EUR,61,2016-06-14,19.99,EUR,FR,True,False,False,False,False,False,False,65.0,-3.0,-0.1500750375187594,2016-08-18,False,False,4.020810185185185,True
381210,018d937e-fef7-7274-bbce-e7d155c3d2d1,FR,2016-10-28 19:45:05,13.99,19.99,30.0,EUR,61,2016-06-14,19.99,EUR,FR,True,False,False,False,False,False,False,136.0,-5.999999999999998,-0.30015007503751867,2016-10-28,False,False,3.9792939814814816,True
381210,018d937e-fef7-7274-bbce-e7d155c3d2d1,FR,2016-11-23 20:15:13,13.99,19.99,30.0,EUR,61,2016-06-14,19.99,EUR,FR,True,False,False,False,False,False,False,162.0,-5.999999999999998,-0.30015007503751867,2016-11-23,False,False,6.020752314814815,True
381210,018d937e-fef7-7274-bbce-e7d155c3d2d1,FR,2016-12-15 20:45:06,13.99,19.99,30.0,EUR,61,2016-06-14,19.99,EUR,FR,True,False,False,False,False,False,False,184.0,-5.999999999999998,-0.30015007503751867,2016-12-15,False,False,4.0,True
381210,018d937e-fef7-7274-bbce-e7d155c3d2d1,FR,2016-12-22 19:45:06,13.99,19.99,30.0,EUR,61,2016-06-14,19.99,EUR,FR,True,False,False,False,False,False,False,191.0,-5.999999999999998,-0.30015007503751867,2016-12-22,False,False,10.979282407407407,True
381210,018d937e-fef7-7274-bbce-e7d155c3d2d1,FR,2017-01-27 21:15:17,13.99,19.99,30.0,EUR,61,2016-06-14,19.99,EUR,FR,True,False,False,False,False,False,False,227.0,-5.999999999999998,-0.30015007503751867,2017-01-27,False,False,6.937372685185185,True
381210,018d937e-fef7-7274-bbce-e7d155c3d2d1,FR,2017-03-08 18:45:06,11.99,19.99,40.0,EUR,61,2016-06-14,19.99,EUR,FR,True,False,False,False,False,False,False,267.0,-7.999999999999998,-0.40020010005002493,2017-03-08,False,False,5.020949074074074,True
381210,018d937e-fef7-7274-bbce-e7d155c3d2d1,FR,2017-06-14 18:45:06,11.99,19.99,40.0,EUR,61,2016-06-14,19.99,EUR,FR,True,False,False,False,False,False,False,365.0,-7.999999999999998,-0.40020010005002493,2017-06-14,False,False,21.041666666666668,True
381210,018d937e-fef7-7274-bbce-e7d155c3d2d1,FR,2017-06-15 20:45:05,14.99,29.99,50.0,EUR,61,2016-06-14,19.99,EUR,FR,True,False,False,False,False,False,False,366.0,-4.999999999999998,-0.25012506253126554,2017-06-15,False,False,,False
381210,018d937e-fef7-7274-bbce-e7d155c3d2d1,FR,2017-06-15 21:45:05,11.99,19.99,40.0,EUR,61,2016-06-14,19.99,EUR,FR,True,False,False,False,False,False,False,366.0,-7.999999999999998,-0.40020010005002493,2017-06-15,False,False,,False
381210,018d937e-fef7-7274-bbce-e7d155c3d2d1,FR,2017-06-15 23:15:10,14.99,29.99,50.0,EUR,61,2016-06-14,19.99,EUR,FR,True,False,False,False,False,False,False,366.0,-4.999999999999998,-0.25012506253126554,2017-06-15,False,False,,False
381210,018d937e-fef7-7274-bbce-e7d155c3d2d1,FR,2017-06-16 00:45:05,11.99,19.99,40.0,EUR,61,2016-06-14,19.99,EUR,FR,True,False,False,False,False,False,False,367.0,-7.999999999999998,-0.40020010005002493,2017-06-16,False,False,,False
381210,018d937e-fef7-7274-bbce-e7d155c3d2d1,FR,2017-06-16 11:45:05,14.99,29.99,50.0,EUR,61,2016-06-14,19.99,EUR,FR,True,False,False,False,False,False,False,367.0,-4.999999999999998,-0.25012506253126554,2017-06-16,False,False,,False
381210,018d937e-fef7-7274-bbce-e7d155c3d2d1,FR,2017-06-16 12:15:08,11.99,19.99,40.0,EUR,61,2016-06-14,19.99,EUR,FR,True,False,False,False,False,False,False,367.0,-7.999999999999998,-0.40020010005002493,2017-06-16,False,False,,False
381210,018d937e-fef7-7274-bbce-e7d155c3d2d1,FR,2017-06-16 22:45:04,14.99,29.99,50.0,EUR,61,2016-06-14,19.99,EUR,FR,True,False,False,False,False,False,False,367.0,-4.999999999999998,-0.25012506253126554,2017-06-16,False,False,,False
381210,018d937e-fef7-7274-bbce-e7d155c3d2d1,FR,2017-06-17 00:15:07,11.99,19.99,40.0,EUR,61,2016-06-14,19.99,EUR,FR,True,False,False,False,False,False,False,368.0,-7.999999999999998,-0.40020010005002493,2017-06-17,False,False,,False
381210,018d937e-fef7-7274-bbce-e7d155c3d2d1,FR,2017-06-17 06:15:13,14.99,29.99,50.0,EUR,61,2016-06-14,19.99,EUR,FR,True,False,False,False,False,False,False,368.0,-4.999999999999998,-0.25012506253126554,2017-06-17,False,False,,False
381210,018d937e-fef7-7274-bbce-e7d155c3d2d1,FR,2017-06-17 06:45:06,11.99,19.99,40.0,EUR,61,2016-06-14,19.99,EUR,FR,True,False,False,False,False,False,False,368.0,-7.999999999999998,-0.40020010005002493,2017-06-17,False,False,,False
381210,018d937e-fef7-7274-bbce-e7d155c3d2d1,FR,2017-06-17 19:15:07,14.99,29.99,50.0,EUR,61,2016-06-14,19.99,EUR,FR,True,False,False,False,False,False,False,368.0,-4.999999999999998,-0.25012506253126554,2017-06-17,False,False,,False
381210,018d937e-fef7-7274-bbce-e7d155c3d2d1,FR,2017-06-17 19:45:07,11.99,19.99,40.0,EUR,61,2016-06-14,19.99,EUR,FR,True,False,False,False,False,False,False,368.0,-7.999999999999998,-0.40020010005002493,2017-06-17,False,False,,False
381210,018d937e-fef7-7274-bbce-e7d155c3d2d1,FR,2017-06-18 09:45:07,14.99,29.99,50.0,EUR,61,2016-06-14,19.99,EUR,FR,True,False,False,False,False,False,False,369.0,-4.999999999999998,-0.25012506253126554,2017-06-18,False,False,,False
381210,018d937e-fef7-7274-bbce-e7d155c3d2d1,FR,2017-06-18 10:15:08,11.99,19.99,40.0,EUR,61,2016-06-14,19.99,EUR,FR,True,False,False,False,False,False,False,369.0,-7.999999999999998,-0.40020010005002493,2017-06-18,False,False,,False
381210,018d937e-fef7-7274-bbce-e7d155c3d2d1,FR,2017-06-18 12:45:04,14.99,29.99,50.0,EUR,61,2016-06-14,19.99,EUR,FR,True,False,False,False,False,False,False,369.0,-4.999999999999998,-0.25012506253126554,2017-06-18,False,False,,False
381210,018d937e-fef7-7274-bbce-e7d155c3d2d1,FR,2017-06-18 14:15:08,11.99,19.99,40.0,EUR,61,2016-06-14,19.99,EUR,FR,True,False,False,False,False,False,False,369.0,-7.999999999999998,-0.40020010005002493,2017-06-18,False,False,,False
381210,018d937e-fef7-7274-bbce-e7d155c3d2d1,FR,2017-06-21 04:15:09,14.99,29.99,50.0,EUR,61,2016-06-14,19.99,EUR,FR,True,False,False,False,False,False,False,372.0,-4.999999999999998,-0.25012506253126554,2017-06-21,False,False,,False
381210,018d937e-fef7-7274-bbce-e7d155c3d2d1,FR,2017-06-21 06:15:07,11.99,19.99,40.0,EUR,61,2016-06-14,19.99,EUR,FR,True,False,False,False,False,False,False,372.0,-7.999999999999998,-0.40020010005002493,2017-06-21,False,False,,False
381210,018d937e-fef7-7274-bbce-e7d155c3d2d1,FR,2017-06-21 08:45:07,14.99,29.99,50.0,EUR,61,2016-06-14,19.99,EUR,FR,True,False,False,False,False,False,False,372.0,-4.999999999999998,-0.25012506253126554,2017-06-21,False,False,,False
381210,018d937e-fef7-7274-bbce-e7d155c3d2d1,FR,2017-06-21 09:45:06,11.99,19.99,40.0,EUR,61,2016-06-14,19.99,EUR,FR,True,False,False,False,False,False,False,372.0,-7.999999999999998,-0.40020010005002493,2017-06-21,False,False,,False
381210,018d937e-fef7-7274-bbce-e7d155c3d2d1,FR,2017-06-24 11:15:10,14.99,29.99,50.0,EUR,61,2016-06-14,19.99,EUR,FR,True,False,False,False,False,False,False,375.0,-4.999999999999998,-0.25012506253126554,2017-06-24,False,False,,False
381210,018d937e-fef7-7274-bbce-e7d155c3d2d1,FR,2017-06-24 12:15:09,11.99,19.99,40.0,EUR,61,2016-06-14,19.99,EUR,FR,True,False,False,False,False,False,False,375.0,-7.999999999999998,-0.40020010005002493,2017-06-24,False,False,,False
381210,018d937e-fef7-7274-bbce-e7d155c3d2d1,FR,2017-06-26 02:45:04,14.99,29.99,50.0,EUR,61,2016-06-14,19.99,EUR,FR,True,False,False,False,False,False,False,377.0,-4.999999999999998,-0.25012506253126554,2017-06-26,False,False,,False
381210,018d937e-fef7-7274-bbce-e7d155c3d2d1,FR,2017-06-26 04:45:06,11.99,19.99,40.0,EUR,61,2016-06-14,19.99,EUR,FR,True,False,False,False,False,False,False,377.0,-7.999999999999998,-0.40020010005002493,2017-06-26,False,False,,False
381210,018d937e-fef7-7274-bbce-e7d155c3d2d1,FR,2017-06-26 19:45:06,14.99,29.99,50.0,EUR,61,2016-06-14,19.99,EUR,FR,True,False,False,False,False,False,False,377.0,-4.999999999999998,-0.25012506253126554,2017-06-26,False,False,,False
381210,018d937e-fef7-7274-bbce-e7d155c3d2d1,FR,2017-06-26 21:15:10,11.99,19.99,40.0,EUR,61,2016-06-14,19.99,EUR,FR,True,False,False,False,False,False,False,377.0,-7.999999999999998,-0.40020010005002493,2017-06-26,False,False,,False
381210,018d937e-fef7-7274-bbce-e7d155c3d2d1,FR,2017-06-27 04:15:10,14.99,29.99,50.0,EUR,61,2016-06-14,19.99,EUR,FR,True,False,False,False,False,False,False,378.0,-4.999999999999998,-0.25012506253126554,2017-06-27,False,False,,False
381210,018d937e-fef7-7274-bbce-e7d155c3d2d1,FR,2017-06-27 06:15:10,11.99,19.99,40.0,EUR,61,2016-06-14,19.99,EUR,FR,True,False,False,False,False,False,False,378.0,-7.999999999999998,-0.40020010005002493,2017-06-27,False,False,,False
381210,018d937e-fef7-7274-bbce-e7d155c3d2d1,FR,2017-06-28 19:15:10,14.99,29.99,50.0,EUR,61,2016-06-14,19.99,EUR,FR,True,False,False,False,False,False,False,379.0,-4.999999999999998,-0.25012506253126554,2017-06-28,False,False,,False
381210,018d937e-fef7-7274-bbce-e7d155c3d2d1,FR,2017-06-28 19:45:05,11.99,19.99,40.0,EUR,61,2016-06-14,19.99,EUR,FR,True,False,False,False,False,False,False,379.0,-7.999999999999998,-0.40020010005002493,2017-06-28,False,False,,False
381210,018d937e-fef7-7274-bbce-e7d155c3d2d1,FR,2017-06-29 02:15:12,14.99,29.99,50.0,EUR,61,2016-06-14,19.99,EUR,FR,True,False,False,False,False,False,False,380.0,-4.999999999999998,-0.25012506253126554,2017-06-29,False,False,,False
381210,018d937e-fef7-7274-bbce-e7d155c3d2d1,FR,2017-06-29 02:45:04,11.99,19.99,40.0,EUR,61,2016-06-14,19.99,EUR,FR,True,False,False,False,False,False,False,380.0,-7.999999999999998,-0.40020010005002493,2017-06-29,False,False,,False
381210,018d937e-fef7-7274-bbce-e7d155c3d2d1,FR,2017-06-29 08:45:04,14.99,29.99,50.0,EUR,61,2016-06-14,19.99,EUR,FR,True,False,False,False,False,False,False,380.0,-4.999999999999998,-0.25012506253126554,2017-06-29,False,False,,False
381210,018d937e-fef7-7274-bbce-e7d155c3d2d1,FR,2017-06-29 09:15:13,11.99,19.99,40.0,EUR,61,2016-06-14,19.99,EUR,FR,True,False,False,False,False,False,False,380.0,-7.999999999999998,-0.40020010005002493,2017-06-29,False,False,,False
381210,018d937e-fef7-7274-bbce-e7d155c3d2d1,FR,2017-06-30 03:15:15,14.99,29.99,50.0,EUR,61,2016-06-14,19.99,EUR,FR,True,False,False,False,False,False,False,381.0,-4.999999999999998,-0.25012506253126554,2017-06-30,False,False,,False
381210,018d937e-fef7-7274-bbce-e7d155c3d2d1,FR,2017-06-30 04:15:13,11.99,19.99,40.0,EUR,61,2016-06-14,19.99,EUR,FR,True,False,False,False,False,False,False,381.0,-7.999999999999998,-0.40020010005002493,2017-06-30,False,False,,False
381210,018d937e-fef7-7274-bbce-e7d155c3d2d1,FR,2017-07-01 02:45:04,14.99,29.99,50.0,EUR,61,2016-06-14,19.99,EUR,FR,True,False,False,False,False,False,False,382.0,-4.999999999999998,-0.25012506253126554,2017-07-01,False,False,,False
381210,018d937e-fef7-7274-bbce-e7d155c3d2d1,FR,2017-07-01 05:15:12,11.99,19.99,40.0,EUR,61,2016-06-14,19.99,EUR,FR,True,False,False,False,False,False,False,382.0,-7.999999999999998,-0.40020010005002493,2017-07-01,False,False,,False
381210,018d937e-fef7-7274-bbce-e7d155c3d2d1,FR,2017-07-02 03:45:06,14.99,29.99,50.0,EUR,61,2016-06-14,19.99,EUR,FR,True,False,False,False,False,False,False,383.0,-4.999999999999998,-0.25012506253126554,2017-07-02,False,False,,False
381210,018d937e-fef7-7274-bbce-e7d155c3d2d1,FR,2017-07-02 04:15:13,11.99,19.99,40.0,EUR,61,2016-06-14,19.99,EUR,FR,True,False,False,False,False,False,False,383.0,-7.999999999999998,-0.40020010005002493,2017-07-02,False,False,,False
381210,018d937e-fef7-7274-bbce-e7d155c3d2d1,FR,2017-07-02 12:45:05,14.99,29.99,50.0,EUR,61,2016-06-14,19.99,EUR,FR,True,False,False,False,False,False,False,383.0,-4.999999999999998,-0.25012506253126554,2017-07-02,False,False,,False
381210,018d937e-fef7-7274-bbce-e7d155c3d2d1,FR,2017-07-02 13:15:14,11.99,19.99,40.0,EUR,61,2016-06-14,19.99,EUR,FR,True,False,False,False,False,False,False,383.0,-7.999999999999998,-0.40020010005002493,2017-07-02,False,False,,False
381210,018d937e-fef7-7274-bbce-e7d155c3d2d1,FR,2017-07-05 15:15:12,14.99,29.99,50.0,EUR,61,2016-06-14,19.99,EUR,FR,True,False,False,False,False,False,False,386.0,-4.999999999999998,-0.25012506253126554,2017-07-05,False,False,,False
381210,018d937e-fef7-7274-bbce-e7d155c3d2d1,FR,2017-07-05 16:15:10,11.99,19.99,40.0,EUR,61,2016-06-14,19.99,EUR,FR,True,False,False,False,False,False,False,386.0,-7.999999999999998,-0.40020010005002493,2017-07-05,False,False,,False
381210,018d937e-fef7-7274-bbce-e7d155c3d2d1,FR,2017-09-12 18:15:19,9.99,19.99,50.0,EUR,61,2016-06-14,19.99,EUR,FR,True,False,False,False,False,False,False,455.0,-9.999999999999998,-0.5002501250625312,2017-09-12,False,False,6.020717592592592,True
381210,018d937e-fef7-7274-bbce-e7d155c3d2d1,FR,2017-10-26 18:45:05,9.99,19.99,50.0,EUR,61,2016-06-14,19.99,EUR,FR,True,False,False,False,False,False,False,499.0,-9.999999999999998,-0.5002501250625312,2017-10-26,False,False,6.000011574074074,True
381210,018d937e-fef7-7274-bbce-e7d155c3d2d1,FR,2017-11-22 18:45:05,9.99,19.99,50.0,EUR,61,2016-06-14,19.99,EUR,FR,True,False,False,False,False,False,False,526.0,-9.999999999999998,-0.5002501250625312,2017-11-22,False,False,6.062615740740741,True
381210,018d937e-fef7-7274-bbce-e7d155c3d2d1,FR,2017-12-21 20:45:05,9.99,19.99,50.0,EUR,61,2016-06-14,19.99,EUR,FR,True,False,False,False,False,False,False,555.0,-9.999999999999998,-0.5002501250625312,2017-12-21,False,False,13.916689814814815,True
381210,018d937e-fef7-7274-bbce-e7d155c3d2d1,FR,2018-02-15 20:15:06,9.99,19.99,50.0,EUR,61,2016-06-14,19.99,EUR,FR,True,False,False,False,False,False,False,611.0,-9.999999999999998,-0.5002501250625312,2018-02-15,False,False,3.9374884259259257,True
381210,018d937e-fef7-7274-bbce-e7d155c3d2d1,FR,2018-05-24 20:15:07,9.99,19.99,50.0,EUR,61,2016-06-14,19.99,EUR,FR,True,False,False,False,False,False,False,709.0,-9.999999999999998,-0.5002501250625312,2018-05-24,False,False,4.124988425925926,True
381210,018d937e-fef7-7274-bbce-e7d155c3d2d1,FR,2018-05-25 05:45:06,11.99,29.99,60.0,EUR,61,2016-06-14,19.99,EUR,FR,True,False,False,False,False,False,False,710.0,-7.999999999999998,-0.40020010005002493,2018-05-25,False,False,,False
381210,018d937e-fef7-7274-bbce-e7d155c3d2d1,FR,2018-05-25 06:45:05,9.99,19.99,50.0,EUR,61,2016-06-14,19.99,EUR,FR,True,False,False,False,False,False,False,710.0,-9.999999999999998,-0.5002501250625312,2018-05-25,False,False,,False
381210,018d937e-fef7-7274-bbce-e7d155c3d2d1,FR,2018-05-26 00:15:06,11.99,29.99,60.0,EUR,61,2016-06-14,19.99,EUR,FR,True,False,False,False,False,False,False,711.0,-7.999999999999998,-0.40020010005002493,2018-05-26,False,False,,False
381210,018d937e-fef7-7274-bbce-e7d155c3d2d1,FR,2018-05-26 02:15:08,9.99,19.99,50.0,EUR,61,2016-06-14,19.99,EUR,FR,True,False,False,False,False,False,False,711.0,-9.999999999999998,-0.5002501250625312,2018-05-26,False,False,,False
381210,018d937e-fef7-7274-bbce-e7d155c3d2d1,FR,2018-05-26 06:15:07,11.99,29.99,60.0,EUR,61,2016-06-14,19.99,EUR,FR,True,False,False,False,False,False,False,711.0,-7.999999999999998,-0.40020010005002493,2018-05-26,False,False,,False
381210,018d937e-fef7-7274-bbce-e7d155c3d2d1,FR,2018-05-26 06:45:07,9.99,19.99,50.0,EUR,61,2016-06-14,19.99,EUR,FR,True,False,False,False,False,False,False,711.0,-9.999999999999998,-0.5002501250625312,2018-05-26,False,False,,False
381210,018d937e-fef7-7274-bbce-e7d155c3d2d1,FR,2018-05-27 04:15:05,11.99,29.99,60.0,EUR,61,2016-06-14,19.99,EUR,FR,True,False,False,False,False,False,False,712.0,-7.999999999999998,-0.40020010005002493,2018-05-27,False,False,,False
381210,018d937e-fef7-7274-bbce-e7d155c3d2d1,FR,2018-05-27 05:45:07,9.99,19.99,50.0,EUR,61,2016-06-14,19.99,EUR,FR,True,False,False,False,False,False,False,712.0,-9.999999999999998,-0.5002501250625312,2018-05-27,False,False,,False
381210,018d937e-fef7-7274-bbce-e7d155c3d2d1,FR,2018-05-27 09:15:07,11.99,29.99,60.0,EUR,61,2016-06-14,19.99,EUR,FR,True,False,False,False,False,False,False,712.0,-7.999999999999998,-0.40020010005002493,2018-05-27,False,False,,False
381210,018d937e-fef7-7274-bbce-e7d155c3d2d1,FR,2018-05-27 09:45:05,9.99,19.99,50.0,EUR,61,2016-06-14,19.99,EUR,FR,True,False,False,False,False,False,False,712.0,-9.999999999999998,-0.5002501250625312,2018-05-27,False,False,,False
381210,018d937e-fef7-7274-bbce-e7d155c3d2d1,FR,2018-05-27 21:45:06,11.99,29.99,60.0,EUR,61,2016-06-14,19.99,EUR,FR,True,False,False,False,False,False,False,712.0,-7.999999999999998,-0.40020010005002493,2018-05-27,False,False,,False
381210,018d937e-fef7-7274-bbce-e7d155c3d2d1,FR,2018-05-28 00:15:06,9.99,19.99,50.0,EUR,61,2016-06-14,19.99,EUR,FR,True,False,False,False,False,False,False,713.0,-9.999999999999998,-0.5002501250625312,2018-05-28,False,False,,False
381210,018d937e-fef7-7274-bbce-e7d155c3d2d1,FR,2018-05-28 05:15:07,11.99,29.99,60.0,EUR,61,2016-06-14,19.99,EUR,FR,True,False,False,False,False,False,False,713.0,-7.999999999999998,-0.40020010005002493,2018-05-28,False,False,,False
381210,018d937e-fef7-7274-bbce-e7d155c3d2d1,FR,2018-05-28 05:45:07,9.99,19.99,50.0,EUR,61,2016-06-14,19.99,EUR,FR,True,False,False,False,False,False,False,713.0,-9.999999999999998,-0.5002501250625312,2018-05-28,False,False,,False
381210,018d937e-fef7-7274-bbce-e7d155c3d2d1,FR,2018-05-28 20:15:09,11.99,29.99,60.0,EUR,61,2016-06-14,19.99,EUR,FR,True,False,False,False,False,False,False,713.0,-7.999999999999998,-0.40020010005002493,2018-05-28,False,False,,False
381210,018d937e-fef7-7274-bbce-e7d155c3d2d1,FR,2018-06-14 17:19:16,9.99,19.99,50.0,EUR,61,2016-06-14,19.99,EUR,FR,True,False,False,False,False,False,False,730.0,-9.999999999999998,-0.5002501250625312,2018-06-14,False,False,20.997592592592593,True
381210,018d937e-fef7-7274-bbce-e7d155c3d2d1,FR,2018-09-18 18:46:29,9.99,19.99,50.0,EUR,61,2016-06-14,19.99,EUR,FR,True,False,False,False,False,False,False,826.0,-9.999999999999998,-0.5002501250625312,2018-09-18,False,False,7.0232986111111115,True
381210,018d937e-fef7-7274-bbce-e7d155c3d2d1,FR,2018-10-01 16:52:06,9.99,19.99,50.0,EUR,61,2016-06-14,19.99,EUR,FR,True,False,False,False,False,False,False,839.0,-9.999999999999998,-0.5002501250625312,2018-10-01,False,False,0.029618055555555557,True
381210,018d937e-fef7-7274-bbce-e7d155c3d2d1,FR,2018-10-26 17:16:18,9.99,19.99,50.0,EUR,61,2016-06-14,19.99,EUR,FR,True,False,False,False,False,False,False,864.0,-9.999999999999998,-0.5002501250625312,2018-10-26,False,False,7.019247685185185,True
381210,018d937e-fef7-7274-bbce-e7d155c3d2d1,FR,2018-11-21 19:14:44,9.99,19.99,50.0,EUR,61,2016-06-14,19.99,EUR,FR,True,False,False,False,False,False,False,890.0,-9.999999999999998,-0.5002501250625312,2018-11-21,False,False,6.020648148148148,True
381210,018d937e-fef7-7274-bbce-e7d155c3d2d1,FR,2018-12-20 18:30:46,9.99,19.99,50.0,EUR,61,2016-06-14,19.99,EUR,FR,True,False,False,False,False,False,False,919.0,-9.999999999999998,-0.5002501250625312,2018-12-20,False,False,14.19724537037037,True
381210,018d937e-fef7-7274-bbce-e7d155c3d2d1,FR,2019-01-17 19:48:01,9.99,19.99,50.0,EUR,61,2016-06-14,19.99,EUR,FR,True,False,False,False,False,False,False,947.0,-9.999999999999998,-0.5002501250625312,2019-01-17,False,False,3.946342592592593,True
381210,018d937e-fef7-7274-bbce-e7d155c3d2d1,FR,2019-02-04 18:06:23,9.99,19.99,50.0,EUR,61,2016-06-14,19.99,EUR,FR,True,False,False,False,False,False,False,965.0,-9.999999999999998,-0.5002501250625312,2019-02-04,False,False,7.0106828703703705,True
381210,018d937e-fef7-7274-bbce-e7d155c3d2d1,FR,2019-04-04 19:01:25,9.99,19.99,50.0,EUR,61,2016-06-14,19.99,EUR,FR,True,False,False,False,False,False,False,1024.0,-9.999999999999998,-0.5002501250625312,2019-04-04,False,False,5.969224537037037,True
381210,018d937e-fef7-7274-bbce-e7d155c3d2d1,FR,2019-05-24 17:13:35,9.99,19.99,50.0,EUR,61,2016-06-14,19.99,EUR,FR,True,False,False,False,False,False,False,1074.0,-9.999999999999998,-0.5002501250625312,2019-05-24,False,False,4.001782407407408,True
381210,018d937e-fef7-7274-bbce-e7d155c3d2d1,FR,2019-06-18 17:12:22,9.99,19.99,50.0,EUR,61,2016-06-14,19.99,EUR,FR,True,False,False,False,False,False,False,1099.0,-9.999999999999998,-0.5002501250625312,2019-06-18,False,False,21.069525462962964,True
381210,018d937e-fef7-7274-bbce-e7d155c3d2d1,FR,2019-09-17 16:21:55,9.99,19.99,50.0,EUR,61,2016-06-14,19.99,EUR,FR,True,False,False,False,False,False,False,1190.0,-9.999999999999998,-0.5002501250625312,2019-09-17,False,False,8.04125,True
381210,018d937e-fef7-7274-bbce-e7d155c3d2d1,FR,2019-10-24 17:21:28,9.99,19.99,50.0,EUR,61,2016-06-14,19.99,EUR,FR,True,False,False,False,False,False,False,1227.0,-9.999999999999998,-0.5002501250625312,2019-10-24,False,False,8.004467592592592,True
381210,018d937e-fef7-7274-bbce-e7d155c3d2d1,FR,2019-11-26 18:08:34,9.99,19.99,50.0,EUR,61,2016-06-14,19.99,EUR,FR,True,False,False,False,False,False,False,1260.0,-9.999999999999998,-0.5002501250625312,2019-11-26,False,False,7.016226851851852,True
381210,018d937e-fef7-7274-bbce-e7d155c3d2d1,FR,2019-12-19 18:12:33,7.99,19.99,60.0,EUR,61,2016-06-14,19.99,EUR,FR,True,False,False,False,False,False,False,1283.0,-11.999999999999998,-0.6003001500750375,2019-12-19,False,False,14.018148148148148,True
381210,018d937e-fef7-7274-bbce-e7d155c3d2d1,FR,2020-01-22 18:21:25,7.99,19.99,60.0,EUR,61,2016-06-14,19.99,EUR,FR,True,False,False,False,False,False,False,1317.0,-11.999999999999998,-0.6003001500750375,2020-01-22,False,False,5.004583333333334,True
381210,018d937e-fef7-7274-bbce-e7d155c3d2d1,FR,2020-03-09 17:21:35,7.99,19.99,60.0,EUR,61,2016-06-14,19.99,EUR,FR,True,False,False,False,False,False,False,1364.0,-11.999999999999998,-0.6003001500750375,2020-03-09,False,False,7.999722222222222,True
381210,018d937e-fef7-7274-bbce-e7d155c3d2d1,FR,2020-04-21 17:21:29,7.99,19.99,60.0,EUR,61,2016-06-14,19.99,EUR,FR,True,False,False,False,False,False,False,1407.0,-11.999999999999998,-0.6003001500750375,2020-04-21,False,False,2.999849537037037,True
381210,018d937e-fef7-7274-bbce-e7d155c3d2d1,FR,2020-07-09 17:55:18,29.99,29.99,0.0,EUR,61,2016-06-14,19.99,EUR,FR,False,False,False,True,False,False,False,1486.0,10.0,0.5002501250625313,2020-07-09,False,False,,False
381210,018d937e-fef7-7274-bbce-e7d155c3d2d1,FR,2020-07-31 17:21:13,7.99,19.99,60.0,EUR,61,2016-06-14,19.99,EUR,FR,True,False,False,False,False,False,False,1508.0,-11.999999999999998,-0.6003001500750375,2020-07-31,False,False,7.000162037037037,True
381210,018d937e-fef7-7274-bbce-e7d155c3d2d1,FR,2020-09-08 17:21:24,7.99,19.99,60.0,EUR,61,2016-06-14,19.99,EUR,FR,True,False,False,False,False,False,False,1547.0,-11.999999999999998,-0.6003001500750375,2020-09-08,False,False,6.000532407407407,True
381210,018d937e-fef7-7274-bbce-e7d155c3d2d1,FR,2020-09-08 18:09:57,7.99,19.99,60.0,EUR,61,2016-06-14,19.99,EUR,FR,True,False,False,False,False,False,False,1547.0,-11.999999999999998,-0.6003001500750375,2020-09-08,False,False,,False
381210,018d937e-fef7-7274-bbce-e7d155c3d2d1,FR,2020-10-29 17:07:28,7.99,19.99,60.0,EUR,61,2016-06-14,19.99,EUR,FR,True,False,False,False,False,False,False,1598.0,-11.999999999999998,-0.6003001500750375,2020-10-29,False,False,4.053738425925926,True
381210,018d937e-fef7-7274-bbce-e7d155c3d2d1,FR,2020-11-25 18:23:05,7.99,19.99,60.0,EUR,61,2016-06-14,19.99,EUR,FR,True,False,False,False,False,False,False,1625.0,-11.999999999999998,-0.6003001500750375,2020-11-25,False,False,5.999525462962963,True
381210,018d937e-fef7-7274-bbce-e7d155c3d2d1,FR,2020-12-22 19:03:34,7.99,19.99,60.0,EUR,61,2016-06-14,19.99,EUR,FR,True,False,False,False,False,False,False,1652.0,-11.999999999999998,-0.6003001500750375,2020-12-22,False,False,13.992847222222222,True
381210,018d937e-fef7-7274-bbce-e7d155c3d2d1,FR,2021-02-11 19:02:46,11.99,19.99,40.0,EUR,61,2016-06-14,19.99,EUR,FR,True,False,False,False,False,False,False,1703.0,-7.999999999999998,-0.40020010005002493,2021-02-11,False,False,3.975277777777778,True
381210,018d937e-fef7-7274-bbce-e7d155c3d2d1,FR,2021-03-30 17:18:18,9.99,19.99,50.0,EUR,61,2016-06-14,19.99,EUR,FR,True,False,False,False,False,False,False,1750.0,-9.999999999999998,-0.5002501250625312,2021-03-30,False,False,14.000636574074074,True
381210,018d937e-fef7-7274-bbce-e7d155c3d2d1,FR,2021-05-05 17:18:19,12.99,19.99,35.0,EUR,61,2016-06-14,19.99,EUR,FR,True,False,False,False,False,False,False,1786.0,-6.999999999999998,-0.3501750875437718,2021-05-05,False,False,6.0003472222222225,True
381210,018d937e-fef7-7274-bbce-e7d155c3d2d1,FR,2021-06-15 17:18:15,11.99,19.99,40.0,EUR,61,2016-06-14,19.99,EUR,FR,True,False,False,False,False,False,False,1827.0,-7.999999999999998,-0.40020010005002493,2021-06-15,False,False,28.99326388888889,True
381210,018d937e-fef7-7274-bbce-e7d155c3d2d1,FR,2021-09-07 17:19:12,9.99,19.99,50.0,EUR,61,2016-06-14,19.99,EUR,FR,True,False,False,False,False,False,False,1911.0,-9.999999999999998,-0.5002501250625312,2021-09-07,False,False,13.007939814814815,True
381210,018d937e-fef7-7274-bbce-e7d155c3d2d1,FR,2021-10-19 17:03:14,9.99,19.99,50.0,EUR,61,2016-06-14,19.99,EUR,FR,True,False,False,False,False,False,False,1953.0,-9.999999999999998,-0.5002501250625312,2021-10-19,False,False,13.053622685185186,True
381210,018d937e-fef7-7274-bbce-e7d155c3d2d1,FR,2021-11-30 18:54:32,9.99,19.99,50.0,EUR,61,2016-06-14,19.99,EUR,FR,True,False,False,False,False,False,False,1995.0,-9.999999999999998,-0.5002501250625312,2021-11-30,False,False,6.975011574074074,True
381210,018d937e-fef7-7274-bbce-e7d155c3d2d1,FR,2021-12-22 23:07:51,9.99,19.99,50.0,EUR,61,2016-06-14,19.99,EUR,FR,True,False,False,False,False,False,False,2017.0,-9.999999999999998,-0.5002501250625312,2021-12-22,False,False,13.809872685185185,True
381210,018d937e-fef7-7274-bbce-e7d155c3d2d1,FR,2022-01-27 18:38:00,9.99,19.99,50.0,EUR,61,2016-06-14,19.99,EUR,FR,True,False,False,False,False,False,False,2053.0,-9.999999999999998,-0.5002501250625312,2022-01-27,False,False,11.026388888888889,True
381210,018d937e-fef7-7274-bbce-e7d155c3d2d1,FR,2022-03-08 18:19:36,9.99,19.99,50.0,EUR,61,2016-06-14,19.99,EUR,FR,True,False,False,False,False,False,False,2093.0,-9.999999999999998,-0.5002501250625312,2022-03-08,False,False,13.957951388888889,True
381210,018d937e-fef7-7274-bbce-e7d155c3d2d1,FR,2022-04-26 17:19:10,9.99,19.99,50.0,EUR,61,2016-06-14,19.99,EUR,FR,True,False,False,False,False,False,False,2142.0,-9.999999999999998,-0.5002501250625312,2022-04-26,False,False,13.999618055555555,True
381210,018d937e-fef7-7274-bbce-e7d155c3d2d1,FR,2022-06-07 17:06:01,7.99,19.99,60.0,EUR,61,2016-06-14,19.99,EUR,FR,True,False,False,False,False,False,False,2184.0,-11.999999999999998,-0.6003001500750375,2022-06-07,False,False,13.998020833333333,True
381210,018d937e-fef7-7274-bbce-e7d155c3d2d1,FR,2022-06-23 18:13:57,7.99,19.99,60.0,EUR,61,2016-06-14,19.99,EUR,FR,True,False,False,False,False,False,False,2200.0,-11.999999999999998,-0.6003001500750375,2022-06-23,False,False,13.964340277777778,True
381210,018d937e-fef7-7274-bbce-e7d155c3d2d1,FR,2022-07-19 17:12:10,7.99,19.99,60.0,EUR,61,2016-06-14,19.99,EUR,FR,True,False,False,False,False,False,False,2226.0,-11.999999999999998,-0.6003001500750375,2022-07-19,False,False,12.995023148148148,True
381210,018d937e-fef7-7274-bbce-e7d155c3d2d1,FR,2022-08-30 17:19:01,7.99,19.99,60.0,EUR,61,2016-06-14,19.99,EUR,FR,True,False,False,False,False,False,False,2268.0,-11.999999999999998,-0.6003001500750375,2022-08-30,False,False,12.991284722222222,True
381210,018d937e-fef7-7274-bbce-e7d155c3d2d1,FR,2022-10-18 17:19:56,7.99,19.99,60.0,EUR,61,2016-06-14,19.99,EUR,FR,True,False,False,False,False,False,False,2317.0,-11.999999999999998,-0.6003001500750375,2022-10-18,False,False,13.999050925925927,True
381210,018d937e-fef7-7274-bbce-e7d155c3d2d1,FR,2022-11-22 19:29:03,7.99,19.99,60.0,EUR,61,2016-06-14,19.99,EUR,FR,True,False,False,False,False,False,False,2352.0,-11.999999999999998,-0.6003001500750375,2022-11-22,False,False,6.945208333333333,True
381210,018d937e-fef7-7274-bbce-e7d155c3d2d1,FR,2022-12-22 18:56:33,6.99,19.99,65.0,EUR,61,2016-06-14,19.99,EUR,FR,True,False,False,False,False,False,False,2382.0,-12.999999999999998,-0.6503251625812906,2022-12-22,False,False,20.988587962962963,True
381210,018d937e-fef7-7274-bbce-e7d155c3d2d1,FR,2023-03-07 15:18:11,7.99,19.99,60.0,EUR,61,2016-06-14,19.99,EUR,FR,True,False,False,False,False,False,False,2457.0,-11.999999999999998,-0.6003001500750375,2023-03-07,False,False,9.000046296296297,True
381210,018d937e-fef7-7274-bbce-e7d155c3d2d1,FR,2023-03-16 21:07:01,7.99,19.99,60.0,EUR,61,2016-06-14,19.99,EUR,FR,True,False,False,False,False,False,False,2466.0,-11.999999999999998,-0.6003001500750375,2023-03-16,False,False,7.031342592592592,True
381210,018d937e-fef7-7274-bbce-e7d155c3d2d1,FR,2023-04-20 17:18:23,7.99,19.99,60.0,EUR,61,2016-06-14,19.99,EUR,FR,True,False,False,False,False,False,False,2501.0,-11.999999999999998,-0.6003001500750375,2023-04-20,False,False,9.99986111111111,True
381210,018d937e-fef7-7274-bbce-e7d155c3d2d1,FR,2023-06-13 17:18:35,7.99,19.99,60.0,EUR,61,2016-06-14,19.99,EUR,FR,True,False,False,False,False,False,False,2555.0,-11.999999999999998,-0.6003001500750375,2023-06-13,False,False,7.999803240740741,True
381210,018d937e-fef7-7274-bbce-e7d155c3d2d1,FR,2023-06-29 22:34:45,7.99,7.99,0.0,EUR,61,2016-06-14,19.99,EUR,FR,False,False,False,True,False,False,False,2571.0,-11.999999999999998,-0.6003001500750375,2023-06-29,False,False,,False
381210,018d937e-fef7-7274-bbce-e7d155c3d2d1,FR,2023-07-13 17:20:54,19.99,19.99,0.0,EUR,61,2016-06-14,19.99,EUR,FR,False,False,False,True,False,False,False,2585.0,0.0,0.0,2023-07-13,False,False,,False
381210,018d937e-fef7-7274-bbce-e7d155c3d2d1,FR,2023-07-25 17:09:09,7.99,7.99,0.0,EUR,61,2016-06-14,19.99,EUR,FR,False,False,False,True,False,False,False,2597.0,-11.999999999999998,-0.6003001500750375,2023-07-25,False,False,,False
381210,018d937e-fef7-7274-bbce-e7d155c3d2d1,FR,2023-08-01 17:06:15,19.99,19.99,0.0,EUR,61,2016-06-14,19.99,EUR,FR,False,False,False,True,False,False,False,2604.0,0.0,0.0,2023-08-01,False,False,,False
381210,018d937e-fef7-7274-bbce-e7d155c3d2d1,FR,2023-08-31 17:18:36,9.99,19.99,50.0,EUR,61,2016-06-14,19.99,EUR,FR,True,False,False,False,False,False,False,2634.0,-9.999999999999998,-0.5002501250625312,2023-08-31,False,False,12.004027777777777,True
381210,018d937e-fef7-7274-bbce-e7d155c3d2d1,FR,2023-10-19 17:12:40,7.99,19.99,60.0,EUR,61,2016-06-14,19.99,EUR,FR,True,False,False,False,False,False,False,2683.0,-11.999999999999998,-0.6003001500750375,2023-10-19,False,False,14.004826388888889,True
381210,018d937e-fef7-7274-bbce-e7d155c3d2d1,FR,2023-11-21 18:52:11,7.99,19.99,60.0,EUR,61,2016-06-14,19.99,EUR,FR,True,False,False,False,False,False,False,2716.0,-11.999999999999998,-0.6003001500750375,2023-11-21,False,False,6.978935185185185,True
381210,018d937e-fef7-7274-bbce-e7d155c3d2d1,FR,2023-12-21 19:25:01,6.99,19.99,65.0,EUR,61,2016-06-14,19.99,EUR,FR,True,False,False,False,False,False,False,2746.0,-12.999999999999998,-0.6503251625812906,2023-12-21,False,False,13.978171296296296,True
381210,018d937e-fef7-7274-bbce-e7d155c3d2d1,FR,2024-01-29 18:33:54,7.99,19.99,60.0,EUR,61,2016-06-14,19.99,EUR,FR,True,False,False,False,False,False,False,2785.0,-11.999999999999998,-0.6003001500750375,2024-01-29,False,False,12.294270833333334,True
381210,018d937e-fef7-7274-bbce-e7d155c3d2d1,FR,2024-03-12 17:15:15,7.99,19.99,60.0,EUR,61,2016-06-14,19.99,EUR,FR,True,False,False,False,False,False,False,2828.0,-11.999999999999998,-0.6003001500750375,2024-03-12,False,False,9.004548611111112,True
381210,018d937e-fef7-7274-bbce-e7d155c3d2d1,FR,2024-04-23 17:15:12,7.99,19.99,60.0,EUR,61,2016-06-14,19.99,EUR,FR,True,False,False,False,False,False,False,2870.0,-11.999999999999998,-0.6003001500750375,2024-04-23,False,False,9.000335648148148,True
381210,018d937e-fef7-7274-bbce-e7d155c3d2d1,FR,2024-06-03 17:16:18,7.99,19.99,60.0,EUR,61,2016-06-14,19.99,EUR,FR,True,False,False,False,False,False,False,2911.0,-11.999999999999998,-0.6003001500750375,2024-06-03,False,False,13.999664351851852,True
381210,018d937e-fef7-7274-bbce-e7d155c3d2d1,FR,2024-06-27 18:36:44,7.99,19.99,60.0,EUR,61,2016-06-14,19.99,EUR,FR,True,False,False,False,False,False,False,2935.0,-11.999999999999998,-0.6003001500750375,2024-06-27,False,False,13.94994212962963,True
381210,018d937e-fef7-7274-bbce-e7d155c3d2d1,FR,2024-07-25 17:15:59,7.99,19.99,60.0,EUR,61,2016-06-14,19.99,EUR,FR,True,False,False,False,False,False,False,2963.0,-11.999999999999998,-0.6003001500750375,2024-07-25,False,False,13.999583333333334,True
381210,018d937e-fef7-7274-bbce-e7d155c3d2d1,FR,2024-10-20 17:15:23,7.99,19.99,60.0,EUR,61,2016-06-14,19.99,EUR,FR,True,False,False,False,False,False,False,3050.0,-11.999999999999998,-0.6003001500750375,2024-10-20,False,False,13.999907407407408,True
381210,018d937e-fef7-7274-bbce-e7d155c3d2d1,FR,2024-11-27 21:34:36,7.99,19.99,60.0,EUR,61,2016-06-14,19.99,EUR,FR,True,False,False,False,False,False,False,3088.0,-11.999999999999998,-0.6003001500750375,2024-11-27,False,False,6.867789351851852,True
381210,018d937e-fef7-7274-bbce-e7d155c3d2d1,FR,2024-12-19 21:26:49,6.99,19.99,65.0,EUR,61,2016-06-14,19.99,EUR,FR,True,False,False,False,False,False,False,3110.0,-12.999999999999998,-0.6503251625812906,2024-12-19,False,False,13.872719907407408,True
381210,018d937e-fef7-7274-bbce-e7d155c3d2d1,FR,2025-02-10 18:26:04,7.99,19.99,60.0,EUR,61,2016-06-14,19.99,EUR,FR,True,False,False,False,False,False,False,3163.0,-11.999999999999998,-0.6003001500750375,2025-02-10,False,False,13.993402777777778,True
381210,018d937e-fef7-7274-bbce-e7d155c3d2d1,FR,2025-03-13 19:25:29,7.99,19.99,60.0,EUR,61,2016-06-14,19.99,EUR,FR,True,False,False,False,False,False,False,3194.0,-11.999999999999998,-0.6003001500750375,2025-03-13,False,False,6.914953703703704,True
381210,018d937e-fef7-7274-bbce-e7d155c3d2d1,FR,2025-04-02 15:18:29,7.99,19.99,60.0,EUR,61,2016-06-14,19.99,EUR,FR,True,False,False,False,False,False,False,3214.0,-11.999999999999998,-0.6003001500750375,2025-04-02,False,False,12.997754629629629,True
381210,018d937e-fef7-7274-bbce-e7d155c3d2d1,FR,2025-06-17 17:17:15,7.99,19.99,60.0,EUR,61,2016-06-14,19.99,EUR,FR,True,False,False,False,False,False,False,3290.0,-11.999999999999998,-0.6003001500750375,2025-06-17,False,False,23.006203703703704,True
381210,018d937e-fef7-7274-bbce-e7d155c3d2d1,FR,2025-07-29 16:15:25,7.99,19.99,60.0,EUR,61,2016-06-14,19.99,EUR,FR,True,False,False,False,False,False,False,3332.0,-11.999999999999998,-0.6003001500750375,2025-07-29,False,False,13.999918981481482,True
381210,018d937e-fef7-7274-bbce-e7d155c3d2d1,FR,2025-09-29 20:42:47,7.99,19.99,60.0,EUR,61,2016-06-14,19.99,EUR,FR,True,False,False,False,False,False,False,3394.0,-11.999999999999998,-0.6003001500750375,2025-09-29,False,False,6.913206018518519,True
381210,018d937e-fef7-7274-bbce-e7d155c3d2d1,FR,2025-10-20 17:21:25,7.99,19.99,60.0,EUR,61,2016-06-14,19.99,EUR,FR,True,False,False,False,False,False,False,3415.0,-11.999999999999998,-0.6003001500750375,2025-10-20,False,False,13.998344907407407,True
381210,018d937e-fef7-7274-bbce-e7d155c3d2d1,GB,2016-07-04 17:39:31,14.99,14.99,0.0,GBP,61,2016-06-14,14.99,GBP,GB,False,False,False,False,False,False,False,20.0,0.0,0.0,2016-07-04,False,False,,False
381210,018d937e-fef7-7274-bbce-e7d155c3d2d1,GB,2016-08-18 18:45:23,12.74,14.99,15.0,GBP,61,2016-06-14,14.99,GBP,GB,True,False,False,False,False,False,False,65.0,-2.25,-0.15010006671114073,2016-08-18,False,False,3.9791666666666665,True
381210,018d937e-fef7-7274-bbce-e7d155c3d2d1,GB,2016-10-28 20:45:19,10.49,14.99,30.0,GBP,61,2016-06-14,14.99,GBP,GB,True,False,False,False,False,False,False,136.0,-4.5,-0.30020013342228147,2016-10-28,False,False,4.00005787037037,True
381210,018d937e-fef7-7274-bbce-e7d155c3d2d1,GB,2016-11-23 18:45:40,10.49,14.99,30.0,GBP,61,2016-06-14,14.99,GBP,GB,True,False,False,False,False,False,False,162.0,-4.5,-0.30020013342228147,2016-11-23,False,False,6.083252314814815,True
381210,018d937e-fef7-7274-bbce-e7d155c3d2d1,GB,2016-12-15 18:45:22,10.49,14.99,30.0,GBP,61,2016-06-14,14.99,GBP,GB,True,False,False,False,False,False,False,184.0,-4.5,-0.30020013342228147,2016-12-15,False,False,4.04167824074074,True
381210,018d937e-fef7-7274-bbce-e7d155c3d2d1,GB,2016-12-22 22:15:27,10.49,14.99,30.0,GBP,61,2016-06-14,14.99,GBP,GB,True,False,False,False,False,False,False,191.0,-4.5,-0.30020013342228147,2016-12-22,False,False,10.916886574074073,True
381210,018d937e-fef7-7274-bbce-e7d155c3d2d1,GB,2017-01-27 21:15:40,10.49,14.99,30.0,GBP,61,2016-06-14,14.99,GBP,GB,True,False,False,False,False,False,False,227.0,-4.5,-0.30020013342228147,2017-01-27,False,False,6.916539351851852,True
381210,018d937e-fef7-7274-bbce-e7d155c3d2d1,GB,2017-03-08 19:45:21,8.99,14.99,40.0,GBP,61,2016-06-14,14.99,GBP,GB,True,False,False,False,False,False,False,267.0,-6.0,-0.40026684456304207,2017-03-08,False,False,4.937662037037037,True
381210,018d937e-fef7-7274-bbce-e7d155c3d2d1,GB,2017-06-14 17:15:31,11.49,22.99,50.0,GBP,61,2016-06-14,14.99,GBP,GB,True,False,False,False,False,False,False,365.0,-3.5,-0.23348899266177447,2017-06-14,False,False,21.021018518518517,True
381210,018d937e-fef7-7274-bbce-e7d155c3d2d1,GB,2017-06-14 18:15:28,8.99,14.99,40.0,GBP,61,2016-06-14,14.99,GBP,GB,True,False,False,False,False,False,False,365.0,-6.0,-0.40026684456304207,2017-06-14,False,False,,False
381210,018d937e-fef7-7274-bbce-e7d155c3d2d1,GB,2017-06-16 13:45:18,11.49,22.99,50.0,GBP,61,2016-06-14,14.99,GBP,GB,True,False,False,False,False,False,False,367.0,-3.5,-0.23348899266177447,2017-06-16,False,False,,False
381210,018d937e-fef7-7274-bbce-e7d155c3d2d1,GB,2017-06-16 16:45:17,8.99,14.99,40.0,GBP,61,2016-06-14,14.99,GBP,GB,True,False,False,False,False,False,False,367.0,-6.0,-0.40026684456304207,2017-06-16,False,False,,False
381210,018d937e-fef7-7274-bbce-e7d155c3d2d1,GB,2017-06-16 22:45:15,11.49,22.99,50.0,GBP,61,2016-06-14,14.99,GBP,GB,True,False,False,False,False,False,False,367.0,-3.5,-0.23348899266177447,2017-06-16,False,False,,False
381210,018d937e-fef7-7274-bbce-e7d155c3d2d1,GB,2017-06-16 23:15:36,8.99,14.99,40.0,GBP,61,2016-06-14,14.99,GBP,GB,True,False,False,False,False,False,False,367.0,-6.0,-0.40026684456304207,2017-06-16,False,False,,False
381210,018d937e-fef7-7274-bbce-e7d155c3d2d1,GB,2017-06-17 08:45:17,11.49,22.99,50.0,GBP,61,2016-06-14,14.99,GBP,GB,True,False,False,False,False,False,False,368.0,-3.5,-0.23348899266177447,2017-06-17,False,False,,False
381210,018d937e-fef7-7274-bbce-e7d155c3d2d1,GB,2017-06-17 09:15:22,8.99,14.99,40.0,GBP,61,2016-06-14,14.99,GBP,GB,True,False,False,False,False,False,False,368.0,-6.0,-0.40026684456304207,2017-06-17,False,False,,False
381210,018d937e-fef7-7274-bbce-e7d155c3d2d1,GB,2017-06-19 00:45:17,11.49,22.99,50.0,GBP,61,2016-06-14,14.99,GBP,GB,True,False,False,False,False,False,False,370.0,-3.5,-0.23348899266177447,2017-06-19,False,False,,False
381210,018d937e-fef7-7274-bbce-e7d155c3d2d1,GB,2017-06-19 02:15:22,8.99,14.99,40.0,GBP,61,2016-06-14,14.99,GBP,GB,True,False,False,False,False,False,False,370.0,-6.0,-0.40026684456304207,2017-06-19,False,False,,False
381210,018d937e-fef7-7274-bbce-e7d155c3d2d1,GB,2017-06-20 07:15:26,11.49,22.99,50.0,GBP,61,2016-06-14,14.99,GBP,GB,True,False,False,False,False,False,False,371.0,-3.5,-0.23348899266177447,2017-06-20,False,False,,False
381210,018d937e-fef7-7274-bbce-e7d155c3d2d1,GB,2017-06-20 09:15:27,8.99,14.99,40.0,GBP,61,2016-06-14,14.99,GBP,GB,True,False,False,False,False,False,False,371.0,-6.0,-0.40026684456304207,2017-06-20,False,False,,False
381210,018d937e-fef7-7274-bbce-e7d155c3d2d1,GB,2017-06-20 10:45:17,11.49,22.99,50.0,GBP,61,2016-06-14,14.99,GBP,GB,True,False,False,False,False,False,False,371.0,-3.5,-0.23348899266177447,2017-06-20,False,False,,False
381210,018d937e-fef7-7274-bbce-e7d155c3d2d1,GB,2017-06-20 11:15:24,8.99,14.99,40.0,GBP,61,2016-06-14,14.99,GBP,GB,True,False,False,False,False,False,False,371.0,-6.0,-0.40026684456304207,2017-06-20,False,False,,False
381210,018d937e-fef7-7274-bbce-e7d155c3d2d1,GB,2017-06-21 07:45:20,11.49,22.99,50.0,GBP,61,2016-06-14,14.99,GBP,GB,True,False,False,False,False,False,False,372.0,-3.5,-0.23348899266177447,2017-06-21,False,False,,False
381210,018d937e-fef7-7274-bbce-e7d155c3d2d1,GB,2017-06-21 08:45:21,8.99,14.99,40.0,GBP,61,2016-06-14,14.99,GBP,GB,True,False,False,False,False,False,False,372.0,-6.0,-0.40026684456304207,2017-06-21,False,False,,False
381210,018d937e-fef7-7274-bbce-e7d155c3d2d1,GB,2017-06-21 10:15:21,11.49,22.99,50.0,GBP,61,2016-06-14,14.99,GBP,GB,True,False,False,False,False,False,False,372.0,-3.5,-0.23348899266177447,2017-06-21,False,False,,False
381210,018d937e-fef7-7274-bbce-e7d155c3d2d1,GB,2017-06-21 12:15:22,8.99,14.99,40.0,GBP,61,2016-06-14,14.99,GBP,GB,True,False,False,False,False,False,False,372.0,-6.0,-0.40026684456304207,2017-06-21,False,False,,False
381210,018d937e-fef7-7274-bbce-e7d155c3d2d1,GB,2017-06-24 10:45:18,11.49,22.99,50.0,GBP,61,2016-06-14,14.99,GBP,GB,True,False,False,False,False,False,False,375.0,-3.5,-0.23348899266177447,2017-06-24,False,False,,False
381210,018d937e-fef7-7274-bbce-e7d155c3d2d1,GB,2017-06-24 12:45:15,8.99,14.99,40.0,GBP,61,2016-06-14,14.99,GBP,GB,True,False,False,False,False,False,False,375.0,-6.0,-0.40026684456304207,2017-06-24,False,False,,False
381210,018d937e-fef7-7274-bbce-e7d155c3d2d1,GB,2017-06-26 02:15:25,11.49,22.99,50.0,GBP,61,2016-06-14,14.99,GBP,GB,True,False,False,False,False,False,False,377.0,-3.5,-0.23348899266177447,2017-06-26,False,False,,False
381210,018d937e-fef7-7274-bbce-e7d155c3d2d1,GB,2017-06-26 04:15:26,8.99,14.99,40.0,GBP,61,2016-06-14,14.99,GBP,GB,True,False,False,False,False,False,False,377.0,-6.0,-0.40026684456304207,2017-06-26,False,False,,False
381210,018d937e-fef7-7274-bbce-e7d155c3d2d1,GB,2017-06-26 19:15:27,11.49,22.99,50.0,GBP,61,2016-06-14,14.99,GBP,GB,True,False,False,False,False,False,False,377.0,-3.5,-0.23348899266177447,2017-06-26,False,False,,False
381210,018d937e-fef7-7274-bbce-e7d155c3d2d1,GB,2017-06-26 19:45:21,8.99,14.99,40.0,GBP,61,2016-06-14,14.99,GBP,GB,True,False,False,False,False,False,False,377.0,-6.0,-0.40026684456304207,2017-06-26,False,False,,False
381210,018d937e-fef7-7274-bbce-e7d155c3d2d1,GB,2017-06-28 19:15:26,11.49,22.99,50.0,GBP,61,2016-06-14,14.99,GBP,GB,True,False,False,False,False,False,False,379.0,-3.5,-0.23348899266177447,2017-06-28,False,False,,False
381210,018d937e-fef7-7274-bbce-e7d155c3d2d1,GB,2017-06-28 20:15:26,8.99,14.99,40.0,GBP,61,2016-06-14,14.99,GBP,GB,True,False,False,False,False,False,False,379.0,-6.0,-0.40026684456304207,2017-06-28,False,False,,False
381210,018d937e-fef7-7274-bbce-e7d155c3d2d1,GB,2017-06-30 21:45:16,11.49,22.99,50.0,GBP,61,2016-06-14,14.99,GBP,GB,True,False,False,False,False,False,False,381.0,-3.5,-0.23348899266177447,2017-06-30,False,False,,False
381210,018d937e-fef7-7274-bbce-e7d155c3d2d1,GB,2017-06-30 22:15:30,8.99,14.99,40.0,GBP,61,2016-06-14,14.99,GBP,GB,True,False,False,False,False,False,False,381.0,-6.0,-0.40026684456304207,2017-06-30,False,False,,False
381210,018d937e-fef7-7274-bbce-e7d155c3d2d1,GB,2017-07-02 23:15:26,11.49,22.99,50.0,GBP,61,2016-06-14,14.99,GBP,GB,True,False,False,False,False,False,False,383.0,-3.5,-0.23348899266177447,2017-07-02,False,False,,False
381210,018d937e-fef7-7274-bbce-e7d155c3d2d1,GB,2017-07-03 00:15:28,8.99,14.99,40.0,GBP,61,2016-06-14,14.99,GBP,GB,True,False,False,False,False,False,False,384.0,-6.0,-0.40026684456304207,2017-07-03,False,False,,False
381210,018d937e-fef7-7274-bbce-e7d155c3d2d1,GB,2017-07-05 15:15:29,11.49,22.99,50.0,GBP,61,2016-06-14,14.99,GBP,GB,True,False,False,False,False,False,False,386.0,-3.5,-0.23348899266177447,2017-07-05,False,False,,False
381210,018d937e-fef7-7274-bbce-e7d155c3d2d1,GB,2017-07-05 15:45:19,8.99,14.99,40.0,GBP,61,2016-06-14,14.99,GBP,GB,True,False,False,False,False,False,False,386.0,-6.0,-0.40026684456304207,2017-07-05,False,False,,False
381210,018d937e-fef7-7274-bbce-e7d155c3d2d1,GB,2017-09-12 18:15:48,7.49,14.99,50.0,GBP,61,2016-06-14,14.99,GBP,GB,True,False,False,False,False,False,False,455.0,-7.5,-0.5003335557038024,2017-09-12,False,False,5.958136574074074,True
381210,018d937e-fef7-7274-bbce-e7d155c3d2d1,GB,2017-10-26 17:15:25,7.49,14.99,50.0,GBP,61,2016-06-14,14.99,GBP,GB,True,False,False,False,False,False,False,499.0,-7.5,-0.5003335557038024,2017-10-26,False,False,6.062511574074074,True
381210,018d937e-fef7-7274-bbce-e7d155c3d2d1,GB,2017-11-22 18:15:27,7.49,14.99,50.0,GBP,61,2016-06-14,14.99,GBP,GB,True,False,False,False,False,False,False,526.0,-7.5,-0.5003335557038024,2017-11-22,False,False,6.021087962962963,True
381210,018d937e-fef7-7274-bbce-e7d155c3d2d1,GB,2017-12-21 20:15:23,7.49,14.99,50.0,GBP,61,2016-06-14,14.99,GBP,GB,True,False,False,False,False,False,False,555.0,-7.5,-0.5003335557038024,2017-12-21,False,False,14.02082175925926,True
381210,018d937e-fef7-7274-bbce-e7d155c3d2d1,GB,2018-02-15 21:16:48,7.49,14.99,50.0,GBP,61,2016-06-14,14.99,GBP,GB,True,False,False,False,False,False,False,611.0,-7.5,-0.5003335557038024,2018-02-15,False,False,3.917476851851852,True
381210,018d937e-fef7-7274-bbce-e7d155c3d2d1,GB,2018-05-24 18:47:50,7.49,14.99,50.0,GBP,61,2016-06-14,14.99,GBP,GB,True,False,False,False,False,False,False,709.0,-7.5,-0.5003335557038024,2018-05-24,False,False,4.104293981481481,True
381210,018d937e-fef7-7274-bbce-e7d155c3d2d1,GB,2018-05-24 19:47:50,9.19,22.99,60.0,GBP,61,2016-06-14,14.99,GBP,GB,True,False,False,False,False,False,False,709.0,-5.800000000000001,-0.38692461641094067,2018-05-24,False,False,,False
381210,018d937e-fef7-7274-bbce-e7d155c3d2d1,GB,2018-05-24 21:47:51,7.49,14.99,50.0,GBP,61,2016-06-14,14.99,GBP,GB,True,False,False,False,False,False,False,709.0,-7.5,-0.5003335557038024,2018-05-24,False,False,,False
381210,018d937e-fef7-7274-bbce-e7d155c3d2d1,GB,2018-05-25 01:17:40,9.19,22.99,60.0,GBP,61,2016-06-14,14.99,GBP,GB,True,False,False,False,False,False,False,710.0,-5.800000000000001,-0.38692461641094067,2018-05-25,False,False,,False
381210,018d937e-fef7-7274-bbce-e7d155c3d2d1,GB,2018-05-25 01:47:57,7.49,14.99,50.0,GBP,61,2016-06-14,14.99,GBP,GB,True,False,False,False,False,False,False,710.0,-7.5,-0.5003335557038024,2018-05-25,False,False,,False
381210,018d937e-fef7-7274-bbce-e7d155c3d2d1,GB,2018-05-25 05:47:33,9.19,22.99,60.0,GBP,61,2016-06-14,14.99,GBP,GB,True,False,False,False,False,False,False,710.0,-5.800000000000001,-0.38692461641094067,2018-05-25,False,False,,False
381210,018d937e-fef7-7274-bbce-e7d155c3d2d1,GB,2018-05-25 06:18:12,7.49,14.99,50.0,GBP,61,2016-06-14,14.99,GBP,GB,True,False,False,False,False,False,False,710.0,-7.5,-0.5003335557038024,2018-05-25,False,False,,False
381210,018d937e-fef7-7274-bbce-e7d155c3d2d1,GB,2018-05-25 09:17:41,9.19,22.99,60.0,GBP,61,2016-06-14,14.99,GBP,GB,True,False,False,False,False,False,False,710.0,-5.800000000000001,-0.38692461641094067,2018-05-25,False,False,,False
381210,018d937e-fef7-7274-bbce-e7d155c3d2d1,GB,2018-05-25 10:18:40,7.49,14.99,50.0,GBP,61,2016-06-14,14.99,GBP,GB,True,False,False,False,False,False,False,710.0,-7.5,-0.5003335557038024,2018-05-25,False,False,,False
381210,018d937e-fef7-7274-bbce-e7d155c3d2d1,GB,2018-05-26 20:47:36,9.19,22.99,60.0,GBP,61,2016-06-14,14.99,GBP,GB,True,False,False,False,False,False,False,711.0,-5.800000000000001,-0.38692461641094067,2018-05-26,False,False,,False
381210,018d937e-fef7-7274-bbce-e7d155c3d2d1,GB,2018-05-26 21:17:28,7.49,14.99,50.0,GBP,61,2016-06-14,14.99,GBP,GB,True,False,False,False,False,False,False,711.0,-7.5,-0.5003335557038024,2018-05-26,False,False,,False
381210,018d937e-fef7-7274-bbce-e7d155c3d2d1,GB,2018-05-27 04:47:18,9.19,22.99,60.0,GBP,61,2016-06-14,14.99,GBP,GB,True,False,False,False,False,False,False,712.0,-5.800000000000001,-0.38692461641094067,2018-05-27,False,False,,False
381210,018d937e-fef7-7274-bbce-e7d155c3d2d1,GB,2018-05-27 07:17:29,7.49,14.99,50.0,GBP,61,2016-06-14,14.99,GBP,GB,True,False,False,False,False,False,False,712.0,-7.5,-0.5003335557038024,2018-05-27,False,False,,False
381210,018d937e-fef7-7274-bbce-e7d155c3d2d1,GB,2018-05-27 21:47:52,9.19,22.99,60.0,GBP,61,2016-06-14,14.99,GBP,GB,True,False,False,False,False,False,False,712.0,-5.800000000000001,-0.38692461641094067,2018-05-27,False,False,,False
381210,018d937e-fef7-7274-bbce-e7d155c3d2d1,GB,2018-05-27 23:17:34,7.49,14.99,50.0,GBP,61,2016-06-14,14.99,GBP,GB,True,False,False,False,False,False,False,712.0,-7.5,-0.5003335557038024,2018-05-27,False,False,,False
381210,018d937e-fef7-7274-bbce-e7d155c3d2d1,GB,2018-05-28 05:17:34,9.19,22.99,60.0,GBP,61,2016-06-14,14.99,GBP,GB,True,False,False,False,False,False,False,713.0,-5.800000000000001,-0.38692461641094067,2018-05-28,False,False,,False
381210,018d937e-fef7-7274-bbce-e7d155c3d2d1,GB,2018-05-28 06:17:28,7.49,14.99,50.0,GBP,61,2016-06-14,14.99,GBP,GB,True,False,False,False,False,False,False,713.0,-7.5,-0.5003335557038024,2018-05-28,False,False,,False
381210,018d937e-fef7-7274-bbce-e7d155c3d2d1,GB,2018-05-28 20:17:33,9.19,22.99,60.0,GBP,61,2016-06-14,14.99,GBP,GB,True,False,False,False,False,False,False,713.0,-5.800000000000001,-0.38692461641094067,2018-05-28,False,False,,False
381210,018d937e-fef7-7274-bbce-e7d155c3d2d1,GB,2018-06-14 18:06:32,7.49,14.99,50.0,GBP,61,2016-06-14,14.99,GBP,GB,True,False,False,False,False,False,False,730.0,-7.5,-0.5003335557038024,2018-06-14,False,False,20.971805555555555,True
381210,018d937e-fef7-7274-bbce-e7d155c3d2d1,GB,2018-09-18 18:52:38,7.49,14.99,50.0,GBP,61,2016-06-14,14.99,GBP,GB,True,False,False,False,False,False,False,826.0,-7.5,-0.5003335557038024,2018-09-18,False,False,7.01568287037037,True
381210,018d937e-fef7-7274-bbce-e7d155c3d2d1,GB,2018-10-26 17:33:21,7.49,14.99,50.0,GBP,61,2016-06-14,14.99,GBP,GB,True,False,False,False,False,False,False,864.0,-7.5,-0.5003335557038024,2018-10-26,False,False,7.006666666666667,True
381210,018d937e-fef7-7274-bbce-e7d155c3d2d1,GB,2018-11-21 19:15:27,7.49,14.99,50.0,GBP,61,2016-06-14,14.99,GBP,GB,True,False,False,False,False,False,False,890.0,-7.5,-0.5003335557038024,2018-11-21,False,False,6.019293981481481,True
381210,018d937e-fef7-7274-bbce-e7d155c3d2d1,GB,2018-12-20 18:21:25,7.49,14.99,50.0,GBP,61,2016-06-14,14.99,GBP,GB,True,False,False,False,False,False,False,919.0,-7.5,-0.5003335557038024,2018-12-20,False,False,14.204733796296296,True
381210,018d937e-fef7-7274-bbce-e7d155c3d2d1,GB,2019-01-17 19:25:13,7.49,14.99,50.0,GBP,61,2016-06-14,14.99,GBP,GB,True,False,False,False,False,False,False,947.0,-7.5,-0.5003335557038024,2019-01-17,False,False,4.160034722222222,True
381210,018d937e-fef7-7274-bbce-e7d155c3d2d1,GB,2019-02-04 18:20:39,7.49,14.99,50.0,GBP,61,2016-06-14,14.99,GBP,GB,True,False,False,False,False,False,False,965.0,-7.5,-0.5003335557038024,2019-02-04,False,False,7.111898148148148,True
381210,018d937e-fef7-7274-bbce-e7d155c3d2d1,GB,2019-04-04 18:48:37,7.49,14.99,50.0,GBP,61,2016-06-14,14.99,GBP,GB,True,False,False,False,False,False,False,1024.0,-7.5,-0.5003335557038024,2019-04-04,False,False,5.991365740740741,True
381210,018d937e-fef7-7274-bbce-e7d155c3d2d1,GB,2019-05-24 18:07:52,7.49,14.99,50.0,GBP,61,2016-06-14,14.99,GBP,GB,True,False,False,False,False,False,False,1074.0,-7.5,-0.5003335557038024,2019-05-24,False,False,3.97087962962963,True
381210,018d937e-fef7-7274-bbce-e7d155c3d2d1,GB,2019-06-18 17:59:51,7.49,14.99,50.0,GBP,61,2016-06-14,14.99,GBP,GB,True,False,False,False,False,False,False,1099.0,-7.5,-0.5003335557038024,2019-06-18,False,False,21.024328703703702,True
381210,018d937e-fef7-7274-bbce-e7d155c3d2d1,GB,2019-09-17 16:22:03,7.49,14.99,50.0,GBP,61,2016-06-14,14.99,GBP,GB,True,False,False,False,False,False,False,1190.0,-7.5,-0.5003335557038024,2019-09-17,False,False,8.041145833333333,True
381210,018d937e-fef7-7274-bbce-e7d155c3d2d1,GB,2019-10-24 17:21:08,7.49,14.99,50.0,GBP,61,2016-06-14,14.99,GBP,GB,True,False,False,False,False,False,False,1227.0,-7.5,-0.5003335557038024,2019-10-24,False,False,8.004351851851851,True
381210,018d937e-fef7-7274-bbce-e7d155c3d2d1,GB,2019-11-26 18:10:23,7.49,14.99,50.0,GBP,61,2016-06-14,14.99,GBP,GB,True,False,False,False,False,False,False,1260.0,-7.5,-0.5003335557038024,2019-11-26,False,False,7.0097453703703705,True
381210,018d937e-fef7-7274-bbce-e7d155c3d2d1,GB,2019-12-19 18:10:24,5.99,14.99,60.0,GBP,61,2016-06-14,14.99,GBP,GB,True,False,False,False,False,False,False,1283.0,-9.0,-0.600400266844563,2019-12-19,False,False,14.022048611111112,True
381210,018d937e-fef7-7274-bbce-e7d155c3d2d1,GB,2020-01-22 18:21:24,5.99,14.99,60.0,GBP,61,2016-06-14,14.99,GBP,GB,True,False,False,False,False,False,False,1317.0,-9.0,-0.600400266844563,2020-01-22,False,False,5.001956018518518,True
381210,018d937e-fef7-7274-bbce-e7d155c3d2d1,GB,2020-03-09 17:21:36,5.99,14.99,60.0,GBP,61,2016-06-14,14.99,GBP,GB,True,False,False,False,False,False,False,1364.0,-9.0,-0.600400266844563,2020-03-09,False,False,7.999849537037037,True
381210,018d937e-fef7-7274-bbce-e7d155c3d2d1,GB,2020-04-21 17:21:13,5.99,14.99,60.0,GBP,61,2016-06-14,14.99,GBP,GB,True,False,False,False,False,False,False,1407.0,-9.0,-0.600400266844563,2020-04-21,False,False,2.9999652777777777,True
381210,018d937e-fef7-7274-bbce-e7d155c3d2d1,GB,2020-07-09 17:55:19,22.99,22.99,0.0,GBP,61,2016-06-14,14.99,GBP,GB,False,False,False,True,False,False,False,1486.0,7.999999999999998,0.5336891260840559,2020-07-09,False,False,,False
381210,018d937e-fef7-7274-bbce-e7d155c3d2d1,GB,2020-07-31 17:21:24,5.99,14.99,60.0,GBP,61,2016-06-14,14.99,GBP,GB,True,False,False,False,False,False,False,1508.0,-9.0,-0.600400266844563,2020-07-31,False,False,7.0000231481481485,True
381210,018d937e-fef7-7274-bbce-e7d155c3d2d1,GB,2020-09-08 17:27:07,5.99,14.99,60.0,GBP,61,2016-06-14,14.99,GBP,GB,True,False,False,False,False,False,False,1547.0,-9.0,-0.600400266844563,2020-09-08,False,False,5.9963194444444445,True
381210,018d937e-fef7-7274-bbce-e7d155c3d2d1,GB,2020-10-29 17:07:46,5.99,14.99,60.0,GBP,61,2016-06-14,14.99,GBP,GB,True,False,False,False,False,False,False,1598.0,-9.0,-0.600400266844563,2020-10-29,False,False,4.055983796296296,True
381210,018d937e-fef7-7274-bbce-e7d155c3d2d1,GB,2020-11-25 18:26:33,5.99,14.99,60.0,GBP,61,2016-06-14,14.99,GBP,GB,True,False,False,False,False,False,False,1625.0,-9.0,-0.600400266844563,2020-11-25,False,False,5.998935185185185,True
381210,018d937e-fef7-7274-bbce-e7d155c3d2d1,GB,2020-12-22 18:57:12,5.99,14.99,60.0,GBP,61,2016-06-14,14.99,GBP,GB,True,False,False,False,False,False,False,1652.0,-9.0,-0.600400266844563,2020-12-22,False,False,13.994398148148148,True
381210,018d937e-fef7-7274-bbce-e7d155c3d2d1,GB,2021-02-11 18:57:17,8.99,14.99,40.0,GBP,61,2016-06-14,14.99,GBP,GB,True,False,False,False,False,False,False,1703.0,-6.0,-0.40026684456304207,2021-02-11,False,False,3.9798958333333334,True
381210,018d937e-fef7-7274-bbce-e7d155c3d2d1,GB,2021-03-30 17:18:17,7.49,14.99,50.0,GBP,61,2016-06-14,14.99,GBP,GB,True,False,False,False,False,False,False,1750.0,-7.5,-0.5003335557038024,2021-03-30,False,False,14.000613425925925,True
381210,018d937e-fef7-7274-bbce-e7d155c3d2d1,GB,2021-05-05 17:18:21,9.74,14.99,35.0,GBP,61,2016-06-14,14.99,GBP,GB,True,False,False,False,False,False,False,1786.0,-5.25,-0.3502334889926618,2021-05-05,False,False,6.000254629629629,True
381210,018d937e-fef7-7274-bbce-e7d155c3d2d1,GB,2021-06-15 17:18:16,8.99,14.99,40.0,GBP,61,2016-06-14,14.99,GBP,GB,True,False,False,False,False,False,False,1827.0,-6.0,-0.40026684456304207,2021-06-15,False,False,28.993275462962963,True
381210,018d937e-fef7-7274-bbce-e7d155c3d2d1,GB,2021-09-07 17:09:19,7.49,14.99,50.0,GBP,61,2016-06-14,14.99,GBP,GB,True,False,False,False,False,False,False,1911.0,-7.5,-0.5003335557038024,2021-09-07,False,False,13.01269675925926,True
381210,018d937e-fef7-7274-bbce-e7d155c3d2d1,GB,2021-10-19 17:18:31,7.49,14.99,50.0,GBP,61,2016-06-14,14.99,GBP,GB,True,False,False,False,False,False,False,1953.0,-7.5,-0.5003335557038024,2021-10-19,False,False,13.008159722222222,True
381210,018d937e-fef7-7274-bbce-e7d155c3d2d1,GB,2021-11-30 18:12:51,7.49,14.99,50.0,GBP,61,2016-06-14,14.99,GBP,GB,True,False,False,False,False,False,False,1995.0,-7.5,-0.5003335557038024,2021-11-30,False,False,6.995347222222223,True
381210,018d937e-fef7-7274-bbce-e7d155c3d2d1,GB,2021-12-22 18:57:43,7.49,14.99,50.0,GBP,61,2016-06-14,14.99,GBP,GB,True,False,False,False,False,False,False,2017.0,-7.5,-0.5003335557038024,2021-12-22,False,False,13.982164351851852,True
381210,018d937e-fef7-7274-bbce-e7d155c3d2d1,GB,2022-01-27 18:30:40,7.49,14.99,50.0,GBP,61,2016-06-14,14.99,GBP,GB,True,False,False,False,False,False,False,2053.0,-7.5,-0.5003335557038024,2022-01-27,False,False,11.031481481481482,True
381210,018d937e-fef7-7274-bbce-e7d155c3d2d1,GB,2022-03-08 18:15:07,7.49,14.99,50.0,GBP,61,2016-06-14,14.99,GBP,GB,True,False,False,False,False,False,False,2093.0,-7.5,-0.5003335557038024,2022-03-08,False,False,13.96107638888889,True
381210,018d937e-fef7-7274-bbce-e7d155c3d2d1,GB,2022-04-26 17:12:22,7.49,14.99,50.0,GBP,61,2016-06-14,14.99,GBP,GB,True,False,False,False,False,False,False,2142.0,-7.5,-0.5003335557038024,2022-04-26,False,False,14.008796296296296,True
381210,018d937e-fef7-7274-bbce-e7d155c3d2d1,GB,2022-06-07 17:12:07,5.99,14.99,60.0,GBP,61,2016-06-14,14.99,GBP,GB,True,False,False,False,False,False,False,2184.0,-9.0,-0.600400266844563,2022-06-07,False,False,14.00449074074074,True
381210,018d937e-fef7-7274-bbce-e7d155c3d2d1,GB,2022-06-23 23:02:10,5.99,14.99,60.0,GBP,61,2016-06-14,14.99,GBP,GB,True,False,False,False,False,False,False,2200.0,-9.0,-0.600400266844563,2022-06-23,False,False,13.779745370370371,True
381210,018d937e-fef7-7274-bbce-e7d155c3d2d1,GB,2022-07-19 17:18:27,5.99,14.99,60.0,GBP,61,2016-06-14,14.99,GBP,GB,True,False,False,False,False,False,False,2226.0,-9.0,-0.600400266844563,2022-07-19,False,False,12.99554398148148,True
381210,018d937e-fef7-7274-bbce-e7d155c3d2d1,GB,2022-08-30 17:15:15,5.99,14.99,60.0,GBP,61,2016-06-14,14.99,GBP,GB,True,False,False,False,False,False,False,2268.0,-9.0,-0.600400266844563,2022-08-30,False,False,13.017222222222221,True
381210,018d937e-fef7-7274-bbce-e7d155c3d2d1,GB,2022-10-18 17:03:22,5.99,14.99,60.0,GBP,61,2016-06-14,14.99,GBP,GB,True,False,False,False,False,False,False,2317.0,-9.0,-0.600400266844563,2022-10-18,False,False,14.01056712962963,True
381210,018d937e-fef7-7274-bbce-e7d155c3d2d1,GB,2022-11-22 18:46:56,5.99,14.99,60.0,GBP,61,2016-06-14,14.99,GBP,GB,True,False,False,False,False,False,False,2352.0,-9.0,-0.600400266844563,2022-11-22,False,False,7.0082407407407405,True
381210,018d937e-fef7-7274-bbce-e7d155c3d2d1,GB,2022-12-22 18:37:35,5.24,14.99,65.0,GBP,61,2016-06-14,14.99,GBP,GB,True,False,False,False,False,False,False,2382.0,-9.75,-0.6504336224149433,2022-12-22,False,False,20.98033564814815,True
381210,018d937e-fef7-7274-bbce-e7d155c3d2d1,GB,2023-03-07 15:18:16,5.99,14.99,60.0,GBP,61,2016-06-14,14.99,GBP,GB,True,False,False,False,False,False,False,2457.0,-9.0,-0.600400266844563,2023-03-07,False,False,9.0,True
381210,018d937e-fef7-7274-bbce-e7d155c3d2d1,GB,2023-03-16 21:04:01,5.99,14.99,60.0,GBP,61,2016-06-14,14.99,GBP,GB,True,False,False,False,False,False,False,2466.0,-9.0,-0.600400266844563,2023-03-16,False,False,6.8604513888888885,True
381210,018d937e-fef7-7274-bbce-e7d155c3d2d1,GB,2023-04-20 17:19:17,5.99,14.99,60.0,GBP,61,2016-06-14,14.99,GBP,GB,True,False,False,False,False,False,False,2501.0,-9.0,-0.600400266844563,2023-04-20,False,False,9.999490740740741,True
381210,018d937e-fef7-7274-bbce-e7d155c3d2d1,GB,2023-06-13 17:18:40,5.99,14.99,60.0,GBP,61,2016-06-14,14.99,GBP,GB,True,False,False,False,False,False,False,2555.0,-9.0,-0.600400266844563,2023-06-13,False,False,8.000509259259259,True
381210,018d937e-fef7-7274-bbce-e7d155c3d2d1,GB,2023-06-29 17:26:27,5.99,14.99,60.0,GBP,61,2016-06-14,14.99,GBP,GB,True,False,False,False,False,False,False,2571.0,-9.0,-0.600400266844563,2023-06-29,False,False,14.04375,True
381210,018d937e-fef7-7274-bbce-e7d155c3d2d1,GB,2023-07-25 17:18:51,5.99,14.99,60.0,GBP,61,2016-06-14,14.99,GBP,GB,True,False,False,False,False,False,False,2597.0,-9.0,-0.600400266844563,2023-07-25,False,False,7.000300925925926,True
381210,018d937e-fef7-7274-bbce-e7d155c3d2d1,GB,2023-08-31 17:18:31,7.49,14.99,50.0,GBP,61,2016-06-14,14.99,GBP,GB,True,False,False,False,False,False,False,2634.0,-7.5,-0.5003335557038024,2023-08-31,False,False,12.003263888888888,True
381210,018d937e-fef7-7274-bbce-e7d155c3d2d1,GB,2023-10-19 17:20:36,5.99,14.99,60.0,GBP,61,2016-06-14,14.99,GBP,GB,True,False,False,False,False,False,False,2683.0,-9.0,-0.600400266844563,2023-10-19,False,False,13.999189814814814,True
381210,018d937e-fef7-7274-bbce-e7d155c3d2d1,GB,2023-11-21 18:32:01,5.99,14.99,60.0,GBP,61,2016-06-14,14.99,GBP,GB,True,False,False,False,False,False,False,2716.0,-9.0,-0.600400266844563,2023-11-21,False,False,7.002789351851852,True
381210,018d937e-fef7-7274-bbce-e7d155c3d2d1,GB,2023-12-21 18:18:15,5.24,14.99,65.0,GBP,61,2016-06-14,14.99,GBP,GB,True,False,False,False,False,False,False,2746.0,-9.75,-0.6504336224149433,2023-12-21,False,False,14.013877314814815,True
381210,018d937e-fef7-7274-bbce-e7d155c3d2d1,GB,2024-01-29 18:27:55,5.99,14.99,60.0,GBP,61,2016-06-14,14.99,GBP,GB,True,False,False,False,False,False,False,2785.0,-9.0,-0.600400266844563,2024-01-29,False,False,12.26042824074074,True
381210,018d937e-fef7-7274-bbce-e7d155c3d2d1,GB,2024-03-12 17:15:13,5.99,14.99,60.0,GBP,61,2016-06-14,14.99,GBP,GB,True,False,False,False,False,False,False,2828.0,-9.0,-0.600400266844563,2024-03-12,False,False,9.00261574074074,True
381210,018d937e-fef7-7274-bbce-e7d155c3d2d1,GB,2024-04-23 17:15:12,5.99,14.99,60.0,GBP,61,2016-06-14,14.99,GBP,GB,True,False,False,False,False,False,False,2870.0,-9.0,-0.600400266844563,2024-04-23,False,False,9.000405092592592,True
381210,018d937e-fef7-7274-bbce-e7d155c3d2d1,GB,2024-06-03 17:17:20,5.99,14.99,60.0,GBP,61,2016-06-14,14.99,GBP,GB,True,False,False,False,False,False,False,2911.0,-9.0,-0.600400266844563,2024-06-03,False,False,13.999328703703704,True
381210,018d937e-fef7-7274-bbce-e7d155c3d2d1,GB,2024-06-27 18:35:56,5.99,14.99,60.0,GBP,61,2016-06-14,14.99,GBP,GB,True,False,False,False,False,False,False,2935.0,-9.0,-0.600400266844563,2024-06-27,False,False,13.950347222222222,True
381210,018d937e-fef7-7274-bbce-e7d155c3d2d1,GB,2024-07-25 17:19:26,5.99,14.99,60.0,GBP,61,2016-06-14,14.99,GBP,GB,True,False,False,False,False,False,False,2963.0,-9.0,-0.600400266844563,2024-07-25,False,False,13.999699074074075,True
381210,018d937e-fef7-7274-bbce-e7d155c3d2d1,GB,2024-10-20 17:15:34,5.99,14.99,60.0,GBP,61,2016-06-14,14.99,GBP,GB,True,False,False,False,False,False,False,3050.0,-9.0,-0.600400266844563,2024-10-20,False,False,14.002060185185185,True
381210,018d937e-fef7-7274-bbce-e7d155c3d2d1,GB,2024-11-27 21:34:36,5.99,14.99,60.0,GBP,61,2016-06-14,14.99,GBP,GB,True,False,False,False,False,False,False,3088.0,-9.0,-0.600400266844563,2024-11-27,False,False,6.867800925925926,True
381210,018d937e-fef7-7274-bbce-e7d155c3d2d1,GB,2024-12-19 20:31:40,5.24,14.99,65.0,GBP,61,2016-06-14,14.99,GBP,GB,True,False,False,False,False,False,False,3110.0,-9.75,-0.6504336224149433,2024-12-19,False,False,13.911087962962963,True
381210,018d937e-fef7-7274-bbce-e7d155c3d2d1,GB,2025-02-10 18:26:01,5.99,14.99,60.0,GBP,61,2016-06-14,14.99,GBP,GB,True,False,False,False,False,False,False,3163.0,-9.0,-0.600400266844563,2025-02-10,False,False,13.9934375,True
381210,018d937e-fef7-7274-bbce-e7d155c3d2d1,GB,2025-03-13 19:25:30,5.99,14.99,60.0,GBP,61,2016-06-14,14.99,GBP,GB,True,False,False,False,False,False,False,3194.0,-9.0,-0.600400266844563,2025-03-13,False,False,6.916828703703704,True
381210,018d937e-fef7-7274-bbce-e7d155c3d2d1,GB,2025-04-02 15:18:31,5.99,14.99,60.0,GBP,61,2016-06-14,14.99,GBP,GB,True,False,False,False,False,False,False,3214.0,-9.0,-0.600400266844563,2025-04-02,False,False,12.999837962962962,True
381210,018d937e-fef7-7274-bbce-e7d155c3d2d1,GB,2025-06-17 17:17:18,5.99,14.99,60.0,GBP,61,2016-06-14,14.99,GBP,GB,True,False,False,False,False,False,False,3290.0,-9.0,-0.600400266844563,2025-06-17,False,False,23.005960648148147,True
381210,018d937e-fef7-7274-bbce-e7d155c3d2d1,GB,2025-07-29 16:18:21,5.99,14.99,60.0,GBP,61,2016-06-14,14.99,GBP,GB,True,False,False,False,False,False,False,3332.0,-9.0,-0.600400266844563,2025-07-29,False,False,13.99798611111111,True
381210,018d937e-fef7-7274-bbce-e7d155c3d2d1,GB,2025-09-29 20:57:42,5.99,14.99,60.0,GBP,61,2016-06-14,14.99,GBP,GB,True,False,False,False,False,False,False,3394.0,-9.0,-0.600400266844563,2025-09-29,False,False,6.901041666666667,True
381210,018d937e-fef7-7274-bbce-e7d155c3d2d1,GB,2025-10-20 17:21:52,5.99,14.99,60.0,GBP,61,2016-06-14,14.99,GBP,GB,True,False,False,False,False,False,False,3415.0,-9.0,-0.600400266844563,2025-10-20,False,False,13.995578703703703,True
381210,018d937e-fef7-7274-bbce-e7d155c3d2d1,JP,2024-12-07 14:50:46,1980.0,1980.0,0.0,JPY,61,2016-06-14,1980.0,JPY,JP,False,False,False,False,False,False,False,3098.0,0.0,0.0,2024-12-07,False,False,,False
381210,018d937e-fef7-7274-bbce-e7d155c3d2d1,JP,2024-12-19 23:01:39,693.0,1980.0,65.0,JPY,61,2016-06-14,1980.0,JPY,JP,True,False,False,False,False,False,False,3110.0,-1287.0,-0.65,2024-12-19,False,False,13.808599537037036,True
381210,018d937e-fef7-7274-bbce-e7d155c3d2d1,JP,2025-02-10 18:50:58,792.0,1980.0,60.0,JPY,61,2016-06-14,1980.0,JPY,JP,True,False,False,False,False,False,False,3163.0,-1188.0,-0.6,2025-02-10,False,False,13.976898148148148,True
381210,018d937e-fef7-7274-bbce-e7d155c3d2d1,JP,2025-03-13 20:10:47,792.0,1980.0,60.0,JPY,61,2016-06-14,1980.0,JPY,JP,True,False,False,False,False,False,False,3194.0,-1188.0,-0.6,2025-03-13,False,False,6.886724537037037,True
381210,018d937e-fef7-7274-bbce-e7d155c3d2d1,JP,2025-04-02 15:18:15,792.0,1980.0,60.0,JPY,61,2016-06-14,1980.0,JPY,JP,True,False,False,False,False,False,False,3214.0,-1188.0,-0.6,2025-04-02,False,False,12.998090277777777,True
381210,018d937e-fef7-7274-bbce-e7d155c3d2d1,JP,2025-06-17 17:18:32,792.0,1980.0,60.0,JPY,61,2016-06-14,1980.0,JPY,JP,True,False,False,False,False,False,False,3290.0,-1188.0,-0.6,2025-06-17,False,False,23.004328703703703,True
381210,018d937e-fef7-7274-bbce-e7d155c3d2d1,JP,2025-07-29 16:15:13,792.0,1980.0,60.0,JPY,61,2016-06-14,1980.0,JPY,JP,True,False,False,False,False,False,False,3332.0,-1188.0,-0.6,2025-07-29,False,False,14.000162037037038,True
381210,018d937e-fef7-7274-bbce-e7d155c3d2d1,JP,2025-09-29 21:28:49,792.0,1980.0,60.0,JPY,61,2016-06-14,1980.0,JPY,JP,True,False,False,False,False,False,False,3394.0,-1188.0,-0.6,2025-09-29,False,False,6.903738425925926,True
381210,018d937e-fef7-7274-bbce-e7d155c3d2d1,JP,2025-10-20 17:24:16,792.0,1980.0,60.0,JPY,61,2016-06-14,1980.0,JPY,JP,True,False,False,False,False,False,False,3415.0,-1188.0,-0.6,2025-10-20,False,False,13.9940625,True
381210,018d937e-fef7-7274-bbce-e7d155c3d2d1,PL,2016-07-04 17:39:22,87.956,87.956,0.0,PLN,61,2016-06-14,71.99,PLN,PL,False,True,True,False,False,False,False,20.0,15.966000000000008,0.22178080288929025,2016-07-04,True,True,,False
381210,018d937e-fef7-7274-bbce-e7d155c3d2d1,PL,2016-08-18 18:15:08,74.756,87.956,15.0,PLN,61,2016-06-14,71.99,PLN,PL,True,False,False,False,False,False,False,65.0,2.7660000000000053,0.03842200305598009,2016-08-18,True,True,4.020810185185185,True
381210,018d937e-fef7-7274-bbce-e7d155c3d2d1,PL,2016-10-28 19:45:05,61.556000000000004,87.956,30.0,PLN,61,2016-06-14,71.99,PLN,PL,True,False,False,False,False,False,False,136.0,-10.43399999999999,-0.14493679677733007,2016-10-28,True,True,3.9792939814814816,True
381210,018d937e-fef7-7274-bbce-e7d155c3d2d1,PL,2016-11-23 20:15:13,61.556000000000004,87.956,30.0,PLN,61,2016-06-14,71.99,PLN,PL,True,False,False,False,False,False,False,162.0,-10.43399999999999,-0.14493679677733007,2016-11-23,True,True,6.020752314814815,True
381210,018d937e-fef7-7274-bbce-e7d155c3d2d1,PL,2016-12-15 20:45:06,61.556000000000004,87.956,30.0,PLN,61,2016-06-14,71.99,PLN,PL,True,False,False,False,False,False,False,184.0,-10.43399999999999,-0.14493679677733007,2016-12-15,True,True,4.0,True
381210,018d937e-fef7-7274-bbce-e7d155c3d2d1,PL,2016-12-22 19:45:06,61.556000000000004,87.956,30.0,PLN,61,2016-06-14,71.99,PLN,PL,True,False,False,False,False,False,False,191.0,-10.43399999999999,-0.14493679677733007,2016-12-22,True,True,10.979282407407407,True
381210,018d937e-fef7-7274-bbce-e7d155c3d2d1,PL,2017-01-27 21:15:17,61.556000000000004,87.956,30.0,PLN,61,2016-06-14,71.99,PLN,PL,True,False,False,False,False,False,False,227.0,-10.43399999999999,-0.14493679677733007,2017-01-27,True,True,6.937372685185185,True
381210,018d937e-fef7-7274-bbce-e7d155c3d2d1,PL,2017-03-08 18:45:06,52.75600000000001,87.956,40.0,PLN,61,2016-06-14,71.99,PLN,PL,True,False,False,False,False,False,False,267.0,-19.233999999999988,-0.2671759966662035,2017-03-08,True,True,5.020949074074074,True
381210,018d937e-fef7-7274-bbce-e7d155c3d2d1,PL,2017-06-14 18:45:06,52.75600000000001,87.956,40.0,PLN,61,2016-06-14,71.99,PLN,PL,True,False,False,False,False,False,False,365.0,-19.233999999999988,-0.2671759966662035,2017-06-14,True,True,21.041666666666668,True
381210,018d937e-fef7-7274-bbce-e7d155c3d2d1,PL,2017-06-15 20:45:05,65.956,131.95600000000002,50.0,PLN,61,2016-06-14,71.99,PLN,PL,True,False,False,False,False,False,False,366.0,-6.033999999999992,-0.08381719683289335,2017-06-15,True,True,,False
381210,018d937e-fef7-7274-bbce-e7d155c3d2d1,PL,2017-06-15 21:45:05,52.75600000000001,87.956,40.0,PLN,61,2016-06-14,71.99,PLN,PL,True,False,False,False,False,False,False,366.0,-19.233999999999988,-0.2671759966662035,2017-06-15,True,True,,False
381210,018d937e-fef7-7274-bbce-e7d155c3d2d1,PL,2017-06-15 23:15:10,65.956,131.95600000000002,50.0,PLN,61,2016-06-14,71.99,PLN,PL,True,False,False,False,False,False,False,366.0,-6.033999999999992,-0.08381719683289335,2017-06-15,True,True,,False
381210,018d937e-fef7-7274-bbce-e7d155c3d2d1,PL,2017-06-16 00:45:05,52.75600000000001,87.956,40.0,PLN,61,2016-06-14,71.99,PLN,PL,True,False,False,False,False,False,False,367.0,-19.233999999999988,-0.2671759966662035,2017-06-16,True,True,,False
381210,018d937e-fef7-7274-bbce-e7d155c3d2d1,PL,2017-06-16 11:45:05,65.956,131.95600000000002,50.0,PLN,61,2016-06-14,71.99,PLN,PL,True,False,False,False,False,False,False,367.0,-6.033999999999992,-0.08381719683289335,2017-06-16,True,True,,False
381210,018d937e-fef7-7274-bbce-e7d155c3d2d1,PL,2017-06-16 12:15:08,52.75600000000001,87.956,40.0,PLN,61,2016-06-14,71.99,PLN,PL,True,False,False,False,False,False,False,367.0,-19.233999999999988,-0.2671759966662035,2017-06-16,True,True,,False
381210,018d937e-fef7-7274-bbce-e7d155c3d2d1,PL,2017-06-16 22:45:04,65.956,131.95600000000002,50.0,PLN,61,2016-06-14,71.99,PLN,PL,True,False,False,False,False,False,False,367.0,-6.033999999999992,-0.08381719683289335,2017-06-16,True,True,,False
381210,018d937e-fef7-7274-bbce-e7d155c3d2d1,PL,2017-06-17 00:15:07,52.75600000000001,87.956,40.0,PLN,61,2016-06-14,71.99,PLN,PL,True,False,False,False,False,False,False,368.0,-19.233999999999988,-0.2671759966662035,2017-06-17,True,True,,False
381210,018d937e-fef7-7274-bbce-e7d155c3d2d1,PL,2017-06-17 06:15:13,65.956,131.95600000000002,50.0,PLN,61,2016-06-14,71.99,PLN,PL,True,False,False,False,False,False,False,368.0,-6.033999999999992,-0.08381719683289335,2017-06-17,True,True,,False
381210,018d937e-fef7-7274-bbce-e7d155c3d2d1,PL,2017-06-17 06:45:06,52.75600000000001,87.956,40.0,PLN,61,2016-06-14,71.99,PLN,PL,True,False,False,False,False,False,False,368.0,-19.233999999999988,-0.2671759966662035,2017-06-17,True,True,,False
381210,018d937e-fef7-7274-bbce-e7d155c3d2d1,PL,2017-06-17 19:15:07,65.956,131.95600000000002,50.0,PLN,61,2016-06-14,71.99,PLN,PL,True,False,False,False,False,False,False,368.0,-6.033999999999992,-0.08381719683289335,2017-06-17,True,True,,False
381210,018d937e-fef7-7274-bbce-e7d155c3d2d1,PL,2017-06-17 19:45:07,52.75600000000001,87.956,40.0,PLN,61,2016-06-14,71.99,PLN,PL,True,False,False,False,False,False,False,368.0,-19.233999999999988,-0.2671759966662035,2017-06-17,True,True,,False
381210,018d937e-fef7-7274-bbce-e7d155c3d2d1,PL,2017-06-18 09:45:07,65.956,131.95600000000002,50.0,PLN,61,2016-06-14,71.99,PLN,PL,True,False,False,False,False,False,False,369.0,-6.033999999999992,-0.08381719683289335,2017-06-18,True,True,,False
381210,018d937e-fef7-7274-bbce-e7d155c3d2d1,PL,2017-06-18 10:15:08,52.75600000000001,87.956,40.0,PLN,61,2016-06-14,71.99,PLN,PL,True,False,False,False,False,False,False,369.0,-19.233999999999988,-0.2671759966662035,2017-06-18,True,True,,False
381210,018d937e-fef7-7274-bbce-e7d155c3d2d1,PL,2017-06-18 12:45:04,65.956,131.95600000000002,50.0,PLN,61,2016-06-14,71.99,PLN,PL,True,False,False,False,False,False,False,369.0,-6.033999999999992,-0.08381719683289335,2017-06-18,True,True,,False
381210,018d937e-fef7-7274-bbce-e7d155c3d2d1,PL,2017-06-18 14:15:08,52.75600000000001,87.956,40.0,PLN,61,2016-06-14,71.99,PLN,PL,True,False,False,False,False,False,False,369.0,-19.233999999999988,-0.2671759966662035,2017-06-18,True,True,,False
381210,018d937e-fef7-7274-bbce-e7d155c3d2d1,PL,2017-06-21 04:15:09,65.956,131.95600000000002,50.0,PLN,61,2016-06-14,71.99,PLN,PL,True,False,False,False,False,False,False,372.0,-6.033999999999992,-0.08381719683289335,2017-06-21,True,True,,False
381210,018d937e-fef7-7274-bbce-e7d155c3d2d1,PL,2017-06-21 06:15:07,52.75600000000001,87.956,40.0,PLN,61,2016-06-14,71.99,PLN,PL,True,False,False,False,False,False,False,372.0,-19.233999999999988,-0.2671759966662035,2017-06-21,True,True,,False
381210,018d937e-fef7-7274-bbce-e7d155c3d2d1,PL,2017-06-21 08:45:07,65.956,131.95600000000002,50.0,PLN,61,2016-06-14,71.99,PLN,PL,True,False,False,False,False,False,False,372.0,-6.033999999999992,-0.08381719683289335,2017-06-21,True,True,,False
381210,018d937e-fef7-7274-bbce-e7d155c3d2d1,PL,2017-06-21 09:45:06,52.75600000000001,87.956,40.0,PLN,61,2016-06-14,71.99,PLN,PL,True,False,False,False,False,False,False,372.0,-19.233999999999988,-0.2671759966662035,2017-06-21,True,True,,False
381210,018d937e-fef7-7274-bbce-e7d155c3d2d1,PL,2017-06-24 11:15:10,65.956,131.95600000000002,50.0,PLN,61,2016-06-14,71.99,PLN,PL,True,False,False,False,False,False,False,375.0,-6.033999999999992,-0.08381719683289335,2017-06-24,True,True,,False
381210,018d937e-fef7-7274-bbce-e7d155c3d2d1,PL,2017-06-24 12:15:09,52.75600000000001,87.956,40.0,PLN,61,2016-06-14,71.99,PLN,PL,True,False,False,False,False,False,False,375.0,-19.233999999999988,-0.2671759966662035,2017-06-24,True,True,,False
381210,018d937e-fef7-7274-bbce-e7d155c3d2d1,PL,2017-06-26 02:45:04,65.956,131.95600000000002,50.0,PLN,61,2016-06-14,71.99,PLN,PL,True,False,False,False,False,False,False,377.0,-6.033999999999992,-0.08381719683289335,2017-06-26,True,True,,False
381210,018d937e-fef7-7274-bbce-e7d155c3d2d1,PL,2017-06-26 04:45:06,52.75600000000001,87.956,40.0,PLN,61,2016-06-14,71.99,PLN,PL,True,False,False,False,False,False,False,377.0,-19.233999999999988,-0.2671759966662035,2017-06-26,True,True,,False
381210,018d937e-fef7-7274-bbce-e7d155c3d2d1,PL,2017-06-26 19:45:06,65.956,131.95600000000002,50.0,PLN,61,2016-06-14,71.99,PLN,PL,True,False,False,False,False,False,False,377.0,-6.033999999999992,-0.08381719683289335,2017-06-26,True,True,,False
381210,018d937e-fef7-7274-bbce-e7d155c3d2d1,PL,2017-06-26 21:15:10,52.75600000000001,87.956,40.0,PLN,61,2016-06-14,71.99,PLN,PL,True,False,False,False,False,False,False,377.0,-19.233999999999988,-0.2671759966662035,2017-06-26,True,True,,False
381210,018d937e-fef7-7274-bbce-e7d155c3d2d1,PL,2017-06-27 04:15:10,65.956,131.95600000000002,50.0,PLN,61,2016-06-14,71.99,PLN,PL,True,False,False,False,False,False,False,378.0,-6.033999999999992,-0.08381719683289335,2017-06-27,True,True,,False
381210,018d937e-fef7-7274-bbce-e7d155c3d2d1,PL,2017-06-27 06:15:10,52.75600000000001,87.956,40.0,PLN,61,2016-06-14,71.99,PLN,PL,True,False,False,False,False,False,False,378.0,-19.233999999999988,-0.2671759966662035,2017-06-27,True,True,,False
381210,018d937e-fef7-7274-bbce-e7d155c3d2d1,PL,2017-06-28 19:15:10,65.956,131.95600000000002,50.0,PLN,61,2016-06-14,71.99,PLN,PL,True,False,False,False,False,False,False,379.0,-6.033999999999992,-0.08381719683289335,2017-06-28,True,True,,False
381210,018d937e-fef7-7274-bbce-e7d155c3d2d1,PL,2017-06-28 19:45:05,52.75600000000001,87.956,40.0,PLN,61,2016-06-14,71.99,PLN,PL,True,False,False,False,False,False,False,379.0,-19.233999999999988,-0.2671759966662035,2017-06-28,True,True,,False
381210,018d937e-fef7-7274-bbce-e7d155c3d2d1,PL,2017-06-29 02:15:12,65.956,131.95600000000002,50.0,PLN,61,2016-06-14,71.99,PLN,PL,True,False,False,False,False,False,False,380.0,-6.033999999999992,-0.08381719683289335,2017-06-29,True,True,,False
381210,018d937e-fef7-7274-bbce-e7d155c3d2d1,PL,2017-06-29 02:45:04,52.75600000000001,87.956,40.0,PLN,61,2016-06-14,71.99,PLN,PL,True,False,False,False,False,False,False,380.0,-19.233999999999988,-0.2671759966662035,2017-06-29,True,True,,False
381210,018d937e-fef7-7274-bbce-e7d155c3d2d1,PL,2017-06-29 08:45:04,65.956,131.95600000000002,50.0,PLN,61,2016-06-14,71.99,PLN,PL,True,False,False,False,False,False,False,380.0,-6.033999999999992,-0.08381719683289335,2017-06-29,True,True,,False
381210,018d937e-fef7-7274-bbce-e7d155c3d2d1,PL,2017-06-29 09:15:13,52.75600000000001,87.956,40.0,PLN,61,2016-06-14,71.99,PLN,PL,True,False,False,False,False,False,False,380.0,-19.233999999999988,-0.2671759966662035,2017-06-29,True,True,,False
381210,018d937e-fef7-7274-bbce-e7d155c3d2d1,PL,2017-06-30 03:15:15,65.956,131.95600000000002,50.0,PLN,61,2016-06-14,71.99,PLN,PL,True,False,False,False,False,False,False,381.0,-6.033999999999992,-0.08381719683289335,2017-06-30,True,True,,False
381210,018d937e-fef7-7274-bbce-e7d155c3d2d1,PL,2017-06-30 04:15:13,52.75600000000001,87.956,40.0,PLN,61,2016-06-14,71.99,PLN,PL,True,False,False,False,False,False,False,381.0,-19.233999999999988,-0.2671759966662035,2017-06-30,True,True,,False
381210,018d937e-fef7-7274-bbce-e7d155c3d2d1,PL,2017-07-01 02:45:04,65.956,131.95600000000002,50.0,PLN,61,2016-06-14,71.99,PLN,PL,True,False,False,False,False,False,False,382.0,-6.033999999999992,-0.08381719683289335,2017-07-01,True,True,,False
381210,018d937e-fef7-7274-bbce-e7d155c3d2d1,PL,2017-07-01 05:15:12,52.75600000000001,87.956,40.0,PLN,61,2016-06-14,71.99,PLN,PL,True,False,False,False,False,False,False,382.0,-19.233999999999988,-0.2671759966662035,2017-07-01,True,True,,False
381210,018d937e-fef7-7274-bbce-e7d155c3d2d1,PL,2017-07-02 03:45:06,65.956,131.95600000000002,50.0,PLN,61,2016-06-14,71.99,PLN,PL,True,False,False,False,False,False,False,383.0,-6.033999999999992,-0.08381719683289335,2017-07-02,True,True,,False
381210,018d937e-fef7-7274-bbce-e7d155c3d2d1,PL,2017-07-02 04:15:13,52.75600000000001,87.956,40.0,PLN,61,2016-06-14,71.99,PLN,PL,True,False,False,False,False,False,False,383.0,-19.233999999999988,-0.2671759966662035,2017-07-02,True,True,,False
381210,018d937e-fef7-7274-bbce-e7d155c3d2d1,PL,2017-07-02 12:45:05,65.956,131.95600000000002,50.0,PLN,61,2016-06-14,71.99,PLN,PL,True,False,False,False,False,False,False,383.0,-6.033999999999992,-0.08381719683289335,2017-07-02,True,True,,False
381210,018d937e-fef7-7274-bbce-e7d155c3d2d1,PL,2017-07-02 13:15:14,52.75600000000001,87.956,40.0,PLN,61,2016-06-14,71.99,PLN,PL,True,False,False,False,False,False,False,383.0,-19.233999999999988,-0.2671759966662035,2017-07-02,True,True,,False
381210,018d937e-fef7-7274-bbce-e7d155c3d2d1,PL,2017-07-05 15:15:12,65.956,131.95600000000002,50.0,PLN,61,2016-06-14,71.99,PLN,PL,True,False,False,False,False,False,False,386.0,-6.033999999999992,-0.08381719683289335,2017-07-05,True,True,,False
381210,018d937e-fef7-7274-bbce-e7d155c3d2d1,PL,2017-07-05 16:15:10,52.75600000000001,87.956,40.0,PLN,61,2016-06-14,71.99,PLN,PL,True,False,False,False,False,False,False,386.0,-19.233999999999988,-0.2671759966662035,2017-07-05,True,True,,False
381210,018d937e-fef7-7274-bbce-e7d155c3d2d1,PL,2017-09-12 18:15:19,43.956,87.956,50.0,PLN,61,2016-06-14,71.99,PLN,PL,True,False,False,False,False,False,False,455.0,-28.033999999999992,-0.38941519655507706,2017-09-12,True,True,6.020717592592592,True
381210,018d937e-fef7-7274-bbce-e7d155c3d2d1,PL,2017-10-26 18:45:05,43.956,87.956,50.0,PLN,61,2016-06-14,71.99,PLN,PL,True,False,False,False,False,False,False,499.0,-28.033999999999992,-0.38941519655507706,2017-10-26,True,True,6.000011574074074,True
381210,018d937e-fef7-7274-bbce-e7d155c3d2d1,PL,2017-11-22 18:45:05,43.956,87.956,50.0,PLN,61,2016-06-14,71.99,PLN,PL,True,False,False,False,False,False,False,526.0,-28.033999999999992,-0.38941519655507706,2017-11-22,True,True,6.062615740740741,True
381210,018d937e-fef7-7274-bbce-e7d155c3d2d1,PL,2017-12-21 20:45:05,43.956,87.956,50.0,PLN,61,2016-06-14,71.99,PLN,PL,True,False,False,False,False,False,False,555.0,-28.033999999999992,-0.38941519655507706,2017-12-21,True,True,13.916689814814815,True
381210,018d937e-fef7-7274-bbce-e7d155c3d2d1,PL,2018-02-15 20:15:06,43.956,87.956,50.0,PLN,61,2016-06-14,71.99,PLN,PL,True,False,False,False,False,False,False,611.0,-28.033999999999992,-0.38941519655507706,2018-02-15,True,True,3.9374884259259257,True
381210,018d937e-fef7-7274-bbce-e7d155c3d2d1,PL,2018-05-24 20:15:07,43.956,87.956,50.0,PLN,61,2016-06-14,71.99,PLN,PL,True,False,False,False,False,False,False,709.0,-28.033999999999992,-0.38941519655507706,2018-05-24,True,True,4.124988425925926,True
381210,018d937e-fef7-7274-bbce-e7d155c3d2d1,PL,2018-05-25 05:45:06,52.75600000000001,131.95600000000002,60.0,PLN,61,2016-06-14,71.99,PLN,PL,True,False,False,False,False,False,False,710.0,-19.233999999999988,-0.2671759966662035,2018-05-25,True,True,,False
381210,018d937e-fef7-7274-bbce-e7d155c3d2d1,PL,2018-05-25 06:45:05,43.956,87.956,50.0,PLN,61,2016-06-14,71.99,PLN,PL,True,False,False,False,False,False,False,710.0,-28.033999999999992,-0.38941519655507706,2018-05-25,True,True,,False
381210,018d937e-fef7-7274-bbce-e7d155c3d2d1,PL,2018-05-26 00:15:06,52.75600000000001,131.95600000000002,60.0,PLN,61,2016-06-14,71.99,PLN,PL,True,False,False,False,False,False,False,711.0,-19.233999999999988,-0.2671759966662035,2018-05-26,True,True,,False
381210,018d937e-fef7-7274-bbce-e7d155c3d2d1,PL,2018-05-26 02:15:08,43.956,87.956,50.0,PLN,61,2016-06-14,71.99,PLN,PL,True,False,False,False,False,False,False,711.0,-28.033999999999992,-0.38941519655507706,2018-05-26,True,True,,False
381210,018d937e-fef7-7274-bbce-e7d155c3d2d1,PL,2018-05-26 06:15:07,52.75600000000001,131.95600000000002,60.0,PLN,61,2016-06-14,71.99,PLN,PL,True,False,False,False,False,False,False,711.0,-19.233999999999988,-0.2671759966662035,2018-05-26,True,True,,False
381210,018d937e-fef7-7274-bbce-e7d155c3d2d1,PL,2018-05-26 06:45:07,43.956,87.956,50.0,PLN,61,2016-06-14,71.99,PLN,PL,True,False,False,False,False,False,False,711.0,-28.033999999999992,-0.38941519655507706,2018-05-26,True,True,,False
381210,018d937e-fef7-7274-bbce-e7d155c3d2d1,PL,2018-05-27 04:15:05,52.75600000000001,131.95600000000002,60.0,PLN,61,2016-06-14,71.99,PLN,PL,True,False,False,False,False,False,False,712.0,-19.233999999999988,-0.2671759966662035,2018-05-27,True,True,,False
381210,018d937e-fef7-7274-bbce-e7d155c3d2d1,PL,2018-05-27 05:45:07,43.956,87.956,50.0,PLN,61,2016-06-14,71.99,PLN,PL,True,False,False,False,False,False,False,712.0,-28.033999999999992,-0.38941519655507706,2018-05-27,True,True,,False
381210,018d937e-fef7-7274-bbce-e7d155c3d2d1,PL,2018-05-27 09:15:07,52.75600000000001,131.95600000000002,60.0,PLN,61,2016-06-14,71.99,PLN,PL,True,False,False,False,False,False,False,712.0,-19.233999999999988,-0.2671759966662035,2018-05-27,True,True,,False
381210,018d937e-fef7-7274-bbce-e7d155c3d2d1,PL,2018-05-27 09:45:05,43.956,87.956,50.0,PLN,61,2016-06-14,71.99,PLN,PL,True,False,False,False,False,False,False,712.0,-28.033999999999992,-0.38941519655507706,2018-05-27,True,True,,False
381210,018d937e-fef7-7274-bbce-e7d155c3d2d1,PL,2018-05-27 21:45:06,52.75600000000001,131.95600000000002,60.0,PLN,61,2016-06-14,71.99,PLN,PL,True,False,False,False,False,False,False,712.0,-19.233999999999988,-0.2671759966662035,2018-05-27,True,True,,False
381210,018d937e-fef7-7274-bbce-e7d155c3d2d1,PL,2018-05-28 00:15:06,43.956,87.956,50.0,PLN,61,2016-06-14,71.99,PLN,PL,True,False,False,False,False,False,False,713.0,-28.033999999999992,-0.38941519655507706,2018-05-28,True,True,,False
381210,018d937e-fef7-7274-bbce-e7d155c3d2d1,PL,2018-05-28 05:15:07,52.75600000000001,131.95600000000002,60.0,PLN,61,2016-06-14,71.99,PLN,PL,True,False,False,False,False,False,False,713.0,-19.233999999999988,-0.2671759966662035,2018-05-28,True,True,,False
381210,018d937e-fef7-7274-bbce-e7d155c3d2d1,PL,2018-05-28 05:45:07,43.956,87.956,50.0,PLN,61,2016-06-14,71.99,PLN,PL,True,False,False,False,False,False,False,713.0,-28.033999999999992,-0.38941519655507706,2018-05-28,True,True,,False
381210,018d937e-fef7-7274-bbce-e7d155c3d2d1,PL,2018-05-28 20:15:09,52.75600000000001,131.95600000000002,60.0,PLN,61,2016-06-14,71.99,PLN,PL,True,False,False,False,False,False,False,713.0,-19.233999999999988,-0.2671759966662035,2018-05-28,True,True,,False
381210,018d937e-fef7-7274-bbce-e7d155c3d2d1,PL,2018-06-14 17:19:16,43.956,87.956,50.0,PLN,61,2016-06-14,71.99,PLN,PL,True,False,False,False,False,False,False,730.0,-28.033999999999992,-0.38941519655507706,2018-06-14,True,True,20.997592592592593,True
381210,018d937e-fef7-7274-bbce-e7d155c3d2d1,PL,2018-09-18 18:46:29,43.956,87.956,50.0,PLN,61,2016-06-14,71.99,PLN,PL,True,False,False,False,False,False,False,826.0,-28.033999999999992,-0.38941519655507706,2018-09-18,True,True,7.0232986111111115,True
381210,018d937e-fef7-7274-bbce-e7d155c3d2d1,PL,2018-10-01 16:52:06,43.956,87.956,50.0,PLN,61,2016-06-14,71.99,PLN,PL,True,False,False,False,False,False,False,839.0,-28.033999999999992,-0.38941519655507706,2018-10-01,True,True,0.029618055555555557,True
381210,018d937e-fef7-7274-bbce-e7d155c3d2d1,PL,2018-10-26 17:16:18,43.956,87.956,50.0,PLN,61,2016-06-14,71.99,PLN,PL,True,False,False,False,False,False,False,864.0,-28.033999999999992,-0.38941519655507706,2018-10-26,True,True,7.019247685185185,True
381210,018d937e-fef7-7274-bbce-e7d155c3d2d1,PL,2018-11-21 19:14:44,43.956,87.956,50.0,PLN,61,2016-06-14,71.99,PLN,PL,True,False,False,False,False,False,False,890.0,-28.033999999999992,-0.38941519655507706,2018-11-21,True,True,6.020648148148148,True
381210,018d937e-fef7-7274-bbce-e7d155c3d2d1,PL,2018-12-20 18:30:46,43.956,87.956,50.0,PLN,61,2016-06-14,71.99,PLN,PL,True,False,False,False,False,False,False,919.0,-28.033999999999992,-0.38941519655507706,2018-12-20,True,True,14.19724537037037,True
381210,018d937e-fef7-7274-bbce-e7d155c3d2d1,PL,2019-01-17 19:48:01,43.956,87.956,50.0,PLN,61,2016-06-14,71.99,PLN,PL,True,False,False,False,False,False,False,947.0,-28.033999999999992,-0.38941519655507706,2019-01-17,True,True,3.946342592592593,True
381210,018d937e-fef7-7274-bbce-e7d155c3d2d1,PL,2019-02-04 18:06:23,43.956,87.956,50.0,PLN,61,2016-06-14,71.99,PLN,PL,True,False,False,False,False,False,False,965.0,-28.033999999999992,-0.38941519655507706,2019-02-04,True,True,7.0106828703703705,True
381210,018d937e-fef7-7274-bbce-e7d155c3d2d1,PL,2019-04-04 19:01:25,43.956,87.956,50.0,PLN,61,2016-06-14,71.99,PLN,PL,True,False,False,False,False,False,False,1024.0,-28.033999999999992,-0.38941519655507706,2019-04-04,True,True,5.969224537037037,True
381210,018d937e-fef7-7274-bbce-e7d155c3d2d1,PL,2019-05-24 17:13:35,43.956,87.956,50.0,PLN,61,2016-06-14,71.99,PLN,PL,True,False,False,False,False,False,False,1074.0,-28.033999999999992,-0.38941519655507706,2019-05-24,True,True,4.001782407407408,True
381210,018d937e-fef7-7274-bbce-e7d155c3d2d1,PL,2019-06-18 17:12:22,43.956,87.956,50.0,PLN,61,2016-06-14,71.99,PLN,PL,True,False,False,False,False,False,False,1099.0,-28.033999999999992,-0.38941519655507706,2019-06-18,True,True,21.069525462962964,True
381210,018d937e-fef7-7274-bbce-e7d155c3d2d1,PL,2019-09-17 16:21:55,43.956,87.956,50.0,PLN,61,2016-06-14,71.99,PLN,PL,True,False,False,False,False,False,False,1190.0,-28.033999999999992,-0.38941519655507706,2019-09-17,True,True,8.04125,True
381210,018d937e-fef7-7274-bbce-e7d155c3d2d1,PL,2019-10-24 17:21:28,43.956,87.956,50.0,PLN,61,2016-06-14,71.99,PLN,PL,True,False,False,False,False,False,False,1227.0,-28.033999999999992,-0.38941519655507706,2019-10-24,True,True,8.004467592592592,True
381210,018d937e-fef7-7274-bbce-e7d155c3d2d1,PL,2019-11-26 18:08:34,43.956,87.956,50.0,PLN,61,2016-06-14,71.99,PLN,PL,True,False,False,False,False,False,False,1260.0,-28.033999999999992,-0.38941519655507706,2019-11-26,True,True,7.016226851851852,True
381210,018d937e-fef7-7274-bbce-e7d155c3d2d1,PL,2019-12-19 18:12:33,35.156000000000006,87.956,60.0,PLN,61,2016-06-14,71.99,PLN,PL,True,False,False,False,False,False,False,1283.0,-36.83399999999999,-0.5116543964439504,2019-12-19,True,True,14.018148148148148,True
381210,018d937e-fef7-7274-bbce-e7d155c3d2d1,PL,2020-01-22 18:21:25,35.156000000000006,87.956,60.0,PLN,61,2016-06-14,71.99,PLN,PL,True,False,False,False,False,False,False,1317.0,-36.83399999999999,-0.5116543964439504,2020-01-22,True,True,5.004583333333334,True
381210,018d937e-fef7-7274-bbce-e7d155c3d2d1,PL,2020-03-09 17:21:35,35.156000000000006,87.956,60.0,PLN,61,2016-06-14,71.99,PLN,PL,True,False,False,False,False,False,False,1364.0,-36.83399999999999,-0.5116543964439504,2020-03-09,True,True,7.999722222222222,True
381210,018d937e-fef7-7274-bbce-e7d155c3d2d1,PL,2020-04-21 17:21:29,35.156000000000006,87.956,60.0,PLN,61,2016-06-14,71.99,PLN,PL,True,False,False,False,False,False,False,1407.0,-36.83399999999999,-0.5116543964439504,2020-04-21,True,True,2.999849537037037,True
381210,018d937e-fef7-7274-bbce-e7d155c3d2d1,PL,2020-07-09 17:55:18,131.95600000000002,131.95600000000002,0.0,PLN,61,2016-06-14,71.99,PLN,PL,False,False,False,True,False,False,False,1486.0,59.96600000000002,0.8329768023336579,2020-07-09,True,True,,False
381210,018d937e-fef7-7274-bbce-e7d155c3d2d1,PL,2020-07-31 17:21:13,35.156000000000006,87.956,60.0,PLN,61,2016-06-14,71.99,PLN,PL,True,False,False,False,False,False,False,1508.0,-36.83399999999999,-0.5116543964439504,2020-07-31,True,True,7.000162037037037,True
381210,018d937e-fef7-7274-bbce-e7d155c3d2d1,PL,2020-09-08 17:21:24,35.156000000000006,87.956,60.0,PLN,61,2016-06-14,71.99,PLN,PL,True,False,False,False,False,False,False,1547.0,-36.83399999999999,-0.5116543964439504,2020-09-08,True,True,6.000532407407407,True
381210,018d937e-fef7-7274-bbce-e7d155c3d2d1,PL,2020-09-08 18:09:57,35.156000000000006,87.956,60.0,PLN,61,2016-06-14,71.99,PLN,PL,True,False,False,False,False,False,False,1547.0,-36.83399999999999,-0.5116543964439504,2020-09-08,True,True,,False
381210,018d937e-fef7-7274-bbce-e7d155c3d2d1,PL,2020-10-29 17:07:28,35.156000000000006,87.956,60.0,PLN,61,2016-06-14,71.99,PLN,PL,True,False,False,False,False,False,False,1598.0,-36.83399999999999,-0.5116543964439504,2020-10-29,True,True,4.053738425925926,True
381210,018d937e-fef7-7274-bbce-e7d155c3d2d1,PL,2020-11-25 18:23:05,35.156000000000006,87.956,60.0,PLN,61,2016-06-14,71.99,PLN,PL,True,False,False,False,False,False,False,1625.0,-36.83399999999999,-0.5116543964439504,2020-11-25,True,True,5.999525462962963,True
381210,018d937e-fef7-7274-bbce-e7d155c3d2d1,PL,2020-12-22 19:03:34,35.156000000000006,87.956,60.0,PLN,61,2016-06-14,71.99,PLN,PL,True,False,False,False,False,False,False,1652.0,-36.83399999999999,-0.5116543964439504,2020-12-22,True,True,13.992847222222222,True
381210,018d937e-fef7-7274-bbce-e7d155c3d2d1,PL,2021-02-11 19:02:46,52.75600000000001,87.956,40.0,PLN,61,2016-06-14,71.99,PLN,PL,True,False,False,False,False,False,False,1703.0,-19.233999999999988,-0.2671759966662035,2021-02-11,True,True,3.975277777777778,True
381210,018d937e-fef7-7274-bbce-e7d155c3d2d1,PL,2021-03-30 17:18:18,43.956,87.956,50.0,PLN,61,2016-06-14,71.99,PLN,PL,True,False,False,False,False,False,False,1750.0,-28.033999999999992,-0.38941519655507706,2021-03-30,True,True,14.000636574074074,True
381210,018d937e-fef7-7274-bbce-e7d155c3d2d1,PL,2021-05-05 17:18:19,57.156000000000006,87.956,35.0,PLN,61,2016-06-14,71.99,PLN,PL,True,False,False,False,False,False,False,1786.0,-14.833999999999989,-0.2060563967217668,2021-05-05,True,True,6.0003472222222225,True
381210,018d937e-fef7-7274-bbce-e7d155c3d2d1,PL,2021-06-15 17:18:15,52.75600000000001,87.956,40.0,PLN,61,2016-06-14,71.99,PLN,PL,True,False,False,False,False,False,False,1827.0,-19.233999999999988,-0.2671759966662035,2021-06-15,True,True,28.99326388888889,True
381210,018d937e-fef7-7274-bbce-e7d155c3d2d1,PL,2021-09-07 17:19:12,43.956,87.956,50.0,PLN,61,2016-06-14,71.99,PLN,PL,True,False,False,False,False,False,False,1911.0,-28.033999999999992,-0.38941519655507706,2021-09-07,True,True,13.007939814814815,True
381210,018d937e-fef7-7274-bbce-e7d155c3d2d1,PL,2021-10-19 17:03:14,43.956,87.956,50.0,PLN,61,2016-06-14,71.99,PLN,PL,True,False,False,False,False,False,False,1953.0,-28.033999999999992,-0.38941519655507706,2021-10-19,True,True,13.053622685185186,True
381210,018d937e-fef7-7274-bbce-e7d155c3d2d1,PL,2021-11-30 18:54:32,43.956,87.956,50.0,PLN,61,2016-06-14,71.99,PLN,PL,True,False,False,False,False,False,False,1995.0,-28.033999999999992,-0.38941519655507706,2021-11-30,True,True,6.975011574074074,True
381210,018d937e-fef7-7274-bbce-e7d155c3d2d1,PL,2021-12-22 23:07:51,43.956,87.956,50.0,PLN,61,2016-06-14,71.99,PLN,PL,True,False,False,False,False,False,False,2017.0,-28.033999999999992,-0.38941519655507706,2021-12-22,True,True,13.809872685185185,True
381210,018d937e-fef7-7274-bbce-e7d155c3d2d1,PL,2022-01-27 18:38:00,43.956,87.956,50.0,PLN,61,2016-06-14,71.99,PLN,PL,True,False,False,False,False,False,False,2053.0,-28.033999999999992,-0.38941519655507706,2022-01-27,True,True,11.026388888888889,True
381210,018d937e-fef7-7274-bbce-e7d155c3d2d1,PL,2022-03-08 18:19:36,43.956,87.956,50.0,PLN,61,2016-06-14,71.99,PLN,PL,True,False,False,False,False,False,False,2093.0,-28.033999999999992,-0.38941519655507706,2022-03-08,True,True,13.957951388888889,True
381210,018d937e-fef7-7274-bbce-e7d155c3d2d1,PL,2022-04-26 17:19:10,43.956,87.956,50.0,PLN,61,2016-06-14,71.99,PLN,PL,True,False,False,False,False,False,False,2142.0,-28.033999999999992,-0.38941519655507706,2022-04-26,True,True,13.999618055555555,True
381210,018d937e-fef7-7274-bbce-e7d155c3d2d1,PL,2022-06-07 17:06:01,35.156000000000006,87.956,60.0,PLN,61,2016-06-14,71.99,PLN,PL,True,False,False,False,False,False,False,2184.0,-36.83399999999999,-0.5116543964439504,2022-06-07,True,True,13.998020833333333,True
381210,018d937e-fef7-7274-bbce-e7d155c3d2d1,PL,2022-06-23 18:13:57,35.156000000000006,87.956,60.0,PLN,61,2016-06-14,71.99,PLN,PL,True,False,False,False,False,False,False,2200.0,-36.83399999999999,-0.5116543964439504,2022-06-23,True,True,13.964340277777778,True
381210,018d937e-fef7-7274-bbce-e7d155c3d2d1,PL,2022-07-19 17:12:10,35.156000000000006,87.956,60.0,PLN,61,2016-06-14,71.99,PLN,PL,True,False,False,False,False,False,False,2226.0,-36.83399999999999,-0.5116543964439504,2022-07-19,True,True,12.995023148148148,True
381210,018d937e-fef7-7274-bbce-e7d155c3d2d1,PL,2022-08-30 17:19:01,35.156000000000006,87.956,60.0,PLN,61,2016-06-14,71.99,PLN,PL,True,False,False,False,False,False,False,2268.0,-36.83399999999999,-0.5116543964439504,2022-08-30,True,True,12.991284722222222,True
381210,018d937e-fef7-7274-bbce-e7d155c3d2d1,PL,2022-10-18 17:19:56,35.156000000000006,87.956,60.0,PLN,61,2016-06-14,71.99,PLN,PL,True,False,False,False,False,False,False,2317.0,-36.83399999999999,-0.5116543964439504,2022-10-18,True,True,13.999050925925927,True
381210,018d937e-fef7-7274-bbce-e7d155c3d2d1,PL,2022-11-22 19:29:03,35.156000000000006,87.956,60.0,PLN,61,2016-06-14,71.99,PLN,PL,True,False,False,False,False,False,False,2352.0,-36.83399999999999,-0.5116543964439504,2022-11-22,True,True,6.945208333333333,True
381210,018d937e-fef7-7274-bbce-e7d155c3d2d1,PL,2022-12-22 18:56:33,30.756000000000004,87.956,65.0,PLN,61,2016-06-14,71.99,PLN,PL,True,False,False,False,False,False,False,2382.0,-41.233999999999995,-0.5727739963883872,2022-12-22,True,True,20.988587962962963,True
381210,018d937e-fef7-7274-bbce-e7d155c3d2d1,PL,2023-03-07 15:18:11,35.156000000000006,87.956,60.0,PLN,61,2016-06-14,71.99,PLN,PL,True,False,False,False,False,False,False,2457.0,-36.83399999999999,-0.5116543964439504,2023-03-07,True,True,9.000046296296297,True
381210,018d937e-fef7-7274-bbce-e7d155c3d2d1,PL,2023-03-16 21:07:01,35.156000000000006,87.956,60.0,PLN,61,2016-06-14,71.99,PLN,PL,True,False,False,False,False,False,False,2466.0,-36.83399999999999,-0.5116543964439504,2023-03-16,True,True,7.031342592592592,True
381210,018d937e-fef7-7274-bbce-e7d155c3d2d1,PL,2023-04-20 17:18:23,35.156000000000006,87.956,60.0,PLN,61,2016-06-14,71.99,PLN,PL,True,False,False,False,False,False,False,2501.0,-36.83399999999999,-0.5116543964439504,2023-04-20,True,True,9.99986111111111,True
381210,018d937e-fef7-7274-bbce-e7d155c3d2d1,PL,2023-06-13 17:18:35,35.156000000000006,87.956,60.0,PLN,61,2016-06-14,71.99,PLN,PL,True,False,False,False,False,False,False,2555.0,-36.83399999999999,-0.5116543964439504,2023-06-13,True,True,7.999803240740741,True
381210,018d937e-fef7-7274-bbce-e7d155c3d2d1,PL,2023-06-29 22:34:45,35.156000000000006,35.156000000000006,0.0,PLN,61,2016-06-14,71.99,PLN,PL,False,False,False,True,False,False,False,2571.0,-36.83399999999999,-0.5116543964439504,2023-06-29,True,True,,False
381210,018d937e-fef7-7274-bbce-e7d155c3d2d1,PL,2023-07-13 17:20:54,87.956,87.956,0.0,PLN,61,2016-06-14,71.99,PLN,PL,False,False,False,True,False,False,False,2585.0,15.966000000000008,0.22178080288929025,2023-07-13,True,True,,False
381210,018d937e-fef7-7274-bbce-e7d155c3d2d1,PL,2023-07-25 17:09:09,35.156000000000006,35.156000000000006,0.0,PLN,61,2016-06-14,71.99,PLN,PL,False,False,False,True,False,False,False,2597.0,-36.83399999999999,-0.5116543964439504,2023-07-25,True,True,,False
381210,018d937e-fef7-7274-bbce-e7d155c3d2d1,PL,2023-08-01 17:06:15,87.956,87.956,0.0,PLN,61,2016-06-14,71.99,PLN,PL,False,False,False,True,False,False,False,2604.0,15.966000000000008,0.22178080288929025,2023-08-01,True,True,,False
381210,018d937e-fef7-7274-bbce-e7d155c3d2d1,PL,2023-08-31 17:18:36,43.956,87.956,50.0,PLN,61,2016-06-14,71.99,PLN,PL,True,False,False,False,False,False,False,2634.0,-28.033999999999992,-0.38941519655507706,2023-08-31,True,True,12.004027777777777,True
381210,018d937e-fef7-7274-bbce-e7d155c3d2d1,PL,2023-10-19 17:12:40,35.156000000000006,87.956,60.0,PLN,61,2016-06-14,71.99,PLN,PL,True,False,False,False,False,False,False,2683.0,-36.83399999999999,-0.5116543964439504,2023-10-19,True,True,14.004826388888889,True
381210,018d937e-fef7-7274-bbce-e7d155c3d2d1,PL,2023-11-21 18:52:11,35.156000000000006,87.956,60.0,PLN,61,2016-06-14,71.99,PLN,PL,True,False,False,False,False,False,False,2716.0,-36.83399999999999,-0.5116543964439504,2023-11-21,True,True,6.978935185185185,True
381210,018d937e-fef7-7274-bbce-e7d155c3d2d1,PL,2023-12-21 19:25:01,30.756000000000004,87.956,65.0,PLN,61,2016-06-14,71.99,PLN,PL,True,False,False,False,False,False,False,2746.0,-41.233999999999995,-0.5727739963883872,2023-12-21,True,True,13.978171296296296,True
381210,018d937e-fef7-7274-bbce-e7d155c3d2d1,PL,2024-01-29 18:33:54,35.156000000000006,87.956,60.0,PLN,61,2016-06-14,71.99,PLN,PL,True,False,False,False,False,False,False,2785.0,-36.83399999999999,-0.5116543964439504,2024-01-29,True,True,12.294270833333334,True
381210,018d937e-fef7-7274-bbce-e7d155c3d2d1,PL,2024-03-12 17:15:15,35.156000000000006,87.956,60.0,PLN,61,2016-06-14,71.99,PLN,PL,True,False,False,False,False,False,False,2828.0,-36.83399999999999,-0.5116543964439504,2024-03-12,True,True,9.004548611111112,True
381210,018d937e-fef7-7274-bbce-e7d155c3d2d1,PL,2024-04-23 17:15:12,35.156000000000006,87.956,60.0,PLN,61,2016-06-14,71.99,PLN,PL,True,False,False,False,False,False,False,2870.0,-36.83399999999999,-0.5116543964439504,2024-04-23,True,True,9.000335648148148,True
381210,018d937e-fef7-7274-bbce-e7d155c3d2d1,PL,2024-06-03 17:16:18,33.189230769230775,83.03538461538461,60.0,PLN,61,2016-06-14,71.99,PLN,PL,True,False,False,False,False,False,False,2911.0,-38.80076923076922,-0.5389744302093238,2024-06-03,True,True,13.999664351851852,True
381210,018d937e-fef7-7274-bbce-e7d155c3d2d1,PL,2024-06-27 18:36:44,33.189230769230775,83.03538461538461,60.0,PLN,61,2016-06-14,71.99,PLN,PL,True,False,False,False,False,False,False,2935.0,-38.80076923076922,-0.5389744302093238,2024-06-27,True,True,13.94994212962963,True
381210,018d937e-fef7-7274-bbce-e7d155c3d2d1,PL,2024-07-25 17:15:59,33.189230769230775,83.03538461538461,60.0,PLN,61,2016-06-14,71.99,PLN,PL,True,False,False,False,False,False,False,2963.0,-38.80076923076922,-0.5389744302093238,2024-07-25,True,True,13.999583333333334,True
381210,018d937e-fef7-7274-bbce-e7d155c3d2d1,PL,2024-10-20 17:15:23,33.189230769230775,83.03538461538461,60.0,PLN,61,2016-06-14,71.99,PLN,PL,True,False,False,False,False,False,False,3050.0,-38.80076923076922,-0.5389744302093238,2024-10-20,True,True,13.999907407407408,True
381210,018d937e-fef7-7274-bbce-e7d155c3d2d1,PL,2024-11-27 21:34:36,33.189230769230775,83.03538461538461,60.0,PLN,61,2016-06-14,71.99,PLN,PL,True,False,False,False,False,False,False,3088.0,-38.80076923076922,-0.5389744302093238,2024-11-27,True,True,6.867789351851852,True
381210,018d937e-fef7-7274-bbce-e7d155c3d2d1,PL,2024-12-19 21:26:49,29.03538461538462,83.03538461538461,65.0,PLN,61,2016-06-14,71.99,PLN,PL,True,False,False,False,False,False,False,3110.0,-42.95461538461538,-0.5966747518351907,2024-12-19,True,True,13.872719907407408,True
381210,018d937e-fef7-7274-bbce-e7d155c3d2d1,PL,2025-02-10 18:26:04,33.189230769230775,83.03538461538461,60.0,PLN,61,2016-06-14,71.99,PLN,PL,True,False,False,False,False,False,False,3163.0,-38.80076923076922,-0.5389744302093238,2025-02-10,True,True,13.993402777777778,True
381210,018d937e-fef7-7274-bbce-e7d155c3d2d1,PL,2025-03-13 19:25:29,33.189230769230775,83.03538461538461,60.0,PLN,61,2016-06-14,71.99,PLN,PL,True,False,False,False,False,False,False,3194.0,-38.80076923076922,-0.5389744302093238,2025-03-13,True,True,6.914953703703704,True
381210,018d937e-fef7-7274-bbce-e7d155c3d2d1,PL,2025-04-02 15:18:29,33.189230769230775,83.03538461538461,60.0,PLN,61,2016-06-14,71.99,PLN,PL,True,False,False,False,False,False,False,3214.0,-38.80076923076922,-0.5389744302093238,2025-04-02,True,True,12.997754629629629,True
381210,018d937e-fef7-7274-bbce-e7d155c3d2d1,PL,2025-06-17 17:17:15,33.52666666666667,83.87960784313725,60.0,PLN,61,2016-06-14,71.99,PLN,PL,True,False,False,False,False,False,False,3290.0,-38.463333333333324,-0.5342871695142843,2025-06-17,True,True,23.006203703703704,True
381210,018d937e-fef7-7274-bbce-e7d155c3d2d1,PL,2025-07-29 16:15:25,33.52666666666667,83.87960784313725,60.0,PLN,61,2016-06-14,71.99,PLN,PL,True,False,False,False,False,False,False,3332.0,-38.463333333333324,-0.5342871695142843,2025-07-29,True,True,13.999918981481482,True
381210,018d937e-fef7-7274-bbce-e7d155c3d2d1,PL,2025-09-29 20:42:47,33.52666666666667,83.87960784313725,60.0,PLN,61,2016-06-14,71.99,PLN,PL,True,False,False,False,False,False,False,3394.0,-38.463333333333324,-0.5342871695142843,2025-09-29,True,True,6.913206018518519,True
381210,018d937e-fef7-7274-bbce-e7d155c3d2d1,PL,2025-10-20 17:21:25,33.52666666666667,83.87960784313725,60.0,PLN,61,2016-06-14,71.99,PLN,PL,True,False,False,False,False,False,False,3415.0,-38.463333333333324,-0.5342871695142843,2025-10-20,True,True,13.998344907407407,True
381210,018d937e-fef7-7274-bbce-e7d155c3d2d1,TR,2016-07-04 17:09:33,1.0850000000000002,1.0850000000000002,0.0,USD,61,2016-06-14,14.99,USD,TR,False,True,True,False,False,False,False,20.0,-13.905,-0.9276184122748499,2016-07-04,True,True,,False
381210,018d937e-fef7-7274-bbce-e7d155c3d2d1,TR,2016-08-18 18:16:04,0.9222500000000001,1.0850000000000002,15.0,USD,61,2016-06-14,14.99,USD,TR,True,False,False,False,False,False,False,65.0,-14.06775,-0.9384756504336225,2016-08-18,True,True,4.041643518518518,True
381210,018d937e-fef7-7274-bbce-e7d155c3d2d1,TR,2016-10-28 19:46:31,0.7595000000000001,1.0850000000000002,30.0,USD,61,2016-06-14,14.99,USD,TR,True,False,False,False,False,False,False,136.0,-14.2305,-0.949332888592395,2016-10-28,True,True,3.9794791666666667,True
381210,018d937e-fef7-7274-bbce-e7d155c3d2d1,TR,2016-11-23 19:49:32,0.7595000000000001,1.0850000000000002,30.0,USD,61,2016-06-14,14.99,USD,TR,True,False,False,False,False,False,False,162.0,-14.2305,-0.949332888592395,2016-11-23,True,True,6.0813194444444445,True
381210,018d937e-fef7-7274-bbce-e7d155c3d2d1,TR,2016-12-15 20:16:57,0.7595000000000001,1.0850000000000002,30.0,USD,61,2016-06-14,14.99,USD,TR,True,False,False,False,False,False,False,184.0,-14.2305,-0.949332888592395,2016-12-15,True,True,3.9580208333333333,True
381210,018d937e-fef7-7274-bbce-e7d155c3d2d1,TR,2016-12-22 21:17:13,0.7595000000000001,1.0850000000000002,30.0,USD,61,2016-06-14,14.99,USD,TR,True,False,False,False,False,False,False,191.0,-14.2305,-0.949332888592395,2016-12-22,True,True,10.896458333333333,True
381210,018d937e-fef7-7274-bbce-e7d155c3d2d1,TR,2017-01-27 20:16:57,0.7595000000000001,1.0850000000000002,30.0,USD,61,2016-06-14,14.99,USD,TR,True,False,False,False,False,False,False,227.0,-14.2305,-0.949332888592395,2017-01-27,True,True,7.020509259259259,True
381210,018d937e-fef7-7274-bbce-e7d155c3d2d1,TR,2017-03-08 18:46:10,0.6510000000000001,1.0850000000000002,40.0,USD,61,2016-06-14,14.99,USD,TR,True,False,False,False,False,False,False,267.0,-14.339,-0.9565710473649099,2017-03-08,True,True,4.9380092592592595,True
381210,018d937e-fef7-7274-bbce-e7d155c3d2d1,TR,2017-06-14 18:16:17,0.6510000000000001,1.0850000000000002,40.0,USD,61,2016-06-14,14.99,USD,TR,True,False,False,False,False,False,False,365.0,-14.339,-0.9565710473649099,2017-06-14,True,True,21.042766203703703,True
381210,018d937e-fef7-7274-bbce-e7d155c3d2d1,TR,2017-06-15 05:45:51,0.8575,1.715,50.0,USD,61,2016-06-14,14.99,USD,TR,True,False,False,False,False,False,False,366.0,-14.1325,-0.9427951967978653,2017-06-15,True,True,,False
381210,018d937e-fef7-7274-bbce-e7d155c3d2d1,TR,2017-06-15 06:15:58,0.6510000000000001,1.0850000000000002,40.0,USD,61,2016-06-14,14.99,USD,TR,True,False,False,False,False,False,False,366.0,-14.339,-0.9565710473649099,2017-06-15,True,True,,False
381210,018d937e-fef7-7274-bbce-e7d155c3d2d1,TR,2017-06-15 23:15:59,0.8575,1.715,50.0,USD,61,2016-06-14,14.99,USD,TR,True,False,False,False,False,False,False,366.0,-14.1325,-0.9427951967978653,2017-06-15,True,True,,False
381210,018d937e-fef7-7274-bbce-e7d155c3d2d1,TR,2017-06-16 00:46:13,0.6510000000000001,1.0850000000000002,40.0,USD,61,2016-06-14,14.99,USD,TR,True,False,False,False,False,False,False,367.0,-14.339,-0.9565710473649099,2017-06-16,True,True,,False
381210,018d937e-fef7-7274-bbce-e7d155c3d2d1,TR,2017-06-16 01:45:55,0.8575,1.715,50.0,USD,61,2016-06-14,14.99,USD,TR,True,False,False,False,False,False,False,367.0,-14.1325,-0.9427951967978653,2017-06-16,True,True,,False
381210,018d937e-fef7-7274-bbce-e7d155c3d2d1,TR,2017-06-16 02:15:53,0.6510000000000001,1.0850000000000002,40.0,USD,61,2016-06-14,14.99,USD,TR,True,False,False,False,False,False,False,367.0,-14.339,-0.9565710473649099,2017-06-16,True,True,,False
381210,018d937e-fef7-7274-bbce-e7d155c3d2d1,TR,2017-06-16 14:16:39,0.8575,1.715,50.0,USD,61,2016-06-14,14.99,USD,TR,True,False,False,False,False,False,False,367.0,-14.1325,-0.9427951967978653,2017-06-16,True,True,,False
381210,018d937e-fef7-7274-bbce-e7d155c3d2d1,TR,2017-06-16 15:16:39,0.6510000000000001,1.0850000000000002,40.0,USD,61,2016-06-14,14.99,USD,TR,True,False,False,False,False,False,False,367.0,-14.339,-0.9565710473649099,2017-06-16,True,True,,False
381210,018d937e-fef7-7274-bbce-e7d155c3d2d1,TR,2017-06-17 01:45:54,0.8575,1.715,50.0,USD,61,2016-06-14,14.99,USD,TR,True,False,False,False,False,False,False,368.0,-14.1325,-0.9427951967978653,2017-06-17,True,True,,False
381210,018d937e-fef7-7274-bbce-e7d155c3d2d1,TR,2017-06-17 02:15:57,0.6510000000000001,1.0850000000000002,40.0,USD,61,2016-06-14,14.99,USD,TR,True,False,False,False,False,False,False,368.0,-14.339,-0.9565710473649099,2017-06-17,True,True,,False
381210,018d937e-fef7-7274-bbce-e7d155c3d2d1,TR,2017-06-18 09:45:51,0.8575,1.715,50.0,USD,61,2016-06-14,14.99,USD,TR,True,False,False,False,False,False,False,369.0,-14.1325,-0.9427951967978653,2017-06-18,True,True,,False
381210,018d937e-fef7-7274-bbce-e7d155c3d2d1,TR,2017-06-18 11:16:17,0.6510000000000001,1.0850000000000002,40.0,USD,61,2016-06-14,14.99,USD,TR,True,False,False,False,False,False,False,369.0,-14.339,-0.9565710473649099,2017-06-18,True,True,,False
381210,018d937e-fef7-7274-bbce-e7d155c3d2d1,TR,2017-06-20 19:46:03,0.8575,1.715,50.0,USD,61,2016-06-14,14.99,USD,TR,True,False,False,False,False,False,False,371.0,-14.1325,-0.9427951967978653,2017-06-20,True,True,,False
381210,018d937e-fef7-7274-bbce-e7d155c3d2d1,TR,2017-06-20 20:46:02,0.6510000000000001,1.0850000000000002,40.0,USD,61,2016-06-14,14.99,USD,TR,True,False,False,False,False,False,False,371.0,-14.339,-0.9565710473649099,2017-06-20,True,True,,False
381210,018d937e-fef7-7274-bbce-e7d155c3d2d1,TR,2017-06-21 04:16:03,0.8575,1.715,50.0,USD,61,2016-06-14,14.99,USD,TR,True,False,False,False,False,False,False,372.0,-14.1325,-0.9427951967978653,2017-06-21,True,True,,False
381210,018d937e-fef7-7274-bbce-e7d155c3d2d1,TR,2017-06-21 05:16:03,0.6510000000000001,1.0850000000000002,40.0,USD,61,2016-06-14,14.99,USD,TR,True,False,False,False,False,False,False,372.0,-14.339,-0.9565710473649099,2017-06-21,True,True,,False
381210,018d937e-fef7-7274-bbce-e7d155c3d2d1,TR,2017-06-23 09:46:01,0.8575,1.715,50.0,USD,61,2016-06-14,14.99,USD,TR,True,False,False,False,False,False,False,374.0,-14.1325,-0.9427951967978653,2017-06-23,True,True,,False
381210,018d937e-fef7-7274-bbce-e7d155c3d2d1,TR,2017-06-23 11:45:53,0.6510000000000001,1.0850000000000002,40.0,USD,61,2016-06-14,14.99,USD,TR,True,False,False,False,False,False,False,374.0,-14.339,-0.9565710473649099,2017-06-23,True,True,,False
381210,018d937e-fef7-7274-bbce-e7d155c3d2d1,TR,2017-06-26 18:46:10,0.8575,1.715,50.0,USD,61,2016-06-14,14.99,USD,TR,True,False,False,False,False,False,False,377.0,-14.1325,-0.9427951967978653,2017-06-26,True,True,,False
381210,018d937e-fef7-7274-bbce-e7d155c3d2d1,TR,2017-06-26 21:16:12,0.6510000000000001,1.0850000000000002,40.0,USD,61,2016-06-14,14.99,USD,TR,True,False,False,False,False,False,False,377.0,-14.339,-0.9565710473649099,2017-06-26,True,True,,False
381210,018d937e-fef7-7274-bbce-e7d155c3d2d1,TR,2017-06-28 16:46:01,0.8575,1.715,50.0,USD,61,2016-06-14,14.99,USD,TR,True,False,False,False,False,False,False,379.0,-14.1325,-0.9427951967978653,2017-06-28,True,True,,False
381210,018d937e-fef7-7274-bbce-e7d155c3d2d1,TR,2017-06-28 17:16:22,0.6510000000000001,1.0850000000000002,40.0,USD,61,2016-06-14,14.99,USD,TR,True,False,False,False,False,False,False,379.0,-14.339,-0.9565710473649099,2017-06-28,True,True,,False
381210,018d937e-fef7-7274-bbce-e7d155c3d2d1,TR,2017-06-29 02:16:27,0.8575,1.715,50.0,USD,61,2016-06-14,14.99,USD,TR,True,False,False,False,False,False,False,380.0,-14.1325,-0.9427951967978653,2017-06-29,True,True,,False
381210,018d937e-fef7-7274-bbce-e7d155c3d2d1,TR,2017-06-29 02:45:47,0.6510000000000001,1.0850000000000002,40.0,USD,61,2016-06-14,14.99,USD,TR,True,False,False,False,False,False,False,380.0,-14.339,-0.9565710473649099,2017-06-29,True,True,,False
381210,018d937e-fef7-7274-bbce-e7d155c3d2d1,TR,2017-06-30 21:45:54,0.8575,1.715,50.0,USD,61,2016-06-14,14.99,USD,TR,True,False,False,False,False,False,False,381.0,-14.1325,-0.9427951967978653,2017-06-30,True,True,,False
381210,018d937e-fef7-7274-bbce-e7d155c3d2d1,TR,2017-06-30 23:45:55,0.6510000000000001,1.0850000000000002,40.0,USD,61,2016-06-14,14.99,USD,TR,True,False,False,False,False,False,False,381.0,-14.339,-0.9565710473649099,2017-06-30,True,True,,False
381210,018d937e-fef7-7274-bbce-e7d155c3d2d1,TR,2017-07-02 07:45:49,0.8575,1.715,50.0,USD,61,2016-06-14,14.99,USD,TR,True,False,False,False,False,False,False,383.0,-14.1325,-0.9427951967978653,2017-07-02,True,True,,False
381210,018d937e-fef7-7274-bbce-e7d155c3d2d1,TR,2017-07-02 08:45:46,0.6510000000000001,1.0850000000000002,40.0,USD,61,2016-06-14,14.99,USD,TR,True,False,False,False,False,False,False,383.0,-14.339,-0.9565710473649099,2017-07-02,True,True,,False
381210,018d937e-fef7-7274-bbce-e7d155c3d2d1,TR,2017-07-02 19:45:53,0.8575,1.715,50.0,USD,61,2016-06-14,14.99,USD,TR,True,False,False,False,False,False,False,383.0,-14.1325,-0.9427951967978653,2017-07-02,True,True,,False
381210,018d937e-fef7-7274-bbce-e7d155c3d2d1,TR,2017-07-02 20:16:14,0.6510000000000001,1.0850000000000002,40.0,USD,61,2016-06-14,14.99,USD,TR,True,False,False,False,False,False,False,383.0,-14.339,-0.9565710473649099,2017-07-02,True,True,,False
381210,018d937e-fef7-7274-bbce-e7d155c3d2d1,TR,2017-07-03 20:16:10,0.8575,1.715,50.0,USD,61,2016-06-14,14.99,USD,TR,True,False,False,False,False,False,False,384.0,-14.1325,-0.9427951967978653,2017-07-03,True,True,,False
381210,018d937e-fef7-7274-bbce-e7d155c3d2d1,TR,2017-07-03 21:16:09,0.6510000000000001,1.0850000000000002,40.0,USD,61,2016-06-14,14.99,USD,TR,True,False,False,False,False,False,False,384.0,-14.339,-0.9565710473649099,2017-07-03,True,True,,False
381210,018d937e-fef7-7274-bbce-e7d155c3d2d1,TR,2017-07-05 01:45:54,0.8575,1.715,50.0,USD,61,2016-06-14,14.99,USD,TR,True,False,False,False,False,False,False,386.0,-14.1325,-0.9427951967978653,2017-07-05,True,True,,False
381210,018d937e-fef7-7274-bbce-e7d155c3d2d1,TR,2017-07-05 02:16:12,0.6510000000000001,1.0850000000000002,40.0,USD,61,2016-06-14,14.99,USD,TR,True,False,False,False,False,False,False,386.0,-14.339,-0.9565710473649099,2017-07-05,True,True,,False
381210,018d937e-fef7-7274-bbce-e7d155c3d2d1,TR,2017-09-12 18:46:31,0.5425000000000001,1.0850000000000002,50.0,USD,61,2016-06-14,14.99,USD,TR,True,False,False,False,False,False,False,455.0,-14.4475,-0.9638092061374249,2017-09-12,True,True,5.979456018518518,True
381210,018d937e-fef7-7274-bbce-e7d155c3d2d1,TR,2017-10-26 19:16:44,0.5425000000000001,1.0850000000000002,50.0,USD,61,2016-06-14,14.99,USD,TR,True,False,False,False,False,False,False,499.0,-14.4475,-0.9638092061374249,2017-10-26,True,True,5.917210648148148,True
381210,018d937e-fef7-7274-bbce-e7d155c3d2d1,TR,2017-11-22 22:46:14,0.5425000000000001,1.0850000000000002,50.0,USD,61,2016-06-14,14.99,USD,TR,True,False,False,False,False,False,False,526.0,-14.4475,-0.9638092061374249,2017-11-22,True,True,5.896516203703704,True
381210,018d937e-fef7-7274-bbce-e7d155c3d2d1,TR,2017-12-21 18:17:01,0.5425000000000001,1.0850000000000002,50.0,USD,61,2016-06-14,14.99,USD,TR,True,False,False,False,False,False,False,555.0,-14.4475,-0.9638092061374249,2017-12-21,True,True,14.021967592592592,True
381210,018d937e-fef7-7274-bbce-e7d155c3d2d1,TR,2018-02-15 19:00:42,0.5425000000000001,1.0850000000000002,50.0,USD,61,2016-06-14,14.99,USD,TR,True,False,False,False,False,False,False,611.0,-14.4475,-0.9638092061374249,2018-02-15,True,True,3.979398148148148,True
381210,018d937e-fef7-7274-bbce-e7d155c3d2d1,TR,2018-05-24 18:32:56,0.5425000000000001,1.0850000000000002,50.0,USD,61,2016-06-14,14.99,USD,TR,True,False,False,False,False,False,False,709.0,-14.4475,-0.9638092061374249,2018-05-24,True,True,4.291747685185185,True
381210,018d937e-fef7-7274-bbce-e7d155c3d2d1,TR,2018-05-25 02:04:47,0.6860000000000002,1.715,60.0,USD,61,2016-06-14,14.99,USD,TR,True,False,False,False,False,False,False,710.0,-14.304,-0.9542361574382922,2018-05-25,True,True,,False
381210,018d937e-fef7-7274-bbce-e7d155c3d2d1,TR,2018-05-25 03:33:53,0.5425000000000001,1.0850000000000002,50.0,USD,61,2016-06-14,14.99,USD,TR,True,False,False,False,False,False,False,710.0,-14.4475,-0.9638092061374249,2018-05-25,True,True,,False
381210,018d937e-fef7-7274-bbce-e7d155c3d2d1,TR,2018-05-25 06:03:13,0.6860000000000002,1.715,60.0,USD,61,2016-06-14,14.99,USD,TR,True,False,False,False,False,False,False,710.0,-14.304,-0.9542361574382922,2018-05-25,True,True,,False
381210,018d937e-fef7-7274-bbce-e7d155c3d2d1,TR,2018-05-25 07:31:42,0.5425000000000001,1.0850000000000002,50.0,USD,61,2016-06-14,14.99,USD,TR,True,False,False,False,False,False,False,710.0,-14.4475,-0.9638092061374249,2018-05-25,True,True,,False
381210,018d937e-fef7-7274-bbce-e7d155c3d2d1,TR,2018-05-27 05:02:57,0.6860000000000002,1.715,60.0,USD,61,2016-06-14,14.99,USD,TR,True,False,False,False,False,False,False,712.0,-14.304,-0.9542361574382922,2018-05-27,True,True,,False
381210,018d937e-fef7-7274-bbce-e7d155c3d2d1,TR,2018-05-27 07:01:42,0.5425000000000001,1.0850000000000002,50.0,USD,61,2016-06-14,14.99,USD,TR,True,False,False,False,False,False,False,712.0,-14.4475,-0.9638092061374249,2018-05-27,True,True,,False
381210,018d937e-fef7-7274-bbce-e7d155c3d2d1,TR,2018-05-27 13:04:54,0.6860000000000002,1.715,60.0,USD,61,2016-06-14,14.99,USD,TR,True,False,False,False,False,False,False,712.0,-14.304,-0.9542361574382922,2018-05-27,True,True,,False
381210,018d937e-fef7-7274-bbce-e7d155c3d2d1,TR,2018-05-27 14:32:14,0.5425000000000001,1.0850000000000002,50.0,USD,61,2016-06-14,14.99,USD,TR,True,False,False,False,False,False,False,712.0,-14.4475,-0.9638092061374249,2018-05-27,True,True,,False
381210,018d937e-fef7-7274-bbce-e7d155c3d2d1,TR,2018-06-14 17:28:14,0.5425000000000001,1.0850000000000002,50.0,USD,61,2016-06-14,14.99,USD,TR,True,False,False,False,False,False,False,730.0,-14.4475,-0.9638092061374249,2018-06-14,True,True,21.02162037037037,True
381210,018d937e-fef7-7274-bbce-e7d155c3d2d1,TR,2018-09-18 18:53:45,0.5425000000000001,1.0850000000000002,50.0,USD,61,2016-06-14,14.99,USD,TR,True,False,False,False,False,False,False,826.0,-14.4475,-0.9638092061374249,2018-09-18,True,True,7.013587962962963,True
381210,018d937e-fef7-7274-bbce-e7d155c3d2d1,TR,2018-10-26 17:22:10,0.5425000000000001,1.0850000000000002,50.0,USD,61,2016-06-14,14.99,USD,TR,True,False,False,False,False,False,False,864.0,-14.4475,-0.9638092061374249,2018-10-26,True,True,7.01337962962963,True
381210,018d937e-fef7-7274-bbce-e7d155c3d2d1,TR,2018-11-21 19:02:34,0.5425000000000001,1.0850000000000002,50.0,USD,61,2016-06-14,14.99,USD,TR,True,False,False,False,False,False,False,890.0,-14.4475,-0.9638092061374249,2018-11-21,True,True,6.017581018518518,True
381210,018d937e-fef7-7274-bbce-e7d155c3d2d1,TR,2018-12-20 19:02:25,0.5425000000000001,1.0850000000000002,50.0,USD,61,2016-06-14,14.99,USD,TR,True,False,False,False,False,False,False,919.0,-14.4475,-0.9638092061374249,2018-12-20,True,True,13.988657407407407,True
381210,018d937e-fef7-7274-bbce-e7d155c3d2d1,TR,2019-01-17 19:20:35,0.5425000000000001,1.0850000000000002,50.0,USD,61,2016-06-14,14.99,USD,TR,True,False,False,False,False,False,False,947.0,-14.4475,-0.9638092061374249,2019-01-17,True,True,3.9802430555555555,True
381210,018d937e-fef7-7274-bbce-e7d155c3d2d1,TR,2019-02-04 19:06:15,0.5425000000000001,1.0850000000000002,50.0,USD,61,2016-06-14,14.99,USD,TR,True,False,False,False,False,False,False,965.0,-14.4475,-0.9638092061374249,2019-02-04,True,True,6.9996527777777775,True
381210,018d937e-fef7-7274-bbce-e7d155c3d2d1,TR,2019-04-04 19:10:16,0.5425000000000001,1.0850000000000002,50.0,USD,61,2016-06-14,14.99,USD,TR,True,False,False,False,False,False,False,1024.0,-14.4475,-0.9638092061374249,2019-04-04,True,True,5.960289351851852,True
381210,018d937e-fef7-7274-bbce-e7d155c3d2d1,TR,2019-05-24 16:53:46,0.5425000000000001,1.0850000000000002,50.0,USD,61,2016-06-14,14.99,USD,TR,True,False,False,False,False,False,False,1074.0,-14.4475,-0.9638092061374249,2019-05-24,True,True,4.031793981481481,True
381210,018d937e-fef7-7274-bbce-e7d155c3d2d1,TR,2019-06-18 17:47:46,0.5425000000000001,1.0850000000000002,50.0,USD,61,2016-06-14,14.99,USD,TR,True,False,False,False,False,False,False,1099.0,-14.4475,-0.9638092061374249,2019-06-18,True,True,21.02400462962963,True
381210,018d937e-fef7-7274-bbce-e7d155c3d2d1,TR,2019-09-17 16:21:12,0.5425000000000001,1.0850000000000002,50.0,USD,61,2016-06-14,14.99,USD,TR,True,False,False,False,False,False,False,1190.0,-14.4475,-0.9638092061374249,2019-09-17,True,True,8.041701388888889,True
381210,018d937e-fef7-7274-bbce-e7d155c3d2d1,TR,2019-10-24 17:21:17,0.5425000000000001,1.0850000000000002,50.0,USD,61,2016-06-14,14.99,USD,TR,True,False,False,False,False,False,False,1227.0,-14.4475,-0.9638092061374249,2019-10-24,True,True,8.000543981481481,True
381210,018d937e-fef7-7274-bbce-e7d155c3d2d1,TR,2019-11-26 18:08:42,0.5425000000000001,1.0850000000000002,50.0,USD,61,2016-06-14,14.99,USD,TR,True,False,False,False,False,False,False,1260.0,-14.4475,-0.9638092061374249,2019-11-26,True,True,7.014166666666667,True
381210,018d937e-fef7-7274-bbce-e7d155c3d2d1,TR,2019-12-19 18:14:04,0.43400000000000005,1.0850000000000002,60.0,USD,61,2016-06-14,14.99,USD,TR,True,False,False,False,False,False,False,1283.0,-14.556000000000001,-0.9710473649099399,2019-12-19,True,True,14.019375,True
381210,018d937e-fef7-7274-bbce-e7d155c3d2d1,TR,2020-01-22 18:21:18,0.43400000000000005,1.0850000000000002,60.0,USD,61,2016-06-14,14.99,USD,TR,True,False,False,False,False,False,False,1317.0,-14.556000000000001,-0.9710473649099399,2020-01-22,True,True,5.003912037037037,True
381210,018d937e-fef7-7274-bbce-e7d155c3d2d1,TR,2020-03-09 17:21:56,0.43400000000000005,1.0850000000000002,60.0,USD,61,2016-06-14,14.99,USD,TR,True,False,False,False,False,False,False,1364.0,-14.556000000000001,-0.9710473649099399,2020-03-09,True,True,7.999513888888889,True
381210,018d937e-fef7-7274-bbce-e7d155c3d2d1,TR,2020-04-21 17:21:17,0.43400000000000005,1.0850000000000002,60.0,USD,61,2016-06-14,14.99,USD,TR,True,False,False,False,False,False,False,1407.0,-14.556000000000001,-0.9710473649099399,2020-04-21,True,True,3.000046296296296,True
381210,018d937e-fef7-7274-bbce-e7d155c3d2d1,TR,2020-07-09 17:55:20,1.715,1.715,0.0,USD,61,2016-06-14,14.99,USD,TR,False,False,False,True,False,False,False,1486.0,-13.275,-0.8855903935957304,2020-07-09,True,True,,False
381210,018d937e-fef7-7274-bbce-e7d155c3d2d1,TR,2020-07-31 17:21:17,0.43400000000000005,1.0850000000000002,60.0,USD,61,2016-06-14,14.99,USD,TR,True,False,False,False,False,False,False,1508.0,-14.556000000000001,-0.9710473649099399,2020-07-31,True,True,45.00042824074074,True
381210,018d937e-fef7-7274-bbce-e7d155c3d2d1,TR,2020-09-08 18:09:40,0.43400000000000005,1.0850000000000002,60.0,USD,61,2016-06-14,14.99,USD,TR,True,False,False,False,False,False,False,1547.0,-14.556000000000001,-0.9710473649099399,2020-09-08,True,True,,False
381210,018d937e-fef7-7274-bbce-e7d155c3d2d1,TR,2020-10-29 17:07:47,0.43400000000000005,1.0850000000000002,60.0,USD,61,2016-06-14,14.99,USD,TR,True,False,False,False,False,False,False,1598.0,-14.556000000000001,-0.9710473649099399,2020-10-29,True,True,4.055671296296296,True
381210,018d937e-fef7-7274-bbce-e7d155c3d2d1,TR,2020-11-25 18:34:46,0.43400000000000005,1.0850000000000002,60.0,USD,61,2016-06-14,14.99,USD,TR,True,False,False,False,False,False,False,1625.0,-14.556000000000001,-0.9710473649099399,2020-11-25,True,True,5.991493055555556,True
381210,018d937e-fef7-7274-bbce-e7d155c3d2d1,TR,2020-12-22 19:00:01,0.43400000000000005,1.0850000000000002,60.0,USD,61,2016-06-14,14.99,USD,TR,True,False,False,False,False,False,False,1652.0,-14.556000000000001,-0.9710473649099399,2020-12-22,True,True,13.99829861111111,True
381210,018d937e-fef7-7274-bbce-e7d155c3d2d1,TR,2021-02-11 19:01:38,0.6510000000000001,1.0850000000000002,40.0,USD,61,2016-06-14,14.99,USD,TR,True,False,False,False,False,False,False,1703.0,-14.339,-0.9565710473649099,2021-02-11,True,True,3.9730439814814815,True
381210,018d937e-fef7-7274-bbce-e7d155c3d2d1,TR,2021-03-30 17:18:17,0.5425000000000001,1.0850000000000002,50.0,USD,61,2016-06-14,14.99,USD,TR,True,False,False,False,False,False,False,1750.0,-14.4475,-0.9638092061374249,2021-03-30,True,True,14.000625,True
381210,018d937e-fef7-7274-bbce-e7d155c3d2d1,TR,2021-05-05 17:18:18,0.70525,1.0850000000000002,35.0,USD,61,2016-06-14,14.99,USD,TR,True,False,False,False,False,False,False,1786.0,-14.28475,-0.9529519679786524,2021-05-05,True,True,6.000289351851852,True
381210,018d937e-fef7-7274-bbce-e7d155c3d2d1,TR,2021-06-15 17:18:15,0.6510000000000001,1.0850000000000002,40.0,USD,61,2016-06-14,14.99,USD,TR,True,False,False,False,False,False,False,1827.0,-14.339,-0.9565710473649099,2021-06-15,True,True,28.994560185185186,True
381210,018d937e-fef7-7274-bbce-e7d155c3d2d1,TR,2021-07-15 22:35:30,2.0650000000000004,2.0650000000000004,0.0,USD,61,2016-06-14,14.99,USD,TR,False,False,False,True,False,False,False,1857.0,-12.925,-0.862241494329553,2021-07-15,True,True,,False
381210,018d937e-fef7-7274-bbce-e7d155c3d2d1,TR,2021-09-07 17:03:14,1.0325000000000002,2.0650000000000004,50.0,USD,61,2016-06-14,14.99,USD,TR,True,False,False,False,False,False,False,1911.0,-13.9575,-0.9311207471647766,2021-09-07,True,True,13.008483796296296,True
381210,018d937e-fef7-7274-bbce-e7d155c3d2d1,TR,2021-10-19 17:18:33,1.0325000000000002,2.0650000000000004,50.0,USD,61,2016-06-14,14.99,USD,TR,True,False,False,False,False,False,False,1953.0,-13.9575,-0.9311207471647766,2021-10-19,True,True,13.023888888888889,True
381210,018d937e-fef7-7274-bbce-e7d155c3d2d1,TR,2021-11-30 18:18:33,1.0325000000000002,2.0650000000000004,50.0,USD,61,2016-06-14,14.99,USD,TR,True,False,False,False,False,False,False,1995.0,-13.9575,-0.9311207471647766,2021-11-30,True,True,6.999710648148148,True
381210,018d937e-fef7-7274-bbce-e7d155c3d2d1,TR,2021-12-22 18:35:30,1.0325000000000002,2.0650000000000004,50.0,USD,61,2016-06-14,14.99,USD,TR,True,False,False,False,False,False,False,2017.0,-13.9575,-0.9311207471647766,2021-12-22,True,True,14.017743055555556,True
381210,018d937e-fef7-7274-bbce-e7d155c3d2d1,TR,2022-01-27 18:27:09,1.0325000000000002,2.0650000000000004,50.0,USD,61,2016-06-14,14.99,USD,TR,True,False,False,False,False,False,False,2053.0,-13.9575,-0.9311207471647766,2022-01-27,True,True,11.03082175925926,True
381210,018d937e-fef7-7274-bbce-e7d155c3d2d1,TR,2022-02-07 20:27:42,3.4650000000000003,3.4650000000000003,0.0,USD,61,2016-06-14,14.99,USD,TR,False,False,False,True,False,False,False,2064.0,-11.525,-0.7688458972648432,2022-02-07,True,True,,False
381210,018d937e-fef7-7274-bbce-e7d155c3d2d1,TR,2022-03-08 18:19:40,1.7325000000000002,3.4650000000000003,50.0,USD,61,2016-06-14,14.99,USD,TR,True,False,False,False,False,False,False,2093.0,-13.2575,-0.8844229486324215,2022-03-08,True,True,13.957962962962963,True
381210,018d937e-fef7-7274-bbce-e7d155c3d2d1,TR,2022-04-26 17:25:54,1.7325000000000002,3.4650000000000003,50.0,USD,61,2016-06-14,14.99,USD,TR,True,False,False,False,False,False,False,2142.0,-13.2575,-0.8844229486324215,2022-04-26,True,True,13.99826388888889,True
381210,018d937e-fef7-7274-bbce-e7d155c3d2d1,TR,2022-06-07 17:18:34,1.3860000000000001,3.4650000000000003,60.0,USD,61,2016-06-14,14.99,USD,TR,True,False,False,False,False,False,False,2184.0,-13.604,-0.9075383589059373,2022-06-07,True,True,13.999988425925926,True
381210,018d937e-fef7-7274-bbce-e7d155c3d2d1,TR,2022-06-23 18:10:52,1.3860000000000001,3.4650000000000003,60.0,USD,61,2016-06-14,14.99,USD,TR,True,False,False,False,False,False,False,2200.0,-13.604,-0.9075383589059373,2022-06-23,True,True,13.9678125,True
381210,018d937e-fef7-7274-bbce-e7d155c3d2d1,TR,2022-07-19 17:06:15,1.3860000000000001,3.4650000000000003,60.0,USD,61,2016-06-14,14.99,USD,TR,True,False,False,False,False,False,False,2226.0,-13.604,-0.9075383589059373,2022-07-19,True,True,13.003275462962963,True
381210,018d937e-fef7-7274-bbce-e7d155c3d2d1,TR,2022-08-30 17:12:17,1.3860000000000001,3.4650000000000003,60.0,USD,61,2016-06-14,14.99,USD,TR,True,False,False,False,False,False,False,2268.0,-13.604,-0.9075383589059373,2022-08-30,True,True,13.008576388888889,True
381210,018d937e-fef7-7274-bbce-e7d155c3d2d1,TR,2022-10-18 17:19:51,1.3860000000000001,3.4650000000000003,60.0,USD,61,2016-06-14,14.99,USD,TR,True,False,False,False,False,False,False,2317.0,-13.604,-0.9075383589059373,2022-10-18,True,True,13.999143518518519,True
381210,018d937e-fef7-7274-bbce-e7d155c3d2d1,TR,2022-11-22 18:38:59,1.3860000000000001,3.4650000000000003,60.0,USD,61,2016-06-14,14.99,USD,TR,True,False,False,False,False,False,False,2352.0,-13.604,-0.9075383589059373,2022-11-22,True,True,6.980636574074074,True
381210,018d937e-fef7-7274-bbce-e7d155c3d2d1,TR,2022-12-22 18:22:41,1.21275,3.4650000000000003,65.0,USD,61,2016-06-14,14.99,USD,TR,True,False,False,False,False,False,False,2382.0,-13.77725,-0.9190960640426952,2022-12-22,True,True,20.990694444444443,True
381210,018d937e-fef7-7274-bbce-e7d155c3d2d1,TR,2023-01-31 23:25:05,5.215000000000001,5.215000000000001,0.0,USD,61,2016-06-14,14.99,USD,TR,False,False,False,True,False,False,False,2422.0,-9.774999999999999,-0.6521014009339559,2023-01-31,True,True,,False
381210,018d937e-fef7-7274-bbce-e7d155c3d2d1,TR,2023-03-07 15:18:11,2.0860000000000003,5.215000000000001,60.0,USD,61,2016-06-14,14.99,USD,TR,True,False,False,False,False,False,False,2457.0,-12.904,-0.8608405603735824,2023-03-07,True,True,9.00005787037037,True
381210,018d937e-fef7-7274-bbce-e7d155c3d2d1,TR,2023-03-16 20:58:41,2.0860000000000003,5.215000000000001,60.0,USD,61,2016-06-14,14.99,USD,TR,True,False,False,False,False,False,False,2466.0,-12.904,-0.8608405603735824,2023-03-16,True,True,6.877800925925926,True
381210,018d937e-fef7-7274-bbce-e7d155c3d2d1,TR,2023-04-20 17:19:11,2.0860000000000003,5.215000000000001,60.0,USD,61,2016-06-14,14.99,USD,TR,True,False,False,False,False,False,False,2501.0,-12.904,-0.8608405603735824,2023-04-20,True,True,9.999548611111111,True
381210,018d937e-fef7-7274-bbce-e7d155c3d2d1,TR,2023-05-01 14:33:23,5.915000000000001,5.915000000000001,0.0,USD,61,2016-06-14,14.99,USD,TR,False,False,False,True,False,False,False,2512.0,-9.075,-0.605403602401601,2023-05-01,True,True,,False
381210,018d937e-fef7-7274-bbce-e7d155c3d2d1,TR,2023-06-13 17:09:18,2.366,5.915000000000001,60.0,USD,61,2016-06-14,14.99,USD,TR,True,False,False,False,False,False,False,2555.0,-12.624,-0.8421614409606404,2023-06-13,True,True,8.002037037037036,True
381210,018d937e-fef7-7274-bbce-e7d155c3d2d1,TR,2023-06-29 23:25:42,2.366,5.915000000000001,60.0,USD,61,2016-06-14,14.99,USD,TR,True,False,False,False,False,False,False,2571.0,-12.624,-0.8421614409606404,2023-06-29,True,True,13.782685185185185,True
381210,018d937e-fef7-7274-bbce-e7d155c3d2d1,TR,2023-07-25 17:09:09,2.366,5.915000000000001,60.0,USD,61,2016-06-14,14.99,USD,TR,True,False,False,False,False,False,False,2597.0,-12.624,-0.8421614409606404,2023-07-25,True,True,7.0070601851851855,True
381210,018d937e-fef7-7274-bbce-e7d155c3d2d1,TR,2023-08-31 17:18:35,2.9575000000000005,5.915000000000001,50.0,USD,61,2016-06-14,14.99,USD,TR,True,False,False,False,False,False,False,2634.0,-12.032499999999999,-0.8027018012008005,2023-08-31,True,True,12.003877314814815,True
381210,018d937e-fef7-7274-bbce-e7d155c3d2d1,TR,2023-10-19 17:06:39,2.366,5.915000000000001,60.0,USD,61,2016-06-14,14.99,USD,TR,True,False,False,False,False,False,False,2683.0,-12.624,-0.8421614409606404,2023-10-19,True,True,14.00880787037037,True
381210,018d937e-fef7-7274-bbce-e7d155c3d2d1,TR,2023-11-21 14:14:00,10.57525,10.57525,0.0,USD,61,2016-06-14,14.99,USD,TR,False,False,False,True,False,False,False,2716.0,-4.41475,-0.29451300867244823,2023-11-21,True,True,,False
381210,018d937e-fef7-7274-bbce-e7d155c3d2d1,TR,2023-11-21 18:29:31,4.22135,10.56825,60.0,USD,61,2016-06-14,14.99,USD,TR,True,False,False,False,False,False,False,2716.0,-10.768650000000001,-0.7183889259506337,2023-11-21,True,True,6.988171296296296,True
381210,018d937e-fef7-7274-bbce-e7d155c3d2d1,TR,2023-12-21 23:36:34,3.8262,10.936800000000002,65.0,USD,61,2016-06-14,14.99,USD,TR,True,False,False,False,False,False,False,2746.0,-11.1638,-0.744749833222148,2023-12-21,True,True,13.792881944444444,True
381210,018d937e-fef7-7274-bbce-e7d155c3d2d1,TR,2024-01-29 18:15:37,4.4502500000000005,11.14155,60.0,USD,61,2016-06-14,14.99,USD,TR,True,False,False,False,False,False,False,2785.0,-10.53975,-0.7031187458305537,2024-01-29,True,True,12.323460648148147,True
381210,018d937e-fef7-7274-bbce-e7d155c3d2d1,TR,2024-03-12 17:15:23,4.19,10.49,60.0,USD,61,2016-06-14,14.99,USD,TR,True,False,False,False,False,False,False,2828.0,-10.8,-0.7204803202134756,2024-03-12,False,False,9.004421296296297,True
381210,018d937e-fef7-7274-bbce-e7d155c3d2d1,TR,2024-04-23 17:15:18,5.99,14.99,60.0,USD,61,2016-06-14,14.99,USD,TR,True,False,False,False,False,False,False,2870.0,-9.0,-0.600400266844563,2024-04-23,False,False,9.000266203703704,True
381210,018d937e-fef7-7274-bbce-e7d155c3d2d1,TR,2024-06-03 17:21:20,5.99,14.99,60.0,USD,61,2016-06-14,14.99,USD,TR,True,False,False,False,False,False,False,2911.0,-9.0,-0.600400266844563,2024-06-03,False,False,13.996539351851851,True
381210,018d937e-fef7-7274-bbce-e7d155c3d2d1,TR,2024-06-27 18:36:15,5.99,14.99,60.0,USD,61,2016-06-14,14.99,USD,TR,True,False,False,False,False,False,False,2935.0,-9.0,-0.600400266844563,2024-06-27,False,False,13.950127314814814,True
381210,018d937e-fef7-7274-bbce-e7d155c3d2d1,TR,2024-07-25 17:16:50,5.99,14.99,60.0,USD,61,2016-06-14,14.99,USD,TR,True,False,False,False,False,False,False,2963.0,-9.0,-0.600400266844563,2024-07-25,False,False,13.999131944444445,True
381210,018d937e-fef7-7274-bbce-e7d155c3d2d1,TR,2024-10-20 17:15:38,5.99,14.99,60.0,USD,61,2016-06-14,14.99,USD,TR,True,False,False,False,False,False,False,3050.0,-9.0,-0.600400266844563,2024-10-20,False,False,14.002106481481482,True
381210,018d937e-fef7-7274-bbce-e7d155c3d2d1,TR,2024-11-27 22:02:44,5.99,14.99,60.0,USD,61,2016-06-14,14.99,USD,TR,True,False,False,False,False,False,False,3088.0,-9.0,-0.600400266844563,2024-11-27,False,False,6.848252314814815,True
381210,018d937e-fef7-7274-bbce-e7d155c3d2d1,TR,2024-12-19 22:56:26,5.24,14.99,65.0,USD,61,2016-06-14,14.99,USD,TR,True,False,False,False,False,False,False,3110.0,-9.75,-0.6504336224149433,2024-12-19,False,False,13.810231481481482,True
381210,018d937e-fef7-7274-bbce-e7d155c3d2d1,TR,2025-02-10 18:42:20,5.99,14.99,60.0,USD,61,2016-06-14,14.99,USD,TR,True,False,False,False,False,False,False,3163.0,-9.0,-0.600400266844563,2025-02-10,False,False,13.982094907407408,True
381210,018d937e-fef7-7274-bbce-e7d155c3d2d1,TR,2025-03-13 19:48:14,5.99,14.99,60.0,USD,61,2016-06-14,14.99,USD,TR,True,False,False,False,False,False,False,3194.0,-9.0,-0.600400266844563,2025-03-13,False,False,6.899340277777778,True
381210,018d937e-fef7-7274-bbce-e7d155c3d2d1,TR,2025-04-02 15:15:19,5.99,14.99,60.0,USD,61,2016-06-14,14.99,USD,TR,True,False,False,False,False,False,False,3214.0,-9.0,-0.600400266844563,2025-04-02,False,False,13.002199074074074,True
381210,018d937e-fef7-7274-bbce-e7d155c3d2d1,TR,2025-06-17 17:13:08,5.99,14.99,60.0,USD,61,2016-06-14,14.99,USD,TR,True,False,False,False,False,False,False,3290.0,-9.0,-0.600400266844563,2025-06-17,False,False,23.00896990740741,True
381210,018d937e-fef7-7274-bbce-e7d155c3d2d1,TR,2025-07-29 16:15:23,5.99,14.99,60.0,USD,61,2016-06-14,14.99,USD,TR,True,False,False,False,False,False,False,3332.0,-9.0,-0.600400266844563,2025-07-29,False,False,13.999907407407408,True
381210,018d937e-fef7-7274-bbce-e7d155c3d2d1,TR,2025-09-29 21:02:45,5.99,14.99,60.0,USD,61,2016-06-14,14.99,USD,TR,True,False,False,False,False,False,False,3394.0,-9.0,-0.600400266844563,2025-09-29,False,False,6.899618055555556,True
381210,018d937e-fef7-7274-bbce-e7d155c3d2d1,TR,2025-10-20 17:21:18,5.99,14.99,60.0,USD,61,2016-06-14,14.99,USD,TR,True,False,False,False,False,False,False,3415.0,-9.0,-0.600400266844563,2025-10-20,False,False,13.998495370370371,True
381210,018d937e-fef7-7274-bbce-e7d155c3d2d1,US,2016-07-04 16:25:26,19.99,19.99,0.0,USD,61,2016-06-14,19.99,USD,US,False,False,False,False,False,False,False,20.0,0.0,0.0,2016-07-04,False,False,,False
381210,018d937e-fef7-7274-bbce-e7d155c3d2d1,US,2016-08-18 18:15:30,16.99,19.99,15.0,USD,61,2016-06-14,19.99,USD,US,True,False,False,False,False,False,False,65.0,-3.0,-0.1500750375187594,2016-08-18,False,False,4.020775462962963,True
381210,018d937e-fef7-7274-bbce-e7d155c3d2d1,US,2016-10-28 18:15:29,13.99,19.99,30.0,USD,61,2016-06-14,19.99,USD,US,True,False,False,False,False,False,False,136.0,-5.999999999999998,-0.30015007503751867,2016-10-28,False,False,4.0839236111111115,True
381210,018d937e-fef7-7274-bbce-e7d155c3d2d1,US,2016-11-23 19:46:55,13.99,19.99,30.0,USD,61,2016-06-14,19.99,USD,US,True,False,False,False,False,False,False,162.0,-5.999999999999998,-0.30015007503751867,2016-11-23,False,False,6.020138888888889,True
381210,018d937e-fef7-7274-bbce-e7d155c3d2d1,US,2016-12-15 19:45:34,13.99,19.99,30.0,USD,61,2016-06-14,19.99,USD,US,True,False,False,False,False,False,False,184.0,-5.999999999999998,-0.30015007503751867,2016-12-15,False,False,4.062534722222222,True
381210,018d937e-fef7-7274-bbce-e7d155c3d2d1,US,2016-12-22 21:15:59,13.99,19.99,30.0,USD,61,2016-06-14,19.99,USD,US,True,False,False,False,False,False,False,191.0,-5.999999999999998,-0.30015007503751867,2016-12-22,False,False,11.000370370370371,True
381210,018d937e-fef7-7274-bbce-e7d155c3d2d1,US,2017-01-27 21:45:48,13.99,19.99,30.0,USD,61,2016-06-14,19.99,USD,US,True,False,False,False,False,False,False,227.0,-5.999999999999998,-0.30015007503751867,2017-01-27,False,False,6.958159722222222,True
381210,018d937e-fef7-7274-bbce-e7d155c3d2d1,US,2017-03-08 19:15:44,11.99,19.99,40.0,USD,61,2016-06-14,19.99,USD,US,True,False,False,False,False,False,False,267.0,-7.999999999999998,-0.40020010005002493,2017-03-08,False,False,5.020625,True
381210,018d937e-fef7-7274-bbce-e7d155c3d2d1,US,2017-06-14 17:15:42,11.99,19.99,40.0,USD,61,2016-06-14,19.99,USD,US,True,False,False,False,False,False,False,365.0,-7.999999999999998,-0.40020010005002493,2017-06-14,False,False,21.041909722222222,True
381210,018d937e-fef7-7274-bbce-e7d155c3d2d1,US,2017-06-16 09:15:26,14.99,29.99,50.0,USD,61,2016-06-14,19.99,USD,US,True,False,False,False,False,False,False,367.0,-4.999999999999998,-0.25012506253126554,2017-06-16,False,False,,False
381210,018d937e-fef7-7274-bbce-e7d155c3d2d1,US,2017-06-16 09:45:30,11.99,19.99,40.0,USD,61,2016-06-14,19.99,USD,US,True,False,False,False,False,False,False,367.0,-7.999999999999998,-0.40020010005002493,2017-06-16,False,False,,False
381210,018d937e-fef7-7274-bbce-e7d155c3d2d1,US,2017-06-17 15:15:33,14.99,29.99,50.0,USD,61,2016-06-14,19.99,USD,US,True,False,False,False,False,False,False,368.0,-4.999999999999998,-0.25012506253126554,2017-06-17,False,False,,False
381210,018d937e-fef7-7274-bbce-e7d155c3d2d1,US,2017-06-17 16:45:26,11.99,19.99,40.0,USD,61,2016-06-14,19.99,USD,US,True,False,False,False,False,False,False,368.0,-7.999999999999998,-0.40020010005002493,2017-06-17,False,False,,False
381210,018d937e-fef7-7274-bbce-e7d155c3d2d1,US,2017-06-17 21:45:27,14.99,29.99,50.0,USD,61,2016-06-14,19.99,USD,US,True,False,False,False,False,False,False,368.0,-4.999999999999998,-0.25012506253126554,2017-06-17,False,False,,False
381210,018d937e-fef7-7274-bbce-e7d155c3d2d1,US,2017-06-17 23:15:26,11.99,19.99,40.0,USD,61,2016-06-14,19.99,USD,US,True,False,False,False,False,False,False,368.0,-7.999999999999998,-0.40020010005002493,2017-06-17,False,False,,False
381210,018d937e-fef7-7274-bbce-e7d155c3d2d1,US,2017-06-18 12:45:22,14.99,29.99,50.0,USD,61,2016-06-14,19.99,USD,US,True,False,False,False,False,False,False,369.0,-4.999999999999998,-0.25012506253126554,2017-06-18,False,False,,False
381210,018d937e-fef7-7274-bbce-e7d155c3d2d1,US,2017-06-18 17:15:47,11.99,19.99,40.0,USD,61,2016-06-14,19.99,USD,US,True,False,False,False,False,False,False,369.0,-7.999999999999998,-0.40020010005002493,2017-06-18,False,False,,False
381210,018d937e-fef7-7274-bbce-e7d155c3d2d1,US,2017-06-20 03:45:26,14.99,29.99,50.0,USD,61,2016-06-14,19.99,USD,US,True,False,False,False,False,False,False,371.0,-4.999999999999998,-0.25012506253126554,2017-06-20,False,False,,False
381210,018d937e-fef7-7274-bbce-e7d155c3d2d1,US,2017-06-20 04:45:38,11.99,19.99,40.0,USD,61,2016-06-14,19.99,USD,US,True,False,False,False,False,False,False,371.0,-7.999999999999998,-0.40020010005002493,2017-06-20,False,False,,False
381210,018d937e-fef7-7274-bbce-e7d155c3d2d1,US,2017-06-25 16:45:21,14.99,29.99,50.0,USD,61,2016-06-14,19.99,USD,US,True,False,False,False,False,False,False,376.0,-4.999999999999998,-0.25012506253126554,2017-06-25,False,False,,False
381210,018d937e-fef7-7274-bbce-e7d155c3d2d1,US,2017-06-25 17:45:23,11.99,19.99,40.0,USD,61,2016-06-14,19.99,USD,US,True,False,False,False,False,False,False,376.0,-7.999999999999998,-0.40020010005002493,2017-06-25,False,False,,False
381210,018d937e-fef7-7274-bbce-e7d155c3d2d1,US,2017-06-26 02:45:21,14.99,29.99,50.0,USD,61,2016-06-14,19.99,USD,US,True,False,False,False,False,False,False,377.0,-4.999999999999998,-0.25012506253126554,2017-06-26,False,False,,False
381210,018d937e-fef7-7274-bbce-e7d155c3d2d1,US,2017-06-26 04:15:33,11.99,19.99,40.0,USD,61,2016-06-14,19.99,USD,US,True,False,False,False,False,False,False,377.0,-7.999999999999998,-0.40020010005002493,2017-06-26,False,False,,False
381210,018d937e-fef7-7274-bbce-e7d155c3d2d1,US,2017-06-28 19:45:25,14.99,29.99,50.0,USD,61,2016-06-14,19.99,USD,US,True,False,False,False,False,False,False,379.0,-4.999999999999998,-0.25012506253126554,2017-06-28,False,False,,False
381210,018d937e-fef7-7274-bbce-e7d155c3d2d1,US,2017-06-28 23:15:40,11.99,19.99,40.0,USD,61,2016-06-14,19.99,USD,US,True,False,False,False,False,False,False,379.0,-7.999999999999998,-0.40020010005002493,2017-06-28,False,False,,False
381210,018d937e-fef7-7274-bbce-e7d155c3d2d1,US,2017-06-29 09:45:21,14.99,29.99,50.0,USD,61,2016-06-14,19.99,USD,US,True,False,False,False,False,False,False,380.0,-4.999999999999998,-0.25012506253126554,2017-06-29,False,False,,False
381210,018d937e-fef7-7274-bbce-e7d155c3d2d1,US,2017-06-29 11:45:21,11.99,19.99,40.0,USD,61,2016-06-14,19.99,USD,US,True,False,False,False,False,False,False,380.0,-7.999999999999998,-0.40020010005002493,2017-06-29,False,False,,False
381210,018d937e-fef7-7274-bbce-e7d155c3d2d1,US,2017-06-30 03:15:45,14.99,29.99,50.0,USD,61,2016-06-14,19.99,USD,US,True,False,False,False,False,False,False,381.0,-4.999999999999998,-0.25012506253126554,2017-06-30,False,False,,False
381210,018d937e-fef7-7274-bbce-e7d155c3d2d1,US,2017-06-30 05:15:39,11.99,19.99,40.0,USD,61,2016-06-14,19.99,USD,US,True,False,False,False,False,False,False,381.0,-7.999999999999998,-0.40020010005002493,2017-06-30,False,False,,False
381210,018d937e-fef7-7274-bbce-e7d155c3d2d1,US,2017-06-30 07:45:24,14.99,29.99,50.0,USD,61,2016-06-14,19.99,USD,US,True,False,False,False,False,False,False,381.0,-4.999999999999998,-0.25012506253126554,2017-06-30,False,False,,False
381210,018d937e-fef7-7274-bbce-e7d155c3d2d1,US,2017-06-30 08:45:20,11.99,19.99,40.0,USD,61,2016-06-14,19.99,USD,US,True,False,False,False,False,False,False,381.0,-7.999999999999998,-0.40020010005002493,2017-06-30,False,False,,False
381210,018d937e-fef7-7274-bbce-e7d155c3d2d1,US,2017-06-30 21:45:23,14.99,29.99,50.0,USD,61,2016-06-14,19.99,USD,US,True,False,False,False,False,False,False,381.0,-4.999999999999998,-0.25012506253126554,2017-06-30,False,False,,False
381210,018d937e-fef7-7274-bbce-e7d155c3d2d1,US,2017-06-30 22:45:21,11.99,19.99,40.0,USD,61,2016-06-14,19.99,USD,US,True,False,False,False,False,False,False,381.0,-7.999999999999998,-0.40020010005002493,2017-06-30,False,False,,False
381210,018d937e-fef7-7274-bbce-e7d155c3d2d1,US,2017-07-01 02:45:19,14.99,29.99,50.0,USD,61,2016-06-14,19.99,USD,US,True,False,False,False,False,False,False,382.0,-4.999999999999998,-0.25012506253126554,2017-07-01,False,False,,False
381210,018d937e-fef7-7274-bbce-e7d155c3d2d1,US,2017-07-01 05:15:41,11.99,19.99,40.0,USD,61,2016-06-14,19.99,USD,US,True,False,False,False,False,False,False,382.0,-7.999999999999998,-0.40020010005002493,2017-07-01,False,False,,False
381210,018d937e-fef7-7274-bbce-e7d155c3d2d1,US,2017-07-03 22:45:22,14.99,29.99,50.0,USD,61,2016-06-14,19.99,USD,US,True,False,False,False,False,False,False,384.0,-4.999999999999998,-0.25012506253126554,2017-07-03,False,False,,False
381210,018d937e-fef7-7274-bbce-e7d155c3d2d1,US,2017-07-04 00:45:21,11.99,19.99,40.0,USD,61,2016-06-14,19.99,USD,US,True,False,False,False,False,False,False,385.0,-7.999999999999998,-0.40020010005002493,2017-07-04,False,False,,False
381210,018d937e-fef7-7274-bbce-e7d155c3d2d1,US,2017-07-04 20:15:34,14.99,29.99,50.0,USD,61,2016-06-14,19.99,USD,US,True,False,False,False,False,False,False,385.0,-4.999999999999998,-0.25012506253126554,2017-07-04,False,False,,False
381210,018d937e-fef7-7274-bbce-e7d155c3d2d1,US,2017-07-04 22:15:43,11.99,19.99,40.0,USD,61,2016-06-14,19.99,USD,US,True,False,False,False,False,False,False,385.0,-7.999999999999998,-0.40020010005002493,2017-07-04,False,False,,False
381210,018d937e-fef7-7274-bbce-e7d155c3d2d1,US,2017-07-05 01:45:25,14.99,29.99,50.0,USD,61,2016-06-14,19.99,USD,US,True,False,False,False,False,False,False,386.0,-4.999999999999998,-0.25012506253126554,2017-07-05,False,False,,False
381210,018d937e-fef7-7274-bbce-e7d155c3d2d1,US,2017-07-05 04:15:37,11.99,19.99,40.0,USD,61,2016-06-14,19.99,USD,US,True,False,False,False,False,False,False,386.0,-7.999999999999998,-0.40020010005002493,2017-07-05,False,False,,False
381210,018d937e-fef7-7274-bbce-e7d155c3d2d1,US,2017-07-05 04:45:24,14.99,29.99,50.0,USD,61,2016-06-14,19.99,USD,US,True,False,False,False,False,False,False,386.0,-4.999999999999998,-0.25012506253126554,2017-07-05,False,False,,False
381210,018d937e-fef7-7274-bbce-e7d155c3d2d1,US,2017-07-05 06:15:34,11.99,19.99,40.0,USD,61,2016-06-14,19.99,USD,US,True,False,False,False,False,False,False,386.0,-7.999999999999998,-0.40020010005002493,2017-07-05,False,False,,False
381210,018d937e-fef7-7274-bbce-e7d155c3d2d1,US,2017-09-12 20:45:31,9.99,19.99,50.0,USD,61,2016-06-14,19.99,USD,US,True,False,False,False,False,False,False,455.0,-9.999999999999998,-0.5002501250625312,2017-09-12,False,False,5.874988425925926,True
381210,018d937e-fef7-7274-bbce-e7d155c3d2d1,US,2017-10-26 19:45:29,9.99,19.99,50.0,USD,61,2016-06-14,19.99,USD,US,True,False,False,False,False,False,False,499.0,-9.999999999999998,-0.5002501250625312,2017-10-26,False,False,6.021076388888889,True
381210,018d937e-fef7-7274-bbce-e7d155c3d2d1,US,2017-11-22 20:45:27,9.99,19.99,50.0,USD,61,2016-06-14,19.99,USD,US,True,False,False,False,False,False,False,526.0,-9.999999999999998,-0.5002501250625312,2017-11-22,False,False,6.104479166666667,True
381210,018d937e-fef7-7274-bbce-e7d155c3d2d1,US,2017-12-21 19:45:34,9.99,19.99,50.0,USD,61,2016-06-14,19.99,USD,US,True,False,False,False,False,False,False,555.0,-9.999999999999998,-0.5002501250625312,2017-12-21,False,False,14.124976851851851,True
381210,018d937e-fef7-7274-bbce-e7d155c3d2d1,US,2018-02-15 20:18:42,9.99,19.99,50.0,USD,61,2016-06-14,19.99,USD,US,True,False,False,False,False,False,False,611.0,-9.999999999999998,-0.5002501250625312,2018-02-15,False,False,4.001388888888889,True
381210,018d937e-fef7-7274-bbce-e7d155c3d2d1,US,2018-05-24 20:20:24,9.99,19.99,50.0,USD,61,2016-06-14,19.99,USD,US,True,False,False,False,False,False,False,709.0,-9.999999999999998,-0.5002501250625312,2018-05-24,False,False,4.187025462962963,True
381210,018d937e-fef7-7274-bbce-e7d155c3d2d1,US,2018-05-27 00:19:40,11.99,29.99,60.0,USD,61,2016-06-14,19.99,USD,US,True,False,False,False,False,False,False,712.0,-7.999999999999998,-0.40020010005002493,2018-05-27,False,False,,False
381210,018d937e-fef7-7274-bbce-e7d155c3d2d1,US,2018-05-27 04:19:19,9.99,19.99,50.0,USD,61,2016-06-14,19.99,USD,US,True,False,False,False,False,False,False,712.0,-9.999999999999998,-0.5002501250625312,2018-05-27,False,False,,False
381210,018d937e-fef7-7274-bbce-e7d155c3d2d1,US,2018-05-27 18:20:22,11.99,29.99,60.0,USD,61,2016-06-14,19.99,USD,US,True,False,False,False,False,False,False,712.0,-7.999999999999998,-0.40020010005002493,2018-05-27,False,False,,False
381210,018d937e-fef7-7274-bbce-e7d155c3d2d1,US,2018-05-27 19:49:58,9.99,19.99,50.0,USD,61,2016-06-14,19.99,USD,US,True,False,False,False,False,False,False,712.0,-9.999999999999998,-0.5002501250625312,2018-05-27,False,False,,False
381210,018d937e-fef7-7274-bbce-e7d155c3d2d1,US,2018-05-28 04:49:53,11.99,29.99,60.0,USD,61,2016-06-14,19.99,USD,US,True,False,False,False,False,False,False,713.0,-7.999999999999998,-0.40020010005002493,2018-05-28,False,False,,False
381210,018d937e-fef7-7274-bbce-e7d155c3d2d1,US,2018-05-28 08:19:38,9.99,19.99,50.0,USD,61,2016-06-14,19.99,USD,US,True,False,False,False,False,False,False,713.0,-9.999999999999998,-0.5002501250625312,2018-05-28,False,False,,False
381210,018d937e-fef7-7274-bbce-e7d155c3d2d1,US,2018-05-28 20:19:47,11.99,29.99,60.0,USD,61,2016-06-14,19.99,USD,US,True,False,False,False,False,False,False,713.0,-7.999999999999998,-0.40020010005002493,2018-05-28,False,False,,False
381210,018d937e-fef7-7274-bbce-e7d155c3d2d1,US,2018-05-28 21:20:40,9.99,19.99,50.0,USD,61,2016-06-14,19.99,USD,US,True,False,False,False,False,False,False,713.0,-9.999999999999998,-0.5002501250625312,2018-05-28,False,False,,False
381210,018d937e-fef7-7274-bbce-e7d155c3d2d1,US,2018-06-14 20:48:26,9.99,19.99,50.0,USD,61,2016-06-14,19.99,USD,US,True,False,False,False,False,False,False,730.0,-9.999999999999998,-0.5002501250625312,2018-06-14,False,False,20.984618055555554,True
381210,018d937e-fef7-7274-bbce-e7d155c3d2d1,US,2018-09-18 18:54:25,9.99,19.99,50.0,USD,61,2016-06-14,19.99,USD,US,True,False,False,False,False,False,False,826.0,-9.999999999999998,-0.5002501250625312,2018-09-18,False,False,6.938912037037037,True
381210,018d937e-fef7-7274-bbce-e7d155c3d2d1,US,2018-10-26 17:31:55,9.99,19.99,50.0,USD,61,2016-06-14,19.99,USD,US,True,False,False,False,False,False,False,864.0,-9.999999999999998,-0.5002501250625312,2018-10-26,False,False,7.000289351851852,True
381210,018d937e-fef7-7274-bbce-e7d155c3d2d1,US,2018-11-21 18:47:30,9.99,19.99,50.0,USD,61,2016-06-14,19.99,USD,US,True,False,False,False,False,False,False,890.0,-9.999999999999998,-0.5002501250625312,2018-11-21,False,False,6.051956018518519,True
381210,018d937e-fef7-7274-bbce-e7d155c3d2d1,US,2018-12-20 22:51:33,9.99,19.99,50.0,USD,61,2016-06-14,19.99,USD,US,True,False,False,False,False,False,False,919.0,-9.999999999999998,-0.5002501250625312,2018-12-20,False,False,13.830405092592592,True
381210,018d937e-fef7-7274-bbce-e7d155c3d2d1,US,2019-01-17 18:46:02,9.99,19.99,50.0,USD,61,2016-06-14,19.99,USD,US,True,False,False,False,False,False,False,947.0,-9.999999999999998,-0.5002501250625312,2019-01-17,False,False,3.982523148148148,True
381210,018d937e-fef7-7274-bbce-e7d155c3d2d1,US,2019-02-04 19:05:46,9.99,19.99,50.0,USD,61,2016-06-14,19.99,USD,US,True,False,False,False,False,False,False,965.0,-9.999999999999998,-0.5002501250625312,2019-02-04,False,False,7.105787037037037,True
381210,018d937e-fef7-7274-bbce-e7d155c3d2d1,US,2019-04-04 17:06:51,9.99,19.99,50.0,USD,61,2016-06-14,19.99,USD,US,True,False,False,False,False,False,False,1024.0,-9.999999999999998,-0.5002501250625312,2019-04-04,False,False,6.019224537037037,True
381210,018d937e-fef7-7274-bbce-e7d155c3d2d1,US,2019-05-24 17:37:27,9.99,19.99,50.0,USD,61,2016-06-14,19.99,USD,US,True,False,False,False,False,False,False,1074.0,-9.999999999999998,-0.5002501250625312,2019-05-24,False,False,3.990613425925926,True
381210,018d937e-fef7-7274-bbce-e7d155c3d2d1,US,2019-06-18 17:02:08,9.99,19.99,50.0,USD,61,2016-06-14,19.99,USD,US,True,False,False,False,False,False,False,1099.0,-9.999999999999998,-0.5002501250625312,2019-06-18,False,False,21.151319444444443,True
381210,018d937e-fef7-7274-bbce-e7d155c3d2d1,US,2019-09-17 16:21:58,9.99,19.99,50.0,USD,61,2016-06-14,19.99,USD,US,True,False,False,False,False,False,False,1190.0,-9.999999999999998,-0.5002501250625312,2019-09-17,False,False,8.041087962962964,True
381210,018d937e-fef7-7274-bbce-e7d155c3d2d1,US,2019-10-24 17:21:16,9.99,19.99,50.0,USD,61,2016-06-14,19.99,USD,US,True,False,False,False,False,False,False,1227.0,-9.999999999999998,-0.5002501250625312,2019-10-24,False,False,8.00380787037037,True
381210,018d937e-fef7-7274-bbce-e7d155c3d2d1,US,2019-11-26 18:11:42,9.99,19.99,50.0,USD,61,2016-06-14,19.99,USD,US,True,False,False,False,False,False,False,1260.0,-9.999999999999998,-0.5002501250625312,2019-11-26,False,False,7.008657407407408,True
381210,018d937e-fef7-7274-bbce-e7d155c3d2d1,US,2019-12-19 18:13:06,7.99,19.99,60.0,USD,61,2016-06-14,19.99,USD,US,True,False,False,False,False,False,False,1283.0,-11.999999999999998,-0.6003001500750375,2019-12-19,False,False,14.020439814814814,True
381210,018d937e-fef7-7274-bbce-e7d155c3d2d1,US,2020-01-22 18:27:07,7.99,19.99,60.0,USD,61,2016-06-14,19.99,USD,US,True,False,False,False,False,False,False,1317.0,-11.999999999999998,-0.6003001500750375,2020-01-22,False,False,4.99994212962963,True
381210,018d937e-fef7-7274-bbce-e7d155c3d2d1,US,2020-03-09 17:21:36,7.99,19.99,60.0,USD,61,2016-06-14,19.99,USD,US,True,False,False,False,False,False,False,1364.0,-11.999999999999998,-0.6003001500750375,2020-03-09,False,False,7.999768518518518,True
381210,018d937e-fef7-7274-bbce-e7d155c3d2d1,US,2020-04-21 17:21:22,7.99,19.99,60.0,USD,61,2016-06-14,19.99,USD,US,True,False,False,False,False,False,False,1407.0,-11.999999999999998,-0.6003001500750375,2020-04-21,False,False,2.9999652777777777,True
381210,018d937e-fef7-7274-bbce-e7d155c3d2d1,US,2020-07-09 17:24:27,29.99,29.99,0.0,USD,61,2016-06-14,19.99,USD,US,False,False,False,True,False,False,False,1486.0,10.0,0.5002501250625313,2020-07-09,False,False,,False
381210,018d937e-fef7-7274-bbce-e7d155c3d2d1,US,2020-07-31 17:21:26,7.99,19.99,60.0,USD,61,2016-06-14,19.99,USD,US,True,False,False,False,False,False,False,1508.0,-11.999999999999998,-0.6003001500750375,2020-07-31,False,False,7.000231481481482,True
381210,018d937e-fef7-7274-bbce-e7d155c3d2d1,US,2020-09-08 17:21:11,7.99,19.99,60.0,USD,61,2016-06-14,19.99,USD,US,True,False,False,False,False,False,False,1547.0,-11.999999999999998,-0.6003001500750375,2020-09-08,False,False,6.000150462962963,True
381210,018d937e-fef7-7274-bbce-e7d155c3d2d1,US,2020-09-09 18:07:23,7.99,19.99,60.0,USD,61,2016-06-14,19.99,USD,US,True,False,False,False,False,False,False,1548.0,-11.999999999999998,-0.6003001500750375,2020-09-09,False,False,,False
381210,018d937e-fef7-7274-bbce-e7d155c3d2d1,US,2020-10-29 17:08:18,7.99,19.99,60.0,USD,61,2016-06-14,19.99,USD,US,True,False,False,False,False,False,False,1598.0,-11.999999999999998,-0.6003001500750375,2020-10-29,False,False,4.053287037037037,True
381210,018d937e-fef7-7274-bbce-e7d155c3d2d1,US,2020-11-25 18:25:12,7.99,19.99,60.0,USD,61,2016-06-14,19.99,USD,US,True,False,False,False,False,False,False,1625.0,-11.999999999999998,-0.6003001500750375,2020-11-25,False,False,5.998287037037037,True
381210,018d937e-fef7-7274-bbce-e7d155c3d2d1,US,2020-12-22 19:02:48,7.99,19.99,60.0,USD,61,2016-06-14,19.99,USD,US,True,False,False,False,False,False,False,1652.0,-11.999999999999998,-0.6003001500750375,2020-12-22,False,False,13.994444444444444,True
381210,018d937e-fef7-7274-bbce-e7d155c3d2d1,US,2021-02-11 18:58:18,11.99,19.99,40.0,USD,61,2016-06-14,19.99,USD,US,True,False,False,False,False,False,False,1703.0,-7.999999999999998,-0.40020010005002493,2021-02-11,False,False,3.9750925925925924,True
381210,018d937e-fef7-7274-bbce-e7d155c3d2d1,US,2021-03-30 17:18:18,9.99,19.99,50.0,USD,61,2016-06-14,19.99,USD,US,True,False,False,False,False,False,False,1750.0,-9.999999999999998,-0.5002501250625312,2021-03-30,False,False,14.000648148148148,True
381210,018d937e-fef7-7274-bbce-e7d155c3d2d1,US,2021-05-05 17:18:19,12.99,19.99,35.0,USD,61,2016-06-14,19.99,USD,US,True,False,False,False,False,False,False,1786.0,-6.999999999999998,-0.3501750875437718,2021-05-05,False,False,6.000277777777778,True
381210,018d937e-fef7-7274-bbce-e7d155c3d2d1,US,2021-06-15 17:18:16,11.99,19.99,40.0,USD,61,2016-06-14,19.99,USD,US,True,False,False,False,False,False,False,1827.0,-7.999999999999998,-0.40020010005002493,2021-06-15,False,False,29.001400462962962,True
381210,018d937e-fef7-7274-bbce-e7d155c3d2d1,US,2021-09-07 17:12:21,9.99,19.99,50.0,USD,61,2016-06-14,19.99,USD,US,True,False,False,False,False,False,False,1911.0,-9.999999999999998,-0.5002501250625312,2021-09-07,False,False,13.012222222222222,True
381210,018d937e-fef7-7274-bbce-e7d155c3d2d1,US,2021-10-19 17:18:35,9.99,19.99,50.0,USD,61,2016-06-14,19.99,USD,US,True,False,False,False,False,False,False,1953.0,-9.999999999999998,-0.5002501250625312,2021-10-19,False,False,13.014351851851853,True
381210,018d937e-fef7-7274-bbce-e7d155c3d2d1,US,2021-12-22 23:24:04,9.99,19.99,50.0,USD,61,2016-06-14,19.99,USD,US,True,False,False,False,False,False,False,2017.0,-9.999999999999998,-0.5002501250625312,2021-12-22,False,False,13.794884259259259,True
381210,018d937e-fef7-7274-bbce-e7d155c3d2d1,US,2022-01-27 19:05:08,9.99,19.99,50.0,USD,61,2016-06-14,19.99,USD,US,True,False,False,False,False,False,False,2053.0,-9.999999999999998,-0.5002501250625312,2022-01-27,False,False,11.01068287037037,True
381210,018d937e-fef7-7274-bbce-e7d155c3d2d1,US,2022-03-08 18:20:23,9.99,19.99,50.0,USD,61,2016-06-14,19.99,USD,US,True,False,False,False,False,False,False,2093.0,-9.999999999999998,-0.5002501250625312,2022-03-08,False,False,13.957407407407407,True
381210,018d937e-fef7-7274-bbce-e7d155c3d2d1,US,2022-04-26 17:26:12,9.99,19.99,50.0,USD,61,2016-06-14,19.99,USD,US,True,False,False,False,False,False,False,2142.0,-9.999999999999998,-0.5002501250625312,2022-04-26,False,False,13.998078703703703,True
381210,018d937e-fef7-7274-bbce-e7d155c3d2d1,US,2022-06-07 17:05:58,7.99,19.99,60.0,USD,61,2016-06-14,19.99,USD,US,True,False,False,False,False,False,False,2184.0,-11.999999999999998,-0.6003001500750375,2022-06-07,False,False,14.006446759259259,True
381210,018d937e-fef7-7274-bbce-e7d155c3d2d1,US,2022-06-23 17:29:02,7.99,19.99,60.0,USD,61,2016-06-14,19.99,USD,US,True,False,False,False,False,False,False,2200.0,-11.999999999999998,-0.6003001500750375,2022-06-23,False,False,14.011481481481482,True
381210,018d937e-fef7-7274-bbce-e7d155c3d2d1,US,2022-07-19 17:18:29,7.99,19.99,60.0,USD,61,2016-06-14,19.99,USD,US,True,False,False,False,False,False,False,2226.0,-11.999999999999998,-0.6003001500750375,2022-07-19,False,False,13.000069444444444,True
381210,018d937e-fef7-7274-bbce-e7d155c3d2d1,US,2022-08-30 17:19:08,7.99,19.99,60.0,USD,61,2016-06-14,19.99,USD,US,True,False,False,False,False,False,False,2268.0,-11.999999999999998,-0.6003001500750375,2022-08-30,False,False,12.995462962962963,True
381210,018d937e-fef7-7274-bbce-e7d155c3d2d1,US,2022-10-18 17:18:15,7.99,19.99,60.0,USD,61,2016-06-14,19.99,USD,US,True,False,False,False,False,False,False,2317.0,-11.999999999999998,-0.6003001500750375,2022-10-18,False,False,14.000231481481482,True
381210,018d937e-fef7-7274-bbce-e7d155c3d2d1,US,2022-11-22 22:44:45,7.99,19.99,60.0,USD,61,2016-06-14,19.99,USD,US,True,False,False,False,False,False,False,2352.0,-11.999999999999998,-0.6003001500750375,2022-11-22,False,False,6.836331018518519,True
381210,018d937e-fef7-7274-bbce-e7d155c3d2d1,US,2022-12-22 18:21:35,6.99,19.99,65.0,USD,61,2016-06-14,19.99,USD,US,True,False,False,False,False,False,False,2382.0,-12.999999999999998,-0.6503251625812906,2022-12-22,False,False,20.99966435185185,True
381210,018d937e-fef7-7274-bbce-e7d155c3d2d1,US,2023-03-07 15:18:19,7.99,19.99,60.0,USD,61,2016-06-14,19.99,USD,US,True,False,False,False,False,False,False,2457.0,-11.999999999999998,-0.6003001500750375,2023-03-07,False,False,8.999976851851851,True
381210,018d937e-fef7-7274-bbce-e7d155c3d2d1,US,2023-03-16 21:06:59,7.99,19.99,60.0,USD,61,2016-06-14,19.99,USD,US,True,False,False,False,False,False,False,2466.0,-11.999999999999998,-0.6003001500750375,2023-03-16,False,False,6.872175925925926,True
381210,018d937e-fef7-7274-bbce-e7d155c3d2d1,US,2023-04-20 17:15:17,7.99,19.99,60.0,USD,61,2016-06-14,19.99,USD,US,True,False,False,False,False,False,False,2501.0,-11.999999999999998,-0.6003001500750375,2023-04-20,False,False,9.995729166666667,True
381210,018d937e-fef7-7274-bbce-e7d155c3d2d1,US,2023-06-13 17:18:40,7.99,19.99,60.0,USD,61,2016-06-14,19.99,USD,US,True,False,False,False,False,False,False,2555.0,-11.999999999999998,-0.6003001500750375,2023-06-13,False,False,8.000416666666666,True
381210,018d937e-fef7-7274-bbce-e7d155c3d2d1,US,2023-06-29 17:47:29,7.99,19.99,60.0,USD,61,2016-06-14,19.99,USD,US,True,False,False,False,False,False,False,2571.0,-11.999999999999998,-0.6003001500750375,2023-06-29,False,False,13.969618055555555,True
381210,018d937e-fef7-7274-bbce-e7d155c3d2d1,US,2023-07-25 17:19:09,7.99,19.99,60.0,USD,61,2016-06-14,19.99,USD,US,True,False,False,False,False,False,False,2597.0,-11.999999999999998,-0.6003001500750375,2023-07-25,False,False,7.0003125,True
381210,018d937e-fef7-7274-bbce-e7d155c3d2d1,US,2023-08-31 17:18:31,9.99,19.99,50.0,USD,61,2016-06-14,19.99,USD,US,True,False,False,False,False,False,False,2634.0,-9.999999999999998,-0.5002501250625312,2023-08-31,False,False,12.003217592592593,True
381210,018d937e-fef7-7274-bbce-e7d155c3d2d1,US,2023-11-21 18:07:41,7.99,19.99,60.0,USD,61,2016-06-14,19.99,USD,US,True,False,False,False,False,False,False,2716.0,-11.999999999999998,-0.6003001500750375,2023-11-21,False,False,7.042268518518519,True
381210,018d937e-fef7-7274-bbce-e7d155c3d2d1,US,2023-12-21 18:24:19,6.99,19.99,65.0,USD,61,2016-06-14,19.99,USD,US,True,False,False,False,False,False,False,2746.0,-12.999999999999998,-0.6503251625812906,2023-12-21,False,False,14.011747685185185,True
381210,018d937e-fef7-7274-bbce-e7d155c3d2d1,US,2024-01-29 18:31:24,7.99,19.99,60.0,USD,61,2016-06-14,19.99,USD,US,True,False,False,False,False,False,False,2785.0,-11.999999999999998,-0.6003001500750375,2024-01-29,False,False,12.303217592592592,True
381210,018d937e-fef7-7274-bbce-e7d155c3d2d1,US,2024-03-12 17:18:13,7.99,19.99,60.0,USD,61,2016-06-14,19.99,USD,US,True,False,False,False,False,False,False,2828.0,-11.999999999999998,-0.6003001500750375,2024-03-12,False,False,9.002384259259259,True
381210,018d937e-fef7-7274-bbce-e7d155c3d2d1,US,2024-04-23 17:15:15,7.99,19.99,60.0,USD,61,2016-06-14,19.99,USD,US,True,False,False,False,False,False,False,2870.0,-11.999999999999998,-0.6003001500750375,2024-04-23,False,False,9.002164351851851,True
381210,018d937e-fef7-7274-bbce-e7d155c3d2d1,US,2024-06-03 17:03:27,7.99,19.99,60.0,USD,61,2016-06-14,19.99,USD,US,True,False,False,False,False,False,False,2911.0,-11.999999999999998,-0.6003001500750375,2024-06-03,False,False,14.008993055555555,True
381210,018d937e-fef7-7274-bbce-e7d155c3d2d1,US,2024-06-27 18:36:45,7.99,19.99,60.0,USD,61,2016-06-14,19.99,USD,US,True,False,False,False,False,False,False,2935.0,-11.999999999999998,-0.6003001500750375,2024-06-27,False,False,13.949826388888889,True
381210,018d937e-fef7-7274-bbce-e7d155c3d2d1,US,2024-07-25 17:16:22,7.99,19.99,60.0,USD,61,2016-06-14,19.99,USD,US,True,False,False,False,False,False,False,2963.0,-11.999999999999998,-0.6003001500750375,2024-07-25,False,False,13.999837962962962,True
381210,018d937e-fef7-7274-bbce-e7d155c3d2d1,US,2024-10-20 17:15:38,7.99,19.99,60.0,USD,61,2016-06-14,19.99,USD,US,True,False,False,False,False,False,False,3050.0,-11.999999999999998,-0.6003001500750375,2024-10-20,False,False,13.999988425925926,True
381210,018d937e-fef7-7274-bbce-e7d155c3d2d1,US,2024-11-27 21:34:39,7.99,19.99,60.0,USD,61,2016-06-14,19.99,USD,US,True,False,False,False,False,False,False,3088.0,-11.999999999999998,-0.6003001500750375,2024-11-27,False,False,6.867766203703703,True
381210,018d937e-fef7-7274-bbce-e7d155c3d2d1,US,2024-12-19 22:56:30,6.99,19.99,65.0,USD,61,2016-06-14,19.99,USD,US,True,False,False,False,False,False,False,3110.0,-12.999999999999998,-0.6503251625812906,2024-12-19,False,False,13.810243055555556,True
381210,018d937e-fef7-7274-bbce-e7d155c3d2d1,US,2025-02-10 18:42:19,7.99,19.99,60.0,USD,61,2016-06-14,19.99,USD,US,True,False,False,False,False,False,False,3163.0,-11.999999999999998,-0.6003001500750375,2025-02-10,False,False,13.9828125,True
381210,018d937e-fef7-7274-bbce-e7d155c3d2d1,US,2025-03-13 19:30:21,7.99,19.99,60.0,USD,61,2016-06-14,19.99,USD,US,True,False,False,False,False,False,False,3194.0,-11.999999999999998,-0.6003001500750375,2025-03-13,False,False,6.9115625,True
381210,018d937e-fef7-7274-bbce-e7d155c3d2d1,US,2025-04-02 15:15:19,7.99,19.99,60.0,USD,61,2016-06-14,19.99,USD,US,True,False,False,False,False,False,False,3214.0,-11.999999999999998,-0.6003001500750375,2025-04-02,False,False,13.000034722222223,True
381210,018d937e-fef7-7274-bbce-e7d155c3d2d1,US,2025-06-17 17:17:15,7.99,19.99,60.0,USD,61,2016-06-14,19.99,USD,US,True,False,False,False,False,False,False,3290.0,-11.999999999999998,-0.6003001500750375,2025-06-17,False,False,23.006215277777777,True
381210,018d937e-fef7-7274-bbce-e7d155c3d2d1,US,2025-07-29 16:18:21,7.99,19.99,60.0,USD,61,2016-06-14,19.99,USD,US,True,False,False,False,False,False,False,3332.0,-11.999999999999998,-0.6003001500750375,2025-07-29,False,False,13.9978125,True
381210,018d937e-fef7-7274-bbce-e7d155c3d2d1,US,2025-09-29 21:03:03,7.99,19.99,60.0,USD,61,2016-06-14,19.99,USD,US,True,False,False,False,False,False,False,3394.0,-11.999999999999998,-0.6003001500750375,2025-09-29,False,False,6.903333333333333,True
381210,018d937e-fef7-7274-bbce-e7d155c3d2d1,US,2025-10-20 17:21:47,7.99,19.99,60.0,USD,61,2016-06-14,19.99,USD,US,True,False,False,False,False,False,False,3415.0,-11.999999999999998,-0.6003001500750375,2025-10-20,False,False,13.996087962962964,True
553850,018d937f-6ee4-73f5-858c-2fde3407462f,AR,2024-09-12 17:18:44,31.99,39.99,20.0,USD,61,2024-02-08,39.99,USD,AR,True,False,False,False,False,False,False,217.0,-8.000000000000004,-0.20005001250312582,2024-09-12,False,False,7.000266203703704,True
553850,018d937f-6ee4-73f5-858c-2fde3407462f,AR,2024-11-27 18:53:25,31.99,39.99,20.0,USD,61,2024-02-08,39.99,USD,AR,True,False,False,False,False,False,False,293.0,-8.000000000000004,-0.20005001250312582,2024-11-27,False,False,6.983564814814815,True
553850,018d937f-6ee4-73f5-858c-2fde3407462f,AR,2024-12-12 18:19:24,31.99,39.99,20.0,USD,61,2024-02-08,39.99,USD,AR,True,False,False,False,False,False,False,308.0,-8.000000000000004,-0.20005001250312582,2024-12-12,False,False,5.997766203703704,True
553850,018d937f-6ee4-73f5-858c-2fde3407462f,AR,2024-12-19 22:59:22,31.99,39.99,20.0,USD,61,2024-02-08,39.99,USD,AR,True,False,False,False,False,False,False,315.0,-8.000000000000004,-0.20005001250312582,2024-12-19,False,False,13.810520833333333,True
553850,018d937f-6ee4-73f5-858c-2fde3407462f,AR,2025-02-06 18:21:33,31.99,39.99,20.0,USD,61,2024-02-08,39.99,USD,AR,True,False,False,False,False,False,False,364.0,-8.000000000000004,-0.20005001250312582,2025-02-06,False,False,5.997928240740741,True
553850,018d937f-6ee4-73f5-858c-2fde3407462f,AR,2025-03-13 19:18:09,31.99,39.99,20.0,USD,61,2024-02-08,39.99,USD,AR,True,False,False,False,False,False,False,399.0,-8.000000000000004,-0.20005001250312582,2025-03-13,False,False,6.924409722222222,True
553850,018d937f-6ee4-73f5-858c-2fde3407462f,AR,2025-05-20 17:32:58,31.99,39.99,20.0,USD,61,2024-02-08,39.99,USD,AR,True,False,False,False,False,False,False,467.0,-8.000000000000004,-0.20005001250312582,2025-05-20,False,False,6.994756944444444,True
553850,018d937f-6ee4-73f5-858c-2fde3407462f,AR,2025-06-26 22:44:35,31.99,39.99,20.0,USD,61,2024-02-08,39.99,USD,AR,True,False,False,False,False,False,False,504.0,-8.000000000000004,-0.20005001250312582,2025-06-26,False,False,13.779340277777777,True
553850,018d937f-6ee4-73f5-858c-2fde3407462f,AR,2025-09-29 17:33:00,31.99,39.99,20.0,USD,61,2024-02-08,39.99,USD,AR,True,False,False,False,False,False,False,599.0,-8.000000000000004,-0.20005001250312582,2025-09-29,False,False,6.9977430555555555,True
553850,018d937f-6ee4-73f5-858c-2fde3407462f,AU,2024-09-12 17:15:46,47.96,59.95,20.0,AUD,61,2024-02-08,59.95,AUD,AU,True,False,False,False,False,False,False,217.0,-11.990000000000002,-0.20000000000000007,2024-09-12,False,False,7.002199074074074,True
553850,018d937f-6ee4-73f5-858c-2fde3407462f,AU,2024-11-27 18:52:54,47.96,59.95,20.0,AUD,61,2024-02-08,59.95,AUD,AU,True,False,False,False,False,False,False,293.0,-11.990000000000002,-0.20000000000000007,2024-11-27,False,False,6.983900462962963,True
553850,018d937f-6ee4-73f5-858c-2fde3407462f,AU,2024-12-12 18:15:34,47.96,59.95,20.0,AUD,61,2024-02-08,59.95,AUD,AU,True,False,False,False,False,False,False,308.0,-11.990000000000002,-0.20000000000000007,2024-12-12,False,False,6.003125,True
553850,018d937f-6ee4-73f5-858c-2fde3407462f,AU,2024-12-19 20:33:25,47.96,59.95,20.0,AUD,61,2024-02-08,59.95,AUD,AU,True,False,False,False,False,False,False,315.0,-11.990000000000002,-0.20000000000000007,2024-12-19,False,False,13.911875,True
553850,018d937f-6ee4-73f5-858c-2fde3407462f,AU,2025-02-06 18:17:24,47.96,59.95,20.0,AUD,61,2024-02-08,59.95,AUD,AU,True,False,False,False,False,False,False,364.0,-11.990000000000002,-0.20000000000000007,2025-02-06,False,False,5.9987615740740745,True
553850,018d937f-6ee4-73f5-858c-2fde3407462f,AU,2025-03-13 19:30:30,47.96,59.95,20.0,AUD,61,2024-02-08,59.95,AUD,AU,True,False,False,False,False,False,False,399.0,-11.990000000000002,-0.20000000000000007,2025-03-13,False,False,6.91556712962963,True
553850,018d937f-6ee4-73f5-858c-2fde3407462f,AU,2025-05-20 17:32:58,47.96,59.95,20.0,AUD,61,2024-02-08,59.95,AUD,AU,True,False,False,False,False,False,False,467.0,-11.990000000000002,-0.20000000000000007,2025-05-20,False,False,6.990694444444444,True
553850,018d937f-6ee4-73f5-858c-2fde3407462f,AU,2025-06-26 22:42:14,47.96,59.95,20.0,AUD,61,2024-02-08,59.95,AUD,AU,True,False,False,False,False,False,False,504.0,-11.990000000000002,-0.20000000000000007,2025-06-26,False,False,13.780856481481482,True
553850,018d937f-6ee4-73f5-858c-2fde3407462f,AU,2025-09-29 17:31:49,47.96,59.95,20.0,AUD,61,2024-02-08,59.95,AUD,AU,True,False,False,False,False,False,False,599.0,-11.990000000000002,-0.20000000000000007,2025-09-29,False,False,6.998645833333334,True
553850,018d937f-6ee4-73f5-858c-2fde3407462f,BR,2024-09-12 17:18:48,159.6,199.5,20.0,BRL,61,2024-02-08,199.5,BRL,BR,True,False,False,False,False,False,False,217.0,-39.900000000000006,-0.20000000000000007,2024-09-12,False,False,6.997685185185185,True
553850,018d937f-6ee4-73f5-858c-2fde3407462f,BR,2024-11-27 18:53:25,159.6,199.5,20.0,BRL,61,2024-02-08,199.5,BRL,BR,True,False,False,False,False,False,False,293.0,-39.900000000000006,-0.20000000000000007,2024-11-27,False,False,6.9835416666666665,True
553850,018d937f-6ee4-73f5-858c-2fde3407462f,BR,2024-12-12 18:16:37,159.6,199.5,20.0,BRL,61,2024-02-08,199.5,BRL,BR,True,False,False,False,False,False,False,308.0,-39.900000000000006,-0.20000000000000007,2024-12-12,False,False,6.002280092592593,True
553850,018d937f-6ee4-73f5-858c-2fde3407462f,BR,2024-12-19 20:30:55,159.6,199.5,20.0,BRL,61,2024-02-08,199.5,BRL,BR,True,False,False,False,False,False,False,315.0,-39.900000000000006,-0.20000000000000007,2024-12-19,False,False,13.913611111111111,True
553850,018d937f-6ee4-73f5-858c-2fde3407462f,BR,2025-02-06 18:17:25,159.6,199.5,20.0,BRL,61,2024-02-08,199.5,BRL,BR,True,False,False,False,False,False,False,364.0,-39.900000000000006,-0.20000000000000007,2025-02-06,False,False,6.000613425925926,True
553850,018d937f-6ee4-73f5-858c-2fde3407462f,BR,2025-03-13 19:21:05,159.6,199.5,20.0,BRL,61,2024-02-08,199.5,BRL,BR,True,False,False,False,False,False,False,399.0,-39.900000000000006,-0.20000000000000007,2025-03-13,False,False,6.922141203703704,True
553850,018d937f-6ee4-73f5-858c-2fde3407462f,BR,2025-05-20 17:32:58,159.6,199.5,20.0,BRL,61,2024-02-08,199.5,BRL,BR,True,False,False,False,False,False,False,467.0,-39.900000000000006,-0.20000000000000007,2025-05-20,False,False,6.996041666666667,True
553850,018d937f-6ee4-73f5-858c-2fde3407462f,BR,2025-06-26 22:42:16,159.6,199.5,20.0,BRL,61,2024-02-08,199.5,BRL,BR,True,False,False,False,False,False,False,504.0,-39.900000000000006,-0.20000000000000007,2025-06-26,False,False,13.780659722222222,True
553850,018d937f-6ee4-73f5-858c-2fde3407462f,BR,2025-09-29 17:31:02,159.6,199.5,20.0,BRL,61,2024-02-08,199.5,BRL,BR,True,False,False,False,False,False,False,599.0,-39.900000000000006,-0.20000000000000007,2025-09-29,False,False,6.999039351851851,True
553850,018d937f-6ee4-73f5-858c-2fde3407462f,CA,2024-09-12 17:16:02,39.99,49.99,20.0,CAD,61,2024-02-08,49.99,CAD,CA,True,False,False,False,False,False,False,217.0,-10.0,-0.20004000800160027,2024-09-12,False,False,7.002129629629629,True
553850,018d937f-6ee4-73f5-858c-2fde3407462f,CA,2024-11-27 18:53:42,39.99,49.99,20.0,CAD,61,2024-02-08,49.99,CAD,CA,True,False,False,False,False,False,False,293.0,-10.0,-0.20004000800160027,2024-11-27,False,False,6.983402777777778,True
553850,018d937f-6ee4-73f5-858c-2fde3407462f,CA,2024-12-12 18:15:35,39.99,49.99,20.0,CAD,61,2024-02-08,49.99,CAD,CA,True,False,False,False,False,False,False,308.0,-10.0,-0.20004000800160027,2024-12-12,False,False,6.000787037037037,True
553850,018d937f-6ee4-73f5-858c-2fde3407462f,CA,2024-12-19 21:58:01,39.99,49.99,20.0,CAD,61,2024-02-08,49.99,CAD,CA,True,False,False,False,False,False,False,315.0,-10.0,-0.20004000800160027,2024-12-19,False,False,13.853217592592593,True
553850,018d937f-6ee4-73f5-858c-2fde3407462f,CA,2025-02-06 18:21:15,39.99,49.99,20.0,CAD,61,2024-02-08,49.99,CAD,CA,True,False,False,False,False,False,False,364.0,-10.0,-0.20004000800160027,2025-02-06,False,False,5.998287037037037,True
553850,018d937f-6ee4-73f5-858c-2fde3407462f,CA,2025-03-13 19:21:07,39.99,49.99,20.0,CAD,61,2024-02-08,49.99,CAD,CA,True,False,False,False,False,False,False,399.0,-10.0,-0.20004000800160027,2025-03-13,False,False,6.9223842592592595,True
553850,018d937f-6ee4-73f5-858c-2fde3407462f,CA,2025-05-20 17:32:59,39.99,49.99,20.0,CAD,61,2024-02-08,49.99,CAD,CA,True,False,False,False,False,False,False,467.0,-10.0,-0.20004000800160027,2025-05-20,False,False,6.99255787037037,True
553850,018d937f-6ee4-73f5-858c-2fde3407462f,CA,2025-06-26 22:40:32,39.99,49.99,20.0,CAD,61,2024-02-08,49.99,CAD,CA,True,False,False,False,False,False,False,504.0,-10.0,-0.20004000800160027,2025-06-26,False,False,13.783715277777778,True
553850,018d937f-6ee4-73f5-858c-2fde3407462f,CA,2025-09-29 17:33:01,39.99,49.99,20.0,CAD,61,2024-02-08,49.99,CAD,CA,True,False,False,False,False,False,False,599.0,-10.0,-0.20004000800160027,2025-09-29,False,False,6.997662037037037,True
553850,018d937f-6ee4-73f5-858c-2fde3407462f,CN,2024-09-12 17:15:51,158.4,198.0,20.0,CNY,61,2024-02-08,198.0,CNY,CN,True,False,False,False,False,False,False,217.0,-39.599999999999994,-0.19999999999999996,2024-09-12,False,False,7.0020949074074075,True
553850,018d937f-6ee4-73f5-858c-2fde3407462f,CN,2024-11-27 18:53:06,158.4,198.0,20.0,CNY,61,2024-02-08,198.0,CNY,CN,True,False,False,False,False,False,False,293.0,-39.599999999999994,-0.19999999999999996,2024-11-27,False,False,6.983761574074074,True
553850,018d937f-6ee4-73f5-858c-2fde3407462f,CN,2024-12-12 18:19:10,158.4,198.0,20.0,CNY,61,2024-02-08,198.0,CNY,CN,True,False,False,False,False,False,False,308.0,-39.599999999999994,-0.19999999999999996,2024-12-12,False,False,5.99761574074074,True
553850,018d937f-6ee4-73f5-858c-2fde3407462f,CN,2024-12-19 21:54:05,158.4,198.0,20.0,CNY,61,2024-02-08,198.0,CNY,CN,True,False,False,False,False,False,False,315.0,-39.599999999999994,-0.19999999999999996,2024-12-19,False,False,13.855972222222222,True
553850,018d937f-6ee4-73f5-858c-2fde3407462f,CN,2025-02-06 18:17:24,158.4,198.0,20.0,CNY,61,2024-02-08,198.0,CNY,CN,True,False,False,False,False,False,False,364.0,-39.599999999999994,-0.19999999999999996,2025-02-06,False,False,5.998611111111111,True
553850,018d937f-6ee4-73f5-858c-2fde3407462f,CN,2025-03-13 19:32:58,158.4,198.0,20.0,CNY,61,2024-02-08,198.0,CNY,CN,True,False,False,False,False,False,False,399.0,-39.599999999999994,-0.19999999999999996,2025-03-13,False,False,6.914016203703704,True
553850,018d937f-6ee4-73f5-858c-2fde3407462f,CN,2025-05-20 17:32:36,158.4,198.0,20.0,CNY,61,2024-02-08,198.0,CNY,CN,True,False,False,False,False,False,False,467.0,-39.599999999999994,-0.19999999999999996,2025-05-20,False,False,6.990405092592592,True
553850,018d937f-6ee4-73f5-858c-2fde3407462f,CN,2025-06-26 22:40:56,158.4,198.0,20.0,CNY,61,2024-02-08,198.0,CNY,CN,True,False,False,False,False,False,False,504.0,-39.599999999999994,-0.19999999999999996,2025-06-26,False,False,13.781574074074074,True
553850,018d937f-6ee4-73f5-858c-2fde3407462f,CN,2025-09-29 17:31:51,158.4,198.0,20.0,CNY,61,2024-02-08,198.0,CNY,CN,True,False,False,False,False,False,False,599.0,-39.599999999999994,-0.19999999999999996,2025-09-29,False,False,7.000381944444444,True
553850,018d937f-6ee4-73f5-858c-2fde3407462f,DE,2024-09-12 17:15:27,31.99,39.99,20.0,EUR,61,2024-02-08,39.99,EUR,DE,True,False,False,False,False,False,False,217.0,-8.000000000000004,-0.20005001250312582,2024-09-12,False,False,7.000601851851852,True
553850,018d937f-6ee4-73f5-858c-2fde3407462f,DE,2024-11-27 18:53:36,31.99,39.99,20.0,EUR,61,2024-02-08,39.99,EUR,DE,True,False,False,False,False,False,False,293.0,-8.000000000000004,-0.20005001250312582,2024-11-27,False,False,6.983425925925926,True
553850,018d937f-6ee4-73f5-858c-2fde3407462f,DE,2024-12-12 18:15:52,31.99,39.99,20.0,EUR,61,2024-02-08,39.99,EUR,DE,True,False,False,False,False,False,False,308.0,-8.000000000000004,-0.20005001250312582,2024-12-12,False,False,6.002777777777778,True
553850,018d937f-6ee4-73f5-858c-2fde3407462f,DE,2024-12-19 21:58:04,31.99,39.99,20.0,EUR,61,2024-02-08,39.99,EUR,DE,True,False,False,False,False,False,False,315.0,-8.000000000000004,-0.20005001250312582,2024-12-19,False,False,13.855208333333334,True
553850,018d937f-6ee4-73f5-858c-2fde3407462f,DE,2025-02-06 18:21:28,31.99,39.99,20.0,EUR,61,2024-02-08,39.99,EUR,DE,True,False,False,False,False,False,False,364.0,-8.000000000000004,-0.20005001250312582,2025-02-06,False,False,5.995787037037037,True
553850,018d937f-6ee4-73f5-858c-2fde3407462f,DE,2025-03-13 19:07:04,31.99,39.99,20.0,EUR,61,2024-02-08,39.99,EUR,DE,True,False,False,False,False,False,False,399.0,-8.000000000000004,-0.20005001250312582,2025-03-13,False,False,6.931851851851852,True
553850,018d937f-6ee4-73f5-858c-2fde3407462f,DE,2025-05-20 17:32:49,31.99,39.99,20.0,EUR,61,2024-02-08,39.99,EUR,DE,True,False,False,False,False,False,False,467.0,-8.000000000000004,-0.20005001250312582,2025-05-20,False,False,6.9927777777777775,True
553850,018d937f-6ee4-73f5-858c-2fde3407462f,DE,2025-06-26 22:43:26,31.99,39.99,20.0,EUR,61,2024-02-08,39.99,EUR,DE,True,False,False,False,False,False,False,504.0,-8.000000000000004,-0.20005001250312582,2025-06-26,False,False,13.780138888888889,True
553850,018d937f-6ee4-73f5-858c-2fde3407462f,DE,2025-09-29 17:31:51,31.99,39.99,20.0,EUR,61,2024-02-08,39.99,EUR,DE,True,False,False,False,False,False,False,599.0,-8.000000000000004,-0.20005001250312582,2025-09-29,False,False,6.9985532407407405,True
553850,018d937f-6ee4-73f5-858c-2fde3407462f,FR,2024-09-12 17:15:27,31.99,39.99,20.0,EUR,61,2024-02-08,39.99,EUR,FR,True,False,False,False,False,False,False,217.0,-8.000000000000004,-0.20005001250312582,2024-09-12,False,False,7.000601851851852,True
553850,018d937f-6ee4-73f5-858c-2fde3407462f,FR,2024-11-27 18:53:36,31.99,39.99,20.0,EUR,61,2024-02-08,39.99,EUR,FR,True,False,False,False,False,False,False,293.0,-8.000000000000004,-0.20005001250312582,2024-11-27,False,False,6.983425925925926,True
553850,018d937f-6ee4-73f5-858c-2fde3407462f,FR,2024-12-12 18:15:52,31.99,39.99,20.0,EUR,61,2024-02-08,39.99,EUR,FR,True,False,False,False,False,False,False,308.0,-8.000000000000004,-0.20005001250312582,2024-12-12,False,False,6.002777777777778,True
553850,018d937f-6ee4-73f5-858c-2fde3407462f,FR,2024-12-19 21:58:04,31.99,39.99,20.0,EUR,61,2024-02-08,39.99,EUR,FR,True,False,False,False,False,False,False,315.0,-8.000000000000004,-0.20005001250312582,2024-12-19,False,False,13.855208333333334,True
553850,018d937f-6ee4-73f5-858c-2fde3407462f,FR,2025-02-06 18:21:28,31.99,39.99,20.0,EUR,61,2024-02-08,39.99,EUR,FR,True,False,False,False,False,False,False,364.0,-8.000000000000004,-0.20005001250312582,2025-02-06,False,False,5.995787037037037,True
553850,018d937f-6ee4-73f5-858c-2fde3407462f,FR,2025-03-13 19:07:04,31.99,39.99,20.0,EUR,61,2024-02-08,39.99,EUR,FR,True,False,False,False,False,False,False,399.0,-8.000000000000004,-0.20005001250312582,2025-03-13,False,False,6.931851851851852,True
553850,018d937f-6ee4-73f5-858c-2fde3407462f,FR,2025-05-20 17:32:49,31.99,39.99,20.0,EUR,61,2024-02-08,39.99,EUR,FR,True,False,False,False,False,False,False,467.0,-8.000000000000004,-0.20005001250312582,2025-05-20,False,False,6.9927777777777775,True
553850,018d937f-6ee4-73f5-858c-2fde3407462f,FR,2025-06-26 22:43:26,31.99,39.99,20.0,EUR,61,2024-02-08,39.99,EUR,FR,True,False,False,False,False,False,False,504.0,-8.000000000000004,-0.20005001250312582,2025-06-26,False,False,13.780138888888889,True
553850,018d937f-6ee4-73f5-858c-2fde3407462f,FR,2025-09-29 17:31:51,31.99,39.99,20.0,EUR,61,2024-02-08,39.99,EUR,FR,True,False,False,False,False,False,False,599.0,-8.000000000000004,-0.20005001250312582,2025-09-29,False,False,6.9985532407407405,True
553850,018d937f-6ee4-73f5-858c-2fde3407462f,GB,2024-09-12 17:15:46,27.99,34.99,20.0,GBP,61,2024-02-08,34.99,GBP,GB,True,False,False,False,False,False,False,217.0,-7.0000000000000036,-0.20005715918833966,2024-09-12,False,False,7.000381944444444,True
553850,018d937f-6ee4-73f5-858c-2fde3407462f,GB,2024-11-27 18:53:25,27.99,34.99,20.0,GBP,61,2024-02-08,34.99,GBP,GB,True,False,False,False,False,False,False,293.0,-7.0000000000000036,-0.20005715918833966,2024-11-27,False,False,6.9835416666666665,True
553850,018d937f-6ee4-73f5-858c-2fde3407462f,GB,2024-12-12 18:16:13,27.99,34.99,20.0,GBP,61,2024-02-08,34.99,GBP,GB,True,False,False,False,False,False,False,308.0,-7.0000000000000036,-0.20005715918833966,2024-12-12,False,False,6.0003472222222225,True
553850,018d937f-6ee4-73f5-858c-2fde3407462f,GB,2024-12-19 21:52:35,27.99,34.99,20.0,GBP,61,2024-02-08,34.99,GBP,GB,True,False,False,False,False,False,False,315.0,-7.0000000000000036,-0.20005715918833966,2024-12-19,False,False,13.858993055555555,True
553850,018d937f-6ee4-73f5-858c-2fde3407462f,GB,2025-02-06 18:16:19,27.99,34.99,20.0,GBP,61,2024-02-08,34.99,GBP,GB,True,False,False,False,False,False,False,364.0,-7.0000000000000036,-0.20005715918833966,2025-02-06,False,False,5.999525462962963,True
553850,018d937f-6ee4-73f5-858c-2fde3407462f,GB,2025-03-13 19:07:06,27.99,34.99,20.0,GBP,61,2024-02-08,34.99,GBP,GB,True,False,False,False,False,False,False,399.0,-7.0000000000000036,-0.20005715918833966,2025-03-13,False,False,6.931956018518519,True
553850,018d937f-6ee4-73f5-858c-2fde3407462f,GB,2025-05-20 17:32:21,27.99,34.99,20.0,GBP,61,2024-02-08,34.99,GBP,GB,True,False,False,False,False,False,False,467.0,-7.0000000000000036,-0.20005715918833966,2025-05-20,False,False,7.06375,True
553850,018d937f-6ee4-73f5-858c-2fde3407462f,GB,2025-06-26 22:43:30,27.99,34.99,20.0,GBP,61,2024-02-08,34.99,GBP,GB,True,False,False,False,False,False,False,504.0,-7.0000000000000036,-0.20005715918833966,2025-06-26,False,False,13.77980324074074,True
553850,018d937f-6ee4-73f5-858c-2fde3407462f,GB,2025-09-29 17:30:13,27.99,34.99,20.0,GBP,61,2024-02-08,34.99,GBP,GB,True,False,False,False,False,False,False,599.0,-7.0000000000000036,-0.20005715918833966,2025-09-29,False,False,6.999606481481481,True
553850,018d937f-6ee4-73f5-858c-2fde3407462f,JP,2024-12-07 15:09:51,4480.0,4480.0,0.0,JPY,61,2024-02-08,4480.0,JPY,JP,False,False,False,False,False,False,False,303.0,0.0,0.0,2024-12-07,False,False,,False
553850,018d937f-6ee4-73f5-858c-2fde3407462f,JP,2024-12-12 18:16:00,3584.0,4480.0,20.0,JPY,61,2024-02-08,4480.0,JPY,JP,True,False,False,False,False,False,False,308.0,-896.0,-0.19999999999999996,2024-12-12,False,False,6.000046296296296,True
553850,018d937f-6ee4-73f5-858c-2fde3407462f,JP,2024-12-19 20:41:20,3584.0,4480.0,20.0,JPY,61,2024-02-08,4480.0,JPY,JP,True,False,False,False,False,False,False,315.0,-896.0,-0.19999999999999996,2024-12-19,False,False,13.910277777777777,True
553850,018d937f-6ee4-73f5-858c-2fde3407462f,JP,2025-02-06 18:19:58,3584.0,4480.0,20.0,JPY,61,2024-02-08,4480.0,JPY,JP,True,False,False,False,False,False,False,364.0,-896.0,-0.19999999999999996,2025-02-06,False,False,5.996956018518518,True
553850,018d937f-6ee4-73f5-858c-2fde3407462f,JP,2025-03-13 19:58:54,3584.0,4480.0,20.0,JPY,61,2024-02-08,4480.0,JPY,JP,True,False,False,False,False,False,False,399.0,-896.0,-0.19999999999999996,2025-03-13,False,False,6.899166666666667,True
553850,018d937f-6ee4-73f5-858c-2fde3407462f,JP,2025-05-20 17:37:19,3584.0,4480.0,20.0,JPY,61,2024-02-08,4480.0,JPY,JP,True,False,False,False,False,False,False,467.0,-896.0,-0.19999999999999996,2025-05-20,False,False,7.06599537037037,True
553850,018d937f-6ee4-73f5-858c-2fde3407462f,JP,2025-06-26 23:25:32,3584.0,4480.0,20.0,JPY,61,2024-02-08,4480.0,JPY,JP,True,False,False,False,False,False,False,504.0,-896.0,-0.19999999999999996,2025-06-26,False,False,13.754363425925925,True
553850,018d937f-6ee4-73f5-858c-2fde3407462f,JP,2025-09-29 17:37:00,3584.0,4480.0,20.0,JPY,61,2024-02-08,4480.0,JPY,JP,True,False,False,False,False,False,False,599.0,-896.0,-0.19999999999999996,2025-09-29,False,False,7.001099537037037,True
553850,018d937f-6ee4-73f5-858c-2fde3407462f,PL,2024-09-12 17:15:27,132.88153846153847,166.11230769230772,20.0,PLN,61,2024-02-08,169.0,PLN,PL,True,True,True,False,False,False,False,217.0,-36.11846153846153,-0.21371870732817477,2024-09-12,True,True,7.000601851851852,True
553850,018d937f-6ee4-73f5-858c-2fde3407462f,PL,2024-11-27 18:53:36,132.88153846153847,166.11230769230772,20.0,PLN,61,2024-02-08,169.0,PLN,PL,True,False,False,False,False,False,False,293.0,-36.11846153846153,-0.21371870732817477,2024-11-27,True,True,6.983425925925926,True
553850,018d937f-6ee4-73f5-858c-2fde3407462f,PL,2024-12-12 18:15:52,132.88153846153847,166.11230769230772,20.0,PLN,61,2024-02-08,169.0,PLN,PL,True,False,False,False,False,False,False,308.0,-36.11846153846153,-0.21371870732817477,2024-12-12,True,True,6.002777777777778,True
553850,018d937f-6ee4-73f5-858c-2fde3407462f,PL,2024-12-19 21:58:04,132.88153846153847,166.11230769230772,20.0,PLN,61,2024-02-08,169.0,PLN,PL,True,False,False,False,False,False,False,315.0,-36.11846153846153,-0.21371870732817477,2024-12-19,True,True,13.855208333333334,True
553850,018d937f-6ee4-73f5-858c-2fde3407462f,PL,2025-02-06 18:21:28,132.88153846153847,166.11230769230772,20.0,PLN,61,2024-02-08,169.0,PLN,PL,True,False,False,False,False,False,False,364.0,-36.11846153846153,-0.21371870732817477,2025-02-06,True,True,5.995787037037037,True
553850,018d937f-6ee4-73f5-858c-2fde3407462f,PL,2025-03-13 19:07:04,132.88153846153847,166.11230769230772,20.0,PLN,61,2024-02-08,169.0,PLN,PL,True,False,False,False,False,False,False,399.0,-36.11846153846153,-0.21371870732817477,2025-03-13,True,True,6.931851851851852,True
553850,018d937f-6ee4-73f5-858c-2fde3407462f,PL,2025-05-20 17:32:49,132.88153846153847,166.11230769230772,20.0,PLN,61,2024-02-08,169.0,PLN,PL,True,False,False,False,False,False,False,467.0,-36.11846153846153,-0.21371870732817477,2025-05-20,True,True,6.9927777777777775,True
553850,018d937f-6ee4-73f5-858c-2fde3407462f,PL,2025-06-26 22:43:26,134.23254901960783,167.80117647058825,20.0,PLN,61,2024-02-08,169.0,PLN,PL,True,False,False,False,False,False,False,504.0,-34.76745098039217,-0.2057245620141549,2025-06-26,True,True,13.780138888888889,True
553850,018d937f-6ee4-73f5-858c-2fde3407462f,PL,2025-09-29 17:31:51,134.23254901960783,167.80117647058825,20.0,PLN,61,2024-02-08,169.0,PLN,PL,True,False,False,False,False,False,False,599.0,-34.76745098039217,-0.2057245620141549,2025-09-29,True,True,6.9985532407407405,True
553850,018d937f-6ee4-73f5-858c-2fde3407462f,TR,2024-02-08 15:19:12,42.94465,42.94465,0.0,USD,61,2024-02-08,39.99,USD,TR,False,True,True,False,True,False,False,0.0,2.954650000000001,0.0738847211802951,2024-02-08,True,True,,False
553850,018d937f-6ee4-73f5-858c-2fde3407462f,TR,2024-02-11 03:03:45,39.99,39.99,0.0,USD,61,2024-02-08,39.99,USD,TR,False,True,False,False,False,False,False,3.0,0.0,0.0,2024-02-11,False,False,,False
553850,018d937f-6ee4-73f5-858c-2fde3407462f,TR,2024-09-12 17:15:47,31.99,39.99,20.0,USD,61,2024-02-08,39.99,USD,TR,True,False,False,False,False,False,False,217.0,-8.000000000000004,-0.20005001250312582,2024-09-12,False,False,7.002280092592593,True
553850,018d937f-6ee4-73f5-858c-2fde3407462f,TR,2024-11-27 18:53:04,31.99,39.99,20.0,USD,61,2024-02-08,39.99,USD,TR,True,False,False,False,False,False,False,293.0,-8.000000000000004,-0.20005001250312582,2024-11-27,False,False,6.9837847222222225,True
553850,018d937f-6ee4-73f5-858c-2fde3407462f,TR,2024-12-12 18:19:36,31.99,39.99,20.0,USD,61,2024-02-08,39.99,USD,TR,True,False,False,False,False,False,False,308.0,-8.000000000000004,-0.20005001250312582,2024-12-12,False,False,6.0001388888888885,True
553850,018d937f-6ee4-73f5-858c-2fde3407462f,TR,2024-12-19 20:29:07,31.99,39.99,20.0,USD,61,2024-02-08,39.99,USD,TR,True,False,False,False,False,False,False,315.0,-8.000000000000004,-0.20005001250312582,2024-12-19,False,False,13.914988425925927,True
553850,018d937f-6ee4-73f5-858c-2fde3407462f,TR,2025-02-06 18:21:20,31.99,39.99,20.0,USD,61,2024-02-08,39.99,USD,TR,True,False,False,False,False,False,False,364.0,-8.000000000000004,-0.20005001250312582,2025-02-06,False,False,5.998032407407408,True
553850,018d937f-6ee4-73f5-858c-2fde3407462f,TR,2025-03-13 19:35:42,31.99,39.99,20.0,USD,61,2024-02-08,39.99,USD,TR,True,False,False,False,False,False,False,399.0,-8.000000000000004,-0.20005001250312582,2025-03-13,False,False,6.912118055555555,True
553850,018d937f-6ee4-73f5-858c-2fde3407462f,TR,2025-05-20 17:32:43,31.99,39.99,20.0,USD,61,2024-02-08,39.99,USD,TR,True,False,False,False,False,False,False,467.0,-8.000000000000004,-0.20005001250312582,2025-05-20,False,False,6.998969907407408,True
553850,018d937f-6ee4-73f5-858c-2fde3407462f,TR,2025-06-26 22:53:10,31.99,39.99,20.0,USD,61,2024-02-08,39.99,USD,TR,True,False,False,False,False,False,False,504.0,-8.000000000000004,-0.20005001250312582,2025-06-26,False,False,13.773275462962962,True
553850,018d937f-6ee4-73f5-858c-2fde3407462f,TR,2025-09-29 17:31:52,31.99,39.99,20.0,USD,61,2024-02-08,39.99,USD,TR,True,False,False,False,False,False,False,599.0,-8.000000000000004,-0.20005001250312582,2025-09-29,False,False,6.998449074074074,True
553850,018d937f-6ee4-73f5-858c-2fde3407462f,US,2024-09-12 17:18:44,31.99,39.99,20.0,USD,61,2024-02-08,39.99,USD,US,True,False,False,False,False,False,False,217.0,-8.000000000000004,-0.20005001250312582,2024-09-12,False,False,7.000266203703704,True
553850,018d937f-6ee4-73f5-858c-2fde3407462f,US,2024-11-27 18:53:25,31.99,39.99,20.0,USD,61,2024-02-08,39.99,USD,US,True,False,False,False,False,False,False,293.0,-8.000000000000004,-0.20005001250312582,2024-11-27,False,False,6.983564814814815,True
553850,018d937f-6ee4-73f5-858c-2fde3407462f,US,2024-12-12 18:19:24,31.99,39.99,20.0,USD,61,2024-02-08,39.99,USD,US,True,False,False,False,False,False,False,308.0,-8.000000000000004,-0.20005001250312582,2024-12-12,False,False,5.997766203703704,True
553850,018d937f-6ee4-73f5-858c-2fde3407462f,US,2024-12-19 22:59:22,31.99,39.99,20.0,USD,61,2024-02-08,39.99,USD,US,True,False,False,False,False,False,False,315.0,-8.000000000000004,-0.20005001250312582,2024-12-19,False,False,13.810520833333333,True
553850,018d937f-6ee4-73f5-858c-2fde3407462f,US,2025-02-06 18:21:33,31.99,39.99,20.0,USD,61,2024-02-08,39.99,USD,US,True,False,False,False,False,False,False,364.0,-8.000000000000004,-0.20005001250312582,2025-02-06,False,False,5.997928240740741,True
553850,018d937f-6ee4-73f5-858c-2fde3407462f,US,2025-03-13 19:18:09,31.99,39.99,20.0,USD,61,2024-02-08,39.99,USD,US,True,False,False,False,False,False,False,399.0,-8.000000000000004,-0.20005001250312582,2025-03-13,False,False,6.924409722222222,True
553850,018d937f-6ee4-73f5-858c-2fde3407462f,US,2025-05-20 17:32:58,31.99,39.99,20.0,USD,61,2024-02-08,39.99,USD,US,True,False,False,False,False,False,False,467.0,-8.000000000000004,-0.20005001250312582,2025-05-20,False,False,6.994756944444444,True
553850,018d937f-6ee4-73f5-858c-2fde3407462f,US,2025-06-26 22:44:35,31.99,39.99,20.0,USD,61,2024-02-08,39.99,USD,US,True,False,False,False,False,False,False,504.0,-8.000000000000004,-0.20005001250312582,2025-06-26,False,False,13.779340277777777,True
553850,018d937f-6ee4-73f5-858c-2fde3407462f,US,2025-09-29 17:33:00,31.99,39.99,20.0,USD,61,2024-02-08,39.99,USD,US,True,False,False,False,False,False,False,599.0,-8.000000000000004,-0.20005001250312582,2025-09-29,False,False,6.9977430555555555,True
990080,018d937f-6144-7057-ad1c-0e99a3a71797,AR,2023-06-29 19:28:28,47.99,59.99,20.0,USD,61,2023-02-10,30.0,USD,AR,True,False,False,False,False,False,False,139.0,17.990000000000002,0.5996666666666668,2023-06-29,False,False,13.985150462962963,True
990080,018d937f-6144-7057-ad1c-0e99a3a71797,AR,2023-08-31 17:18:17,41.99,59.99,30.0,USD,61,2023-02-10,30.0,USD,AR,True,False,False,False,False,False,False,202.0,11.990000000000002,0.39966666666666684,2023-08-31,False,False,6.993946759259259,True
990080,018d937f-6144-7057-ad1c-0e99a3a71797,AR,2023-10-19 17:12:56,41.99,59.99,30.0,USD,61,2023-02-10,30.0,USD,AR,True,False,False,False,False,False,False,251.0,11.990000000000002,0.39966666666666684,2023-10-19,False,False,14.004814814814814,True
990080,018d937f-6144-7057-ad1c-0e99a3a71797,AR,2023-11-21 19:50:10,35.99,59.99,40.0,USD,61,2023-02-10,30.0,USD,AR,True,False,False,False,False,False,False,284.0,5.990000000000002,0.19966666666666666,2023-11-21,False,False,7.0055555555555555,True
990080,018d937f-6144-7057-ad1c-0e99a3a71797,AR,2023-12-04 18:37:42,35.99,59.99,40.0,USD,61,2023-02-10,30.0,USD,AR,True,False,False,False,False,False,False,297.0,5.990000000000002,0.19966666666666666,2023-12-04,False,False,6.98775462962963,True
990080,018d937f-6144-7057-ad1c-0e99a3a71797,AR,2023-12-22 04:07:26,29.99,59.99,50.0,USD,61,2023-02-10,30.0,USD,AR,True,False,False,False,False,False,False,315.0,-0.010000000000001563,-0.00033333333333340764,2023-12-22,False,False,13.64855324074074,True
990080,018d937f-6144-7057-ad1c-0e99a3a71797,AR,2024-02-01 18:19:08,35.99,59.99,40.0,USD,61,2023-02-10,30.0,USD,AR,True,False,False,False,False,False,False,356.0,5.990000000000002,0.19966666666666666,2024-02-01,False,False,9.999537037037037,True
990080,018d937f-6144-7057-ad1c-0e99a3a71797,AR,2024-03-14 17:35:19,29.99,59.99,50.0,USD,61,2023-02-10,30.0,USD,AR,True,False,False,False,False,False,False,398.0,-0.010000000000001563,-0.00033333333333340764,2024-03-14,False,False,7.007395833333334,True
990080,018d937f-6144-7057-ad1c-0e99a3a71797,AR,2024-04-11 17:18:09,29.99,59.99,50.0,USD,61,2023-02-10,30.0,USD,AR,True,False,False,False,False,False,False,426.0,-0.010000000000001563,-0.00033333333333340764,2024-04-11,False,False,6.9983912037037035,True
990080,018d937f-6144-7057-ad1c-0e99a3a71797,AR,2024-05-30 17:15:39,29.99,59.99,50.0,USD,61,2023-02-10,30.0,USD,AR,True,False,False,False,False,False,False,475.0,-0.010000000000001563,-0.00033333333333340764,2024-05-30,False,False,11.0028125,True
990080,018d937f-6144-7057-ad1c-0e99a3a71797,AR,2024-06-27 18:22:47,23.99,59.99,60.0,USD,61,2023-02-10,30.0,USD,AR,True,False,False,False,False,False,False,503.0,-6.010000000000002,-0.20033333333333336,2024-06-27,False,False,13.980289351851852,True
990080,018d937f-6144-7057-ad1c-0e99a3a71797,AR,2024-08-29 17:18:48,17.99,59.99,70.0,USD,61,2023-02-10,30.0,USD,AR,True,False,False,False,False,False,False,566.0,-12.010000000000002,-0.40033333333333343,2024-08-29,False,False,6.999895833333333,True
990080,018d937f-6144-7057-ad1c-0e99a3a71797,AR,2024-10-24 17:18:41,17.99,59.99,70.0,USD,61,2023-02-10,30.0,USD,AR,True,False,False,False,False,False,False,622.0,-12.010000000000002,-0.40033333333333343,2024-10-24,False,False,11.041273148148148,True
990080,018d937f-6144-7057-ad1c-0e99a3a71797,AR,2024-11-27 20:49:42,17.99,59.99,70.0,USD,61,2023-02-10,30.0,USD,AR,True,False,False,False,False,False,False,656.0,-12.010000000000002,-0.40033333333333343,2024-11-27,False,False,6.9115625,True
990080,018d937f-6144-7057-ad1c-0e99a3a71797,AR,2024-12-19 19:46:12,14.99,59.99,75.0,USD,61,2023-02-10,30.0,USD,AR,True,False,False,False,False,False,False,678.0,-15.01,-0.5003333333333333,2024-12-19,False,False,13.959305555555556,True
990080,018d937f-6144-7057-ad1c-0e99a3a71797,AR,2025-02-03 18:25:40,17.99,59.99,70.0,USD,61,2023-02-10,30.0,USD,AR,True,False,False,False,False,False,False,724.0,-12.010000000000002,-0.40033333333333343,2025-02-03,False,False,7.012094907407407,True
990080,018d937f-6144-7057-ad1c-0e99a3a71797,AR,2025-03-13 19:17:03,14.99,59.99,75.0,USD,61,2023-02-10,30.0,USD,AR,True,False,False,False,False,False,False,762.0,-15.01,-0.5003333333333333,2025-03-13,False,False,6.9395138888888885,True
990080,018d937f-6144-7057-ad1c-0e99a3a71797,AR,2025-03-24 17:19:22,14.99,59.99,75.0,USD,61,2023-02-10,30.0,USD,AR,True,False,False,False,False,False,False,773.0,-15.01,-0.5003333333333333,2025-03-24,False,False,8.997280092592593,True
990080,018d937f-6144-7057-ad1c-0e99a3a71797,AR,2025-05-19 17:41:52,14.99,59.99,75.0,USD,61,2023-02-10,30.0,USD,AR,True,False,False,False,False,False,False,829.0,-15.01,-0.5003333333333333,2025-05-19,False,False,7.073252314814815,True
990080,018d937f-6144-7057-ad1c-0e99a3a71797,AR,2025-06-26 21:44:40,14.99,59.99,75.0,USD,61,2023-02-10,30.0,USD,AR,True,False,False,False,False,False,False,867.0,-15.01,-0.5003333333333333,2025-06-26,False,False,13.839108796296296,True
990080,018d937f-6144-7057-ad1c-0e99a3a71797,AR,2025-08-25 17:19:28,11.99,59.99,80.0,USD,61,2023-02-10,30.0,USD,AR,True,False,False,False,False,False,False,927.0,-18.009999999999998,-0.6003333333333334,2025-08-25,False,False,8.000162037037038,True
990080,018d937f-6144-7057-ad1c-0e99a3a71797,AR,2025-09-29 20:24:14,11.99,59.99,80.0,USD,61,2023-02-10,30.0,USD,AR,True,False,False,False,False,False,False,962.0,-18.009999999999998,-0.6003333333333334,2025-09-29,False,False,6.887361111111111,True
990080,018d937f-6144-7057-ad1c-0e99a3a71797,AR,2025-10-16 17:16:54,8.99,59.99,85.0,USD,61,2023-02-10,30.0,USD,AR,True,False,False,False,False,False,False,979.0,-21.009999999999998,-0.7003333333333333,2025-10-16,False,False,7.001666666666667,True
990080,018d937f-6144-7057-ad1c-0e99a3a71797,AU,2023-06-29 19:28:06,71.96,89.95,20.0,AUD,61,2023-02-10,89.95,AUD,AU,True,False,False,False,False,False,False,139.0,-17.99000000000001,-0.20000000000000007,2023-06-29,False,False,13.984641203703704,True
990080,018d937f-6144-7057-ad1c-0e99a3a71797,AU,2023-08-31 17:18:18,62.96,89.95,30.0,AUD,61,2023-02-10,89.95,AUD,AU,True,False,False,False,False,False,False,202.0,-26.990000000000002,-0.30005558643690944,2023-08-31,False,False,7.0009953703703705,True
990080,018d937f-6144-7057-ad1c-0e99a3a71797,AU,2023-10-19 17:20:20,62.96,89.95,30.0,AUD,61,2023-02-10,89.95,AUD,AU,True,False,False,False,False,False,False,251.0,-26.990000000000002,-0.30005558643690944,2023-10-19,False,False,13.9996875,True
990080,018d937f-6144-7057-ad1c-0e99a3a71797,AU,2023-11-21 19:53:12,53.97,89.95,40.0,AUD,61,2023-02-10,89.95,AUD,AU,True,False,False,False,False,False,False,284.0,-35.980000000000004,-0.4,2023-11-21,False,False,7.008171296296296,True
990080,018d937f-6144-7057-ad1c-0e99a3a71797,AU,2023-12-04 18:14:51,53.97,89.95,40.0,AUD,61,2023-02-10,89.95,AUD,AU,True,False,False,False,False,False,False,297.0,-35.980000000000004,-0.4,2023-12-04,False,False,7.022569444444445,True
990080,018d937f-6144-7057-ad1c-0e99a3a71797,AU,2023-12-21 20:13:16,44.97,89.95,50.0,AUD,61,2023-02-10,89.95,AUD,AU,True,False,False,False,False,False,False,314.0,-44.980000000000004,-0.5000555864369094,2023-12-21,False,False,13.984699074074074,True
990080,018d937f-6144-7057-ad1c-0e99a3a71797,AU,2024-02-01 18:25:54,53.97,89.95,40.0,AUD,61,2023-02-10,89.95,AUD,AU,True,False,False,False,False,False,False,356.0,-35.980000000000004,-0.4,2024-02-01,False,False,9.994837962962963,True
990080,018d937f-6144-7057-ad1c-0e99a3a71797,AU,2024-03-14 17:40:12,44.97,89.95,50.0,AUD,61,2023-02-10,89.95,AUD,AU,True,False,False,False,False,False,False,398.0,-44.980000000000004,-0.5000555864369094,2024-03-14,False,False,7.003773148148148,True
990080,018d937f-6144-7057-ad1c-0e99a3a71797,AU,2024-04-11 17:18:36,44.97,89.95,50.0,AUD,61,2023-02-10,89.95,AUD,AU,True,False,False,False,False,False,False,426.0,-44.980000000000004,-0.5000555864369094,2024-04-11,False,False,6.997835648148148,True
990080,018d937f-6144-7057-ad1c-0e99a3a71797,AU,2024-05-30 17:15:39,44.97,89.95,50.0,AUD,61,2023-02-10,89.95,AUD,AU,True,False,False,False,False,False,False,475.0,-44.980000000000004,-0.5000555864369094,2024-05-30,False,False,11.001215277777778,True
990080,018d937f-6144-7057-ad1c-0e99a3a71797,AU,2024-06-27 18:22:40,35.98,89.95,60.0,AUD,61,2023-02-10,89.95,AUD,AU,True,False,False,False,False,False,False,503.0,-53.970000000000006,-0.6000000000000001,2024-06-27,False,False,13.976643518518518,True
990080,018d937f-6144-7057-ad1c-0e99a3a71797,AU,2024-08-29 17:15:50,26.98,89.95,70.0,AUD,61,2023-02-10,89.95,AUD,AU,True,False,False,False,False,False,False,566.0,-62.97,-0.7000555864369093,2024-08-29,False,False,7.001944444444445,True
990080,018d937f-6144-7057-ad1c-0e99a3a71797,AU,2024-10-24 17:16:21,26.98,89.95,70.0,AUD,61,2023-02-10,89.95,AUD,AU,True,False,False,False,False,False,False,622.0,-62.97,-0.7000555864369093,2024-10-24,False,False,11.045289351851851,True
990080,018d937f-6144-7057-ad1c-0e99a3a71797,AU,2024-11-27 20:38:40,26.98,89.95,70.0,AUD,61,2023-02-10,89.95,AUD,AU,True,False,False,False,False,False,False,656.0,-62.97,-0.7000555864369093,2024-11-27,False,False,6.919224537037037,True
990080,018d937f-6144-7057-ad1c-0e99a3a71797,AU,2024-12-19 20:53:16,22.48,89.95,75.0,AUD,61,2023-02-10,89.95,AUD,AU,True,False,False,False,False,False,False,678.0,-67.47,-0.7500833796553641,2024-12-19,False,False,13.912708333333333,True
990080,018d937f-6144-7057-ad1c-0e99a3a71797,AU,2025-02-03 18:24:24,26.98,89.95,70.0,AUD,61,2023-02-10,89.95,AUD,AU,True,False,False,False,False,False,False,724.0,-62.97,-0.7000555864369093,2025-02-03,False,False,7.012905092592592,True
990080,018d937f-6144-7057-ad1c-0e99a3a71797,AU,2025-03-13 19:30:03,22.48,89.95,75.0,AUD,61,2023-02-10,89.95,AUD,AU,True,False,False,False,False,False,False,762.0,-67.47,-0.7500833796553641,2025-03-13,False,False,6.930659722222222,True
990080,018d937f-6144-7057-ad1c-0e99a3a71797,AU,2025-03-24 17:17:15,22.48,89.95,75.0,AUD,61,2023-02-10,89.95,AUD,AU,True,False,False,False,False,False,False,773.0,-67.47,-0.7500833796553641,2025-03-24,False,False,9.001203703703704,True
990080,018d937f-6144-7057-ad1c-0e99a3a71797,AU,2025-05-19 17:41:50,22.48,89.95,75.0,AUD,61,2023-02-10,89.95,AUD,AU,True,False,False,False,False,False,False,829.0,-67.47,-0.7500833796553641,2025-05-19,False,False,7.073333333333333,True
990080,018d937f-6144-7057-ad1c-0e99a3a71797,AU,2025-06-26 21:28:40,22.48,89.95,75.0,AUD,61,2023-02-10,89.95,AUD,AU,True,False,False,False,False,False,False,867.0,-67.47,-0.7500833796553641,2025-06-26,False,False,13.846886574074073,True
990080,018d937f-6144-7057-ad1c-0e99a3a71797,AU,2025-08-25 17:19:26,17.99,89.95,80.0,AUD,61,2023-02-10,89.95,AUD,AU,True,False,False,False,False,False,False,927.0,-71.96000000000001,-0.8,2025-08-25,False,False,7.997939814814814,True
990080,018d937f-6144-7057-ad1c-0e99a3a71797,AU,2025-09-29 20:19:06,17.99,89.95,80.0,AUD,61,2023-02-10,89.95,AUD,AU,True,False,False,False,False,False,False,962.0,-71.96000000000001,-0.8,2025-09-29,False,False,6.8908101851851855,True
990080,018d937f-6144-7057-ad1c-0e99a3a71797,AU,2025-10-16 17:16:51,13.49,89.95,85.0,AUD,61,2023-02-10,89.95,AUD,AU,True,False,False,False,False,False,False,979.0,-76.46000000000001,-0.8500277932184547,2025-10-16,False,False,6.999259259259259,True
990080,018d937f-6144-7057-ad1c-0e99a3a71797,BR,2023-06-29 21:41:13,199.99,249.99,20.0,BRL,61,2023-02-10,249.99,BRL,BR,True,False,False,False,False,False,False,139.0,-50.0,-0.20000800032001276,2023-06-29,False,False,13.894467592592592,True
990080,018d937f-6144-7057-ad1c-0e99a3a71797,BR,2023-08-31 17:18:17,174.99,249.99,30.0,BRL,61,2023-02-10,249.99,BRL,BR,True,False,False,False,False,False,False,202.0,-75.0,-0.3000120004800192,2023-08-31,False,False,6.989675925925926,True
990080,018d937f-6144-7057-ad1c-0e99a3a71797,BR,2023-10-19 17:20:46,174.99,249.99,30.0,BRL,61,2023-02-10,249.99,BRL,BR,True,False,False,False,False,False,False,251.0,-75.0,-0.3000120004800192,2023-10-19,False,False,13.999768518518518,True
990080,018d937f-6144-7057-ad1c-0e99a3a71797,BR,2023-11-21 19:54:11,149.99,249.99,40.0,BRL,61,2023-02-10,249.99,BRL,BR,True,False,False,False,False,False,False,284.0,-100.0,-0.4000160006400256,2023-11-21,False,False,7.004652777777777,True
990080,018d937f-6144-7057-ad1c-0e99a3a71797,BR,2023-12-04 18:22:29,149.99,249.99,40.0,BRL,61,2023-02-10,249.99,BRL,BR,True,False,False,False,False,False,False,297.0,-100.0,-0.4000160006400256,2023-12-04,False,False,7.002337962962963,True
990080,018d937f-6144-7057-ad1c-0e99a3a71797,BR,2023-12-21 20:12:33,124.99,249.99,50.0,BRL,61,2023-02-10,249.99,BRL,BR,True,False,False,False,False,False,False,314.0,-125.00000000000001,-0.5000200008000321,2023-12-21,False,False,13.980648148148148,True
990080,018d937f-6144-7057-ad1c-0e99a3a71797,BR,2024-02-01 18:20:36,149.99,249.99,40.0,BRL,61,2023-02-10,249.99,BRL,BR,True,False,False,False,False,False,False,356.0,-100.0,-0.4000160006400256,2024-02-01,False,False,9.99837962962963,True
990080,018d937f-6144-7057-ad1c-0e99a3a71797,BR,2024-03-14 17:40:08,124.99,249.99,50.0,BRL,61,2023-02-10,249.99,BRL,BR,True,False,False,False,False,False,False,398.0,-125.00000000000001,-0.5000200008000321,2024-03-14,False,False,7.004097222222223,True
990080,018d937f-6144-7057-ad1c-0e99a3a71797,BR,2024-04-11 17:18:22,124.99,249.99,50.0,BRL,61,2023-02-10,249.99,BRL,BR,True,False,False,False,False,False,False,426.0,-125.00000000000001,-0.5000200008000321,2024-04-11,False,False,6.998252314814815,True
990080,018d937f-6144-7057-ad1c-0e99a3a71797,BR,2024-05-30 17:15:20,124.99,249.99,50.0,BRL,61,2023-02-10,249.99,BRL,BR,True,False,False,False,False,False,False,475.0,-125.00000000000001,-0.5000200008000321,2024-05-30,False,False,11.000775462962963,True
990080,018d937f-6144-7057-ad1c-0e99a3a71797,BR,2024-06-27 18:22:48,99.99,249.99,60.0,BRL,61,2023-02-10,249.99,BRL,BR,True,False,False,False,False,False,False,503.0,-150.0,-0.6000240009600384,2024-06-27,False,False,13.976516203703703,True
990080,018d937f-6144-7057-ad1c-0e99a3a71797,BR,2024-08-29 17:18:35,74.99,249.99,70.0,BRL,61,2023-02-10,249.99,BRL,BR,True,False,False,False,False,False,False,566.0,-175.0,-0.7000280011200448,2024-08-29,False,False,6.999988425925926,True
990080,018d937f-6144-7057-ad1c-0e99a3a71797,BR,2024-10-24 17:15:47,74.99,249.99,70.0,BRL,61,2023-02-10,249.99,BRL,BR,True,False,False,False,False,False,False,622.0,-175.0,-0.7000280011200448,2024-10-24,False,False,11.046296296296296,True
990080,018d937f-6144-7057-ad1c-0e99a3a71797,BR,2024-11-27 20:43:53,74.99,249.99,70.0,BRL,61,2023-02-10,249.99,BRL,BR,True,False,False,False,False,False,False,656.0,-175.0,-0.7000280011200448,2024-11-27,False,False,6.915601851851852,True
990080,018d937f-6144-7057-ad1c-0e99a3a71797,BR,2024-12-19 22:59:39,62.49,249.99,75.0,BRL,61,2023-02-10,249.99,BRL,BR,True,False,False,False,False,False,False,678.0,-187.5,-0.750030001200048,2024-12-19,False,False,13.82880787037037,True
990080,018d937f-6144-7057-ad1c-0e99a3a71797,BR,2025-02-03 18:25:31,74.99,249.99,70.0,BRL,61,2023-02-10,249.99,BRL,BR,True,False,False,False,False,False,False,724.0,-175.0,-0.7000280011200448,2025-02-03,False,False,7.012037037037037,True
990080,018d937f-6144-7057-ad1c-0e99a3a71797,BR,2025-03-13 19:20:15,62.49,249.99,75.0,BRL,61,2023-02-10,249.99,BRL,BR,True,False,False,False,False,False,False,762.0,-187.5,-0.750030001200048,2025-03-13,False,False,6.935439814814814,True
990080,018d937f-6144-7057-ad1c-0e99a3a71797,BR,2025-03-24 17:16:19,62.49,249.99,75.0,BRL,61,2023-02-10,249.99,BRL,BR,True,False,False,False,False,False,False,773.0,-187.5,-0.750030001200048,2025-03-24,False,False,9.001863425925926,True
990080,018d937f-6144-7057-ad1c-0e99a3a71797,BR,2025-05-19 17:44:26,62.49,249.99,75.0,BRL,61,2023-02-10,249.99,BRL,BR,True,False,False,False,False,False,False,829.0,-187.5,-0.750030001200048,2025-05-19,False,False,7.0908796296296295,True
990080,018d937f-6144-7057-ad1c-0e99a3a71797,BR,2025-06-26 21:46:06,62.49,249.99,75.0,BRL,61,2023-02-10,249.99,BRL,BR,True,False,False,False,False,False,False,867.0,-187.5,-0.750030001200048,2025-06-26,False,False,13.834780092592593,True
990080,018d937f-6144-7057-ad1c-0e99a3a71797,BR,2025-08-25 17:18:23,49.99,249.99,80.0,BRL,61,2023-02-10,249.99,BRL,BR,True,False,False,False,False,False,False,927.0,-200.0,-0.8000320012800513,2025-08-25,False,False,7.998668981481481,True
990080,018d937f-6144-7057-ad1c-0e99a3a71797,BR,2025-09-29 20:23:47,49.99,249.99,80.0,BRL,61,2023-02-10,249.99,BRL,BR,True,False,False,False,False,False,False,962.0,-200.0,-0.8000320012800513,2025-09-29,False,False,6.887673611111111,True
990080,018d937f-6144-7057-ad1c-0e99a3a71797,BR,2025-10-16 17:18:27,37.49,249.99,85.0,BRL,61,2023-02-10,249.99,BRL,BR,True,False,False,False,False,False,False,979.0,-212.5,-0.8500340013600544,2025-10-16,False,False,7.000613425925926,True
990080,018d937f-6144-7057-ad1c-0e99a3a71797,CA,2023-06-29 19:36:23,63.99,79.99,20.0,CAD,61,2023-02-10,79.99,CAD,CA,True,False,False,False,False,False,False,139.0,-15.999999999999993,-0.20002500312539062,2023-06-29,False,False,13.895219907407407,True
990080,018d937f-6144-7057-ad1c-0e99a3a71797,CA,2023-08-31 17:18:18,55.99,79.99,30.0,CAD,61,2023-02-10,79.99,CAD,CA,True,False,False,False,False,False,False,202.0,-23.999999999999993,-0.300037504688086,2023-08-31,False,False,7.0012384259259255,True
990080,018d937f-6144-7057-ad1c-0e99a3a71797,CA,2023-10-19 17:20:16,55.99,79.99,30.0,CAD,61,2023-02-10,79.99,CAD,CA,True,False,False,False,False,False,False,251.0,-23.999999999999993,-0.300037504688086,2023-10-19,False,False,13.999710648148149,True
990080,018d937f-6144-7057-ad1c-0e99a3a71797,CA,2023-11-21 19:55:41,47.99,79.99,40.0,CAD,61,2023-02-10,79.99,CAD,CA,True,False,False,False,False,False,False,284.0,-31.999999999999993,-0.40005000625078124,2023-11-21,False,False,7.003888888888889,True
990080,018d937f-6144-7057-ad1c-0e99a3a71797,CA,2023-12-04 18:03:59,47.99,79.99,40.0,CAD,61,2023-02-10,79.99,CAD,CA,True,False,False,False,False,False,False,297.0,-31.999999999999993,-0.40005000625078124,2023-12-04,False,False,7.002291666666666,True
990080,018d937f-6144-7057-ad1c-0e99a3a71797,CA,2023-12-21 20:10:11,39.99,79.99,50.0,CAD,61,2023-02-10,79.99,CAD,CA,True,False,False,False,False,False,False,314.0,-39.99999999999999,-0.5000625078134766,2023-12-21,False,False,13.984050925925926,True
990080,018d937f-6144-7057-ad1c-0e99a3a71797,CA,2024-02-01 18:09:24,47.99,79.99,40.0,CAD,61,2023-02-10,79.99,CAD,CA,True,False,False,False,False,False,False,356.0,-31.999999999999993,-0.40005000625078124,2024-02-01,False,False,10.006145833333333,True
990080,018d937f-6144-7057-ad1c-0e99a3a71797,CA,2024-03-14 17:40:12,39.99,79.99,50.0,CAD,61,2023-02-10,79.99,CAD,CA,True,False,False,False,False,False,False,398.0,-39.99999999999999,-0.5000625078134766,2024-03-14,False,False,7.003877314814815,True
990080,018d937f-6144-7057-ad1c-0e99a3a71797,CA,2024-04-11 17:18:08,39.99,79.99,50.0,CAD,61,2023-02-10,79.99,CAD,CA,True,False,False,False,False,False,False,426.0,-39.99999999999999,-0.5000625078134766,2024-04-11,False,False,6.998402777777778,True
990080,018d937f-6144-7057-ad1c-0e99a3a71797,CA,2024-05-30 17:15:43,39.99,79.99,50.0,CAD,61,2023-02-10,79.99,CAD,CA,True,False,False,False,False,False,False,475.0,-39.99999999999999,-0.5000625078134766,2024-05-30,False,False,11.000833333333333,True
990080,018d937f-6144-7057-ad1c-0e99a3a71797,CA,2024-06-27 18:22:39,31.99,79.99,60.0,CAD,61,2023-02-10,79.99,CAD,CA,True,False,False,False,False,False,False,503.0,-48.0,-0.600075009376172,2024-06-27,False,False,13.980231481481482,True
990080,018d937f-6144-7057-ad1c-0e99a3a71797,CA,2024-08-29 17:18:17,23.99,79.99,70.0,CAD,61,2023-02-10,79.99,CAD,CA,True,False,False,False,False,False,False,566.0,-56.0,-0.7000875109388673,2024-08-29,False,False,6.998113425925926,True
990080,018d937f-6144-7057-ad1c-0e99a3a71797,CA,2024-10-24 17:19:01,23.99,79.99,70.0,CAD,61,2023-02-10,79.99,CAD,CA,True,False,False,False,False,False,False,622.0,-56.0,-0.7000875109388673,2024-10-24,False,False,11.041053240740741,True
990080,018d937f-6144-7057-ad1c-0e99a3a71797,CA,2024-11-27 20:41:42,23.99,79.99,70.0,CAD,61,2023-02-10,79.99,CAD,CA,True,False,False,False,False,False,False,656.0,-56.0,-0.7000875109388673,2024-11-27,False,False,6.917118055555555,True
990080,018d937f-6144-7057-ad1c-0e99a3a71797,CA,2024-12-19 21:28:45,19.99,79.99,75.0,CAD,61,2023-02-10,79.99,CAD,CA,True,False,False,False,False,False,False,678.0,-60.0,-0.750093761720215,2024-12-19,False,False,13.892060185185185,True
990080,018d937f-6144-7057-ad1c-0e99a3a71797,CA,2025-02-03 18:25:38,23.99,79.99,70.0,CAD,61,2023-02-10,79.99,CAD,CA,True,False,False,False,False,False,False,724.0,-56.0,-0.7000875109388673,2025-02-03,False,False,7.000532407407407,True
990080,018d937f-6144-7057-ad1c-0e99a3a71797,CA,2025-03-13 19:20:16,19.99,79.99,75.0,CAD,61,2023-02-10,79.99,CAD,CA,True,False,False,False,False,False,False,762.0,-60.0,-0.750093761720215,2025-03-13,False,False,6.937256944444444,True
990080,018d937f-6144-7057-ad1c-0e99a3a71797,CA,2025-03-24 17:16:18,19.99,79.99,75.0,CAD,61,2023-02-10,79.99,CAD,CA,True,False,False,False,False,False,False,773.0,-60.0,-0.750093761720215,2025-03-24,False,False,9.001504629629629,True
990080,018d937f-6144-7057-ad1c-0e99a3a71797,CA,2025-05-19 17:38:32,19.99,79.99,75.0,CAD,61,2023-02-10,79.99,CAD,CA,True,False,False,False,False,False,False,829.0,-60.0,-0.750093761720215,2025-05-19,False,False,7.075069444444445,True
990080,018d937f-6144-7057-ad1c-0e99a3a71797,CA,2025-06-26 21:27:56,19.99,79.99,75.0,CAD,61,2023-02-10,79.99,CAD,CA,True,False,False,False,False,False,False,867.0,-60.0,-0.750093761720215,2025-06-26,False,False,13.847372685185185,True
990080,018d937f-6144-7057-ad1c-0e99a3a71797,CA,2025-08-25 17:19:41,15.99,79.99,80.0,CAD,61,2023-02-10,79.99,CAD,CA,True,False,False,False,False,False,False,927.0,-63.99999999999999,-0.8001000125015627,2025-08-25,False,False,7.997719907407407,True
990080,018d937f-6144-7057-ad1c-0e99a3a71797,CA,2025-09-29 20:24:03,15.99,79.99,80.0,CAD,61,2023-02-10,79.99,CAD,CA,True,False,False,False,False,False,False,962.0,-63.99999999999999,-0.8001000125015627,2025-09-29,False,False,6.887291666666667,True
990080,018d937f-6144-7057-ad1c-0e99a3a71797,CA,2025-10-16 17:16:30,11.99,79.99,85.0,CAD,61,2023-02-10,79.99,CAD,CA,True,False,False,False,False,False,False,979.0,-68.0,-0.8501062632829104,2025-10-16,False,False,6.999884259259259,True
990080,018d937f-6144-7057-ad1c-0e99a3a71797,CN,2023-06-29 19:29:40,238.4,298.0,20.0,CNY,61,2023-02-10,384.0,CNY,CN,True,False,False,False,False,False,False,139.0,-145.6,-0.37916666666666665,2023-06-29,False,False,13.984189814814815,True
990080,018d937f-6144-7057-ad1c-0e99a3a71797,CN,2023-09-08 16:48:30,384.0,384.0,0.0,CNY,61,2023-02-10,384.0,CNY,CN,False,False,False,True,False,False,False,210.0,0.0,0.0,2023-09-08,False,False,,False
990080,018d937f-6144-7057-ad1c-0e99a3a71797,CN,2023-10-19 17:16:17,268.8,384.0,30.0,CNY,61,2023-02-10,384.0,CNY,CN,True,False,False,False,False,False,False,251.0,-115.19999999999999,-0.29999999999999993,2023-10-19,False,False,14.002696759259258,True
990080,018d937f-6144-7057-ad1c-0e99a3a71797,CN,2023-11-21 19:50:00,230.4,384.0,40.0,CNY,61,2023-02-10,384.0,CNY,CN,True,False,False,False,False,False,False,284.0,-153.6,-0.4,2023-11-21,False,False,7.0068171296296295,True
990080,018d937f-6144-7057-ad1c-0e99a3a71797,CN,2023-12-04 18:32:38,230.4,384.0,40.0,CNY,61,2023-02-10,384.0,CNY,CN,True,False,False,False,False,False,False,297.0,-153.6,-0.4,2023-12-04,False,False,7.012083333333333,True
990080,018d937f-6144-7057-ad1c-0e99a3a71797,CN,2023-12-21 20:00:25,192.0,384.0,50.0,CNY,61,2023-02-10,384.0,CNY,CN,True,False,False,False,False,False,False,314.0,-192.0,-0.5,2023-12-21,False,False,13.989444444444445,True
990080,018d937f-6144-7057-ad1c-0e99a3a71797,CN,2024-02-01 18:21:09,230.4,384.0,40.0,CNY,61,2023-02-10,384.0,CNY,CN,True,False,False,False,False,False,False,356.0,-153.6,-0.4,2024-02-01,False,False,9.997962962962964,True
990080,018d937f-6144-7057-ad1c-0e99a3a71797,CN,2024-03-14 17:38:49,192.0,384.0,50.0,CNY,61,2023-02-10,384.0,CNY,CN,True,False,False,False,False,False,False,398.0,-192.0,-0.5,2024-03-14,False,False,7.005,True
990080,018d937f-6144-7057-ad1c-0e99a3a71797,CN,2024-04-11 17:15:27,192.0,384.0,50.0,CNY,61,2023-02-10,384.0,CNY,CN,True,False,False,False,False,False,False,426.0,-192.0,-0.5,2024-04-11,False,False,7.000034722222222,True
990080,018d937f-6144-7057-ad1c-0e99a3a71797,CN,2024-05-30 17:18:15,192.0,384.0,50.0,CNY,61,2023-02-10,384.0,CNY,CN,True,False,False,False,False,False,False,475.0,-192.0,-0.5,2024-05-30,False,False,11.00113425925926,True
990080,018d937f-6144-7057-ad1c-0e99a3a71797,CN,2024-06-27 18:22:51,153.6,384.0,60.0,CNY,61,2023-02-10,384.0,CNY,CN,True,False,False,False,False,False,False,503.0,-230.4,-0.6000000000000001,2024-06-27,False,False,13.976493055555556,True
990080,018d937f-6144-7057-ad1c-0e99a3a71797,CN,2024-08-29 17:18:45,115.2,384.0,70.0,CNY,61,2023-02-10,384.0,CNY,CN,True,False,False,False,False,False,False,566.0,-268.8,-0.7,2024-08-29,False,False,6.997789351851852,True
990080,018d937f-6144-7057-ad1c-0e99a3a71797,CN,2024-10-24 17:18:37,115.2,384.0,70.0,CNY,61,2023-02-10,384.0,CNY,CN,True,False,False,False,False,False,False,622.0,-268.8,-0.7,2024-10-24,False,False,11.043715277777778,True
990080,018d937f-6144-7057-ad1c-0e99a3a71797,CN,2024-11-27 20:41:05,115.2,384.0,70.0,CNY,61,2023-02-10,384.0,CNY,CN,True,False,False,False,False,False,False,656.0,-268.8,-0.7,2024-11-27,False,False,6.917523148148148,True
990080,018d937f-6144-7057-ad1c-0e99a3a71797,CN,2024-12-19 20:37:47,96.0,384.0,75.0,CNY,61,2023-02-10,384.0,CNY,CN,True,False,False,False,False,False,False,678.0,-288.0,-0.75,2024-12-19,False,False,13.925439814814816,True
990080,018d937f-6144-7057-ad1c-0e99a3a71797,CN,2025-02-03 18:16:54,115.2,384.0,70.0,CNY,61,2023-02-10,384.0,CNY,CN,True,False,False,False,False,False,False,724.0,-268.8,-0.7,2025-02-03,False,False,7.018194444444444,True
990080,018d937f-6144-7057-ad1c-0e99a3a71797,CN,2025-03-13 19:32:46,96.0,384.0,75.0,CNY,61,2023-02-10,384.0,CNY,CN,True,False,False,False,False,False,False,762.0,-288.0,-0.75,2025-03-13,False,False,6.930578703703704,True
990080,018d937f-6144-7057-ad1c-0e99a3a71797,CN,2025-03-24 17:16:50,96.0,384.0,75.0,CNY,61,2023-02-10,384.0,CNY,CN,True,False,False,False,False,False,False,773.0,-288.0,-0.75,2025-03-24,False,False,8.99931712962963,True
990080,018d937f-6144-7057-ad1c-0e99a3a71797,CN,2025-05-19 17:44:10,96.0,384.0,75.0,CNY,61,2023-02-10,384.0,CNY,CN,True,False,False,False,False,False,False,829.0,-288.0,-0.75,2025-05-19,False,False,7.091168981481482,True
990080,018d937f-6144-7057-ad1c-0e99a3a71797,CN,2025-06-26 21:34:28,96.0,384.0,75.0,CNY,61,2023-02-10,384.0,CNY,CN,True,False,False,False,False,False,False,867.0,-288.0,-0.75,2025-06-26,False,False,13.84633101851852,True
990080,018d937f-6144-7057-ad1c-0e99a3a71797,CN,2025-08-25 17:19:19,76.8,384.0,80.0,CNY,61,2023-02-10,384.0,CNY,CN,True,False,False,False,False,False,False,927.0,-307.2,-0.8,2025-08-25,False,False,7.997696759259259,True
990080,018d937f-6144-7057-ad1c-0e99a3a71797,CN,2025-09-29 20:18:02,76.8,384.0,80.0,CNY,61,2023-02-10,384.0,CNY,CN,True,False,False,False,False,False,False,962.0,-307.2,-0.8,2025-09-29,False,False,6.8915393518518515,True
990080,018d937f-6144-7057-ad1c-0e99a3a71797,CN,2025-10-16 17:18:46,57.6,384.0,85.0,CNY,61,2023-02-10,384.0,CNY,CN,True,False,False,False,False,False,False,979.0,-326.4,-0.85,2025-10-16,False,False,7.000266203703704,True
990080,018d937f-6144-7057-ad1c-0e99a3a71797,DE,2023-06-29 21:33:06,47.99,59.99,20.0,EUR,61,2023-02-10,59.99,EUR,DE,True,False,False,False,False,False,False,139.0,-12.0,-0.200033338889815,2023-06-29,False,False,13.902777777777779,True
990080,018d937f-6144-7057-ad1c-0e99a3a71797,DE,2023-08-31 17:18:18,41.99,59.99,30.0,EUR,61,2023-02-10,59.99,EUR,DE,True,False,False,False,False,False,False,202.0,-18.0,-0.3000500083347224,2023-08-31,False,False,7.001423611111111,True
990080,018d937f-6144-7057-ad1c-0e99a3a71797,DE,2023-10-19 17:15:42,41.99,59.99,30.0,EUR,61,2023-02-10,59.99,EUR,DE,True,False,False,False,False,False,False,251.0,-18.0,-0.3000500083347224,2023-10-19,False,False,14.003055555555555,True
990080,018d937f-6144-7057-ad1c-0e99a3a71797,DE,2023-11-21 20:03:52,35.99,59.99,40.0,EUR,61,2023-02-10,59.99,EUR,DE,True,False,False,False,False,False,False,284.0,-24.0,-0.4000666777796299,2023-11-21,False,False,7.113368055555555,True
990080,018d937f-6144-7057-ad1c-0e99a3a71797,DE,2023-12-04 18:12:29,35.99,59.99,40.0,EUR,61,2023-02-10,59.99,EUR,DE,True,False,False,False,False,False,False,297.0,-24.0,-0.4000666777796299,2023-12-04,False,False,7.0059375,True
990080,018d937f-6144-7057-ad1c-0e99a3a71797,DE,2023-12-21 20:14:34,29.99,59.99,50.0,EUR,61,2023-02-10,59.99,EUR,DE,True,False,False,False,False,False,False,314.0,-30.000000000000004,-0.5000833472245374,2023-12-21,False,False,13.981412037037037,True
990080,018d937f-6144-7057-ad1c-0e99a3a71797,DE,2024-02-01 18:09:22,35.99,59.99,40.0,EUR,61,2023-02-10,59.99,EUR,DE,True,False,False,False,False,False,False,356.0,-24.0,-0.4000666777796299,2024-02-01,False,False,10.006180555555556,True
990080,018d937f-6144-7057-ad1c-0e99a3a71797,DE,2024-03-14 17:38:51,29.99,59.99,50.0,EUR,61,2023-02-10,59.99,EUR,DE,True,False,False,False,False,False,False,398.0,-30.000000000000004,-0.5000833472245374,2024-03-14,False,False,7.006875,True
990080,018d937f-6144-7057-ad1c-0e99a3a71797,DE,2024-04-11 17:18:13,29.99,59.99,50.0,EUR,61,2023-02-10,59.99,EUR,DE,True,False,False,False,False,False,False,426.0,-30.000000000000004,-0.5000833472245374,2024-04-11,False,False,6.998113425925926,True
990080,018d937f-6144-7057-ad1c-0e99a3a71797,DE,2024-05-30 17:15:22,29.99,59.99,50.0,EUR,61,2023-02-10,59.99,EUR,DE,True,False,False,False,False,False,False,475.0,-30.000000000000004,-0.5000833472245374,2024-05-30,False,False,11.001076388888889,True
990080,018d937f-6144-7057-ad1c-0e99a3a71797,DE,2024-06-27 18:22:50,23.99,59.99,60.0,EUR,61,2023-02-10,59.99,EUR,DE,True,False,False,False,False,False,False,503.0,-36.0,-0.600100016669445,2024-06-27,False,False,13.980381944444444,True
990080,018d937f-6144-7057-ad1c-0e99a3a71797,DE,2024-08-29 17:15:43,17.99,59.99,70.0,EUR,61,2023-02-10,59.99,EUR,DE,True,False,False,False,False,False,False,566.0,-42.0,-0.7001166861143524,2024-08-29,False,False,7.002129629629629,True
990080,018d937f-6144-7057-ad1c-0e99a3a71797,DE,2024-10-24 17:16:11,17.99,59.99,70.0,EUR,61,2023-02-10,59.99,EUR,DE,True,False,False,False,False,False,False,622.0,-42.0,-0.7001166861143524,2024-10-24,False,False,11.043055555555556,True
990080,018d937f-6144-7057-ad1c-0e99a3a71797,DE,2024-11-27 20:50:04,17.99,59.99,70.0,EUR,61,2023-02-10,59.99,EUR,DE,True,False,False,False,False,False,False,656.0,-42.0,-0.7001166861143524,2024-11-27,False,False,6.911319444444445,True
990080,018d937f-6144-7057-ad1c-0e99a3a71797,DE,2024-12-19 22:59:47,14.99,59.99,75.0,EUR,61,2023-02-10,59.99,EUR,DE,True,False,False,False,False,False,False,678.0,-45.0,-0.7501250208368061,2024-12-19,False,False,13.829027777777778,True
990080,018d937f-6144-7057-ad1c-0e99a3a71797,DE,2025-02-03 18:25:03,17.99,59.99,70.0,EUR,61,2023-02-10,59.99,EUR,DE,True,False,False,False,False,False,False,724.0,-42.0,-0.7001166861143524,2025-02-03,False,False,7.009236111111111,True
990080,018d937f-6144-7057-ad1c-0e99a3a71797,DE,2025-03-13 19:06:07,14.99,59.99,75.0,EUR,61,2023-02-10,59.99,EUR,DE,True,False,False,False,False,False,False,762.0,-45.0,-0.7501250208368061,2025-03-13,False,False,6.949201388888889,True
990080,018d937f-6144-7057-ad1c-0e99a3a71797,DE,2025-03-24 17:16:51,14.99,59.99,75.0,EUR,61,2023-02-10,59.99,EUR,DE,True,False,False,False,False,False,False,773.0,-45.0,-0.7501250208368061,2025-03-24,False,False,8.999247685185185,True
990080,018d937f-6144-7057-ad1c-0e99a3a71797,DE,2025-05-19 17:41:47,14.99,59.99,75.0,EUR,61,2023-02-10,59.99,EUR,DE,True,False,False,False,False,False,False,829.0,-45.0,-0.7501250208368061,2025-05-19,False,False,7.0914930555555555,True
990080,018d937f-6144-7057-ad1c-0e99a3a71797,DE,2025-06-26 21:45:33,14.99,59.99,75.0,EUR,61,2023-02-10,59.99,EUR,DE,True,False,False,False,False,False,False,867.0,-45.0,-0.7501250208368061,2025-06-26,False,False,13.835150462962963,True
990080,018d937f-6144-7057-ad1c-0e99a3a71797,DE,2025-08-25 17:19:31,11.99,59.99,80.0,EUR,61,2023-02-10,59.99,EUR,DE,True,False,False,False,False,False,False,927.0,-48.0,-0.8001333555592599,2025-08-25,False,False,8.000104166666667,True
990080,018d937f-6144-7057-ad1c-0e99a3a71797,DE,2025-09-29 20:03:21,11.99,59.99,80.0,EUR,61,2023-02-10,59.99,EUR,DE,True,False,False,False,False,False,False,962.0,-48.0,-0.8001333555592599,2025-09-29,False,False,6.901724537037037,True
990080,018d937f-6144-7057-ad1c-0e99a3a71797,DE,2025-10-16 17:16:08,8.99,59.99,85.0,EUR,61,2023-02-10,59.99,EUR,DE,True,False,False,False,False,False,False,979.0,-51.0,-0.8501416902817136,2025-10-16,False,False,7.002060185185186,True
990080,018d937f-6144-7057-ad1c-0e99a3a71797,FR,2023-06-29 21:33:06,47.99,59.99,20.0,EUR,61,2023-02-10,59.99,EUR,FR,True,False,False,False,False,False,False,139.0,-12.0,-0.200033338889815,2023-06-29,False,False,13.902777777777779,True
990080,018d937f-6144-7057-ad1c-0e99a3a71797,FR,2023-08-31 17:18:18,41.99,59.99,30.0,EUR,61,2023-02-10,59.99,EUR,FR,True,False,False,False,False,False,False,202.0,-18.0,-0.3000500083347224,2023-08-31,False,False,7.001423611111111,True
990080,018d937f-6144-7057-ad1c-0e99a3a71797,FR,2023-10-19 17:15:42,41.99,59.99,30.0,EUR,61,2023-02-10,59.99,EUR,FR,True,False,False,False,False,False,False,251.0,-18.0,-0.3000500083347224,2023-10-19,False,False,14.003055555555555,True
990080,018d937f-6144-7057-ad1c-0e99a3a71797,FR,2023-11-21 20:03:52,35.99,59.99,40.0,EUR,61,2023-02-10,59.99,EUR,FR,True,False,False,False,False,False,False,284.0,-24.0,-0.4000666777796299,2023-11-21,False,False,7.113368055555555,True
990080,018d937f-6144-7057-ad1c-0e99a3a71797,FR,2023-12-04 18:12:29,35.99,59.99,40.0,EUR,61,2023-02-10,59.99,EUR,FR,True,False,False,False,False,False,False,297.0,-24.0,-0.4000666777796299,2023-12-04,False,False,7.0059375,True
990080,018d937f-6144-7057-ad1c-0e99a3a71797,FR,2023-12-21 20:14:34,29.99,59.99,50.0,EUR,61,2023-02-10,59.99,EUR,FR,True,False,False,False,False,False,False,314.0,-30.000000000000004,-0.5000833472245374,2023-12-21,False,False,13.981412037037037,True
990080,018d937f-6144-7057-ad1c-0e99a3a71797,FR,2024-02-01 18:09:22,35.99,59.99,40.0,EUR,61,2023-02-10,59.99,EUR,FR,True,False,False,False,False,False,False,356.0,-24.0,-0.4000666777796299,2024-02-01,False,False,10.006180555555556,True
990080,018d937f-6144-7057-ad1c-0e99a3a71797,FR,2024-03-14 17:38:51,29.99,59.99,50.0,EUR,61,2023-02-10,59.99,EUR,FR,True,False,False,False,False,False,False,398.0,-30.000000000000004,-0.5000833472245374,2024-03-14,False,False,7.006875,True
990080,018d937f-6144-7057-ad1c-0e99a3a71797,FR,2024-04-11 17:18:13,29.99,59.99,50.0,EUR,61,2023-02-10,59.99,EUR,FR,True,False,False,False,False,False,False,426.0,-30.000000000000004,-0.5000833472245374,2024-04-11,False,False,6.998113425925926,True
990080,018d937f-6144-7057-ad1c-0e99a3a71797,FR,2024-05-30 17:15:22,29.99,59.99,50.0,EUR,61,2023-02-10,59.99,EUR,FR,True,False,False,False,False,False,False,475.0,-30.000000000000004,-0.5000833472245374,2024-05-30,False,False,11.001076388888889,True
990080,018d937f-6144-7057-ad1c-0e99a3a71797,FR,2024-06-27 18:22:50,23.99,59.99,60.0,EUR,61,2023-02-10,59.99,EUR,FR,True,False,False,False,False,False,False,503.0,-36.0,-0.600100016669445,2024-06-27,False,False,13.980381944444444,True
990080,018d937f-6144-7057-ad1c-0e99a3a71797,FR,2024-08-29 17:15:43,17.99,59.99,70.0,EUR,61,2023-02-10,59.99,EUR,FR,True,False,False,False,False,False,False,566.0,-42.0,-0.7001166861143524,2024-08-29,False,False,7.002129629629629,True
990080,018d937f-6144-7057-ad1c-0e99a3a71797,FR,2024-10-24 17:16:11,17.99,59.99,70.0,EUR,61,2023-02-10,59.99,EUR,FR,True,False,False,False,False,False,False,622.0,-42.0,-0.7001166861143524,2024-10-24,False,False,11.043055555555556,True
990080,018d937f-6144-7057-ad1c-0e99a3a71797,FR,2024-11-27 20:50:04,17.99,59.99,70.0,EUR,61,2023-02-10,59.99,EUR,FR,True,False,False,False,False,False,False,656.0,-42.0,-0.7001166861143524,2024-11-27,False,False,6.911319444444445,True
990080,018d937f-6144-7057-ad1c-0e99a3a71797,FR,2024-12-19 22:59:47,14.99,59.99,75.0,EUR,61,2023-02-10,59.99,EUR,FR,True,False,False,False,False,False,False,678.0,-45.0,-0.7501250208368061,2024-12-19,False,False,13.829027777777778,True
990080,018d937f-6144-7057-ad1c-0e99a3a71797,FR,2025-02-03 18:25:03,17.99,59.99,70.0,EUR,61,2023-02-10,59.99,EUR,FR,True,False,False,False,False,False,False,724.0,-42.0,-0.7001166861143524,2025-02-03,False,False,7.009236111111111,True
990080,018d937f-6144-7057-ad1c-0e99a3a71797,FR,2025-03-13 19:06:07,14.99,59.99,75.0,EUR,61,2023-02-10,59.99,EUR,FR,True,False,False,False,False,False,False,762.0,-45.0,-0.7501250208368061,2025-03-13,False,False,6.949201388888889,True
990080,018d937f-6144-7057-ad1c-0e99a3a71797,FR,2025-03-24 17:16:51,14.99,59.99,75.0,EUR,61,2023-02-10,59.99,EUR,FR,True,False,False,False,False,False,False,773.0,-45.0,-0.7501250208368061,2025-03-24,False,False,8.999247685185185,True
990080,018d937f-6144-7057-ad1c-0e99a3a71797,FR,2025-05-19 17:41:47,14.99,59.99,75.0,EUR,61,2023-02-10,59.99,EUR,FR,True,False,False,False,False,False,False,829.0,-45.0,-0.7501250208368061,2025-05-19,False,False,7.0914930555555555,True
990080,018d937f-6144-7057-ad1c-0e99a3a71797,FR,2025-06-26 21:45:33,14.99,59.99,75.0,EUR,61,2023-02-10,59.99,EUR,FR,True,False,False,False,False,False,False,867.0,-45.0,-0.7501250208368061,2025-06-26,False,False,13.835150462962963,True
990080,018d937f-6144-7057-ad1c-0e99a3a71797,FR,2025-08-25 17:19:31,11.99,59.99,80.0,EUR,61,2023-02-10,59.99,EUR,FR,True,False,False,False,False,False,False,927.0,-48.0,-0.8001333555592599,2025-08-25,False,False,8.000104166666667,True
990080,018d937f-6144-7057-ad1c-0e99a3a71797,FR,2025-09-29 20:03:21,11.99,59.99,80.0,EUR,61,2023-02-10,59.99,EUR,FR,True,False,False,False,False,False,False,962.0,-48.0,-0.8001333555592599,2025-09-29,False,False,6.901724537037037,True
990080,018d937f-6144-7057-ad1c-0e99a3a71797,FR,2025-10-16 17:16:08,8.99,59.99,85.0,EUR,61,2023-02-10,59.99,EUR,FR,True,False,False,False,False,False,False,979.0,-51.0,-0.8501416902817136,2025-10-16,False,False,7.002060185185186,True
990080,018d937f-6144-7057-ad1c-0e99a3a71797,GB,2023-06-29 21:40:13,39.99,49.99,20.0,GBP,61,2023-02-10,49.99,GBP,GB,True,False,False,False,False,False,False,139.0,-10.0,-0.20004000800160027,2023-06-29,False,False,13.895300925925927,True
990080,018d937f-6144-7057-ad1c-0e99a3a71797,GB,2023-08-31 17:18:18,34.99,49.99,30.0,GBP,61,2023-02-10,49.99,GBP,GB,True,False,False,False,False,False,False,202.0,-15.0,-0.3000600120024005,2023-08-31,False,False,6.98957175925926,True
990080,018d937f-6144-7057-ad1c-0e99a3a71797,GB,2023-10-19 17:20:22,34.99,49.99,30.0,GBP,61,2023-02-10,49.99,GBP,GB,True,False,False,False,False,False,False,251.0,-15.0,-0.3000600120024005,2023-10-19,False,False,40.109780092592594,True
990080,018d937f-6144-7057-ad1c-0e99a3a71797,GB,2023-11-21 19:54:59,29.99,49.99,40.0,GBP,61,2023-02-10,49.99,GBP,GB,True,False,False,False,False,False,False,284.0,-20.000000000000004,-0.40008001600320064,2023-11-21,False,False,,False
990080,018d937f-6144-7057-ad1c-0e99a3a71797,GB,2023-12-04 18:08:54,29.99,49.99,40.0,GBP,61,2023-02-10,49.99,GBP,GB,True,False,False,False,False,False,False,297.0,-20.000000000000004,-0.40008001600320064,2023-12-04,False,False,7.020347222222222,True
990080,018d937f-6144-7057-ad1c-0e99a3a71797,GB,2023-12-21 23:40:27,24.99,49.99,50.0,GBP,61,2023-02-10,49.99,GBP,GB,True,False,False,False,False,False,False,314.0,-25.000000000000004,-0.5001000200040009,2023-12-21,False,False,13.838229166666666,True
990080,018d937f-6144-7057-ad1c-0e99a3a71797,GB,2024-02-01 18:26:05,29.99,49.99,40.0,GBP,61,2023-02-10,49.99,GBP,GB,True,False,False,False,False,False,False,356.0,-20.000000000000004,-0.40008001600320064,2024-02-01,False,False,9.994722222222222,True
990080,018d937f-6144-7057-ad1c-0e99a3a71797,GB,2024-03-14 17:35:25,24.99,49.99,50.0,GBP,61,2023-02-10,49.99,GBP,GB,True,False,False,False,False,False,False,398.0,-25.000000000000004,-0.5001000200040009,2024-03-14,False,False,7.007349537037037,True
990080,018d937f-6144-7057-ad1c-0e99a3a71797,GB,2024-04-11 17:15:21,24.99,49.99,50.0,GBP,61,2023-02-10,49.99,GBP,GB,True,False,False,False,False,False,False,426.0,-25.000000000000004,-0.5001000200040009,2024-04-11,False,False,7.002280092592593,True
990080,018d937f-6144-7057-ad1c-0e99a3a71797,GB,2024-05-30 17:15:16,24.99,49.99,50.0,GBP,61,2023-02-10,49.99,GBP,GB,True,False,False,False,False,False,False,475.0,-25.000000000000004,-0.5001000200040009,2024-05-30,False,False,11.001145833333334,True
990080,018d937f-6144-7057-ad1c-0e99a3a71797,GB,2024-06-27 18:22:56,19.99,49.99,60.0,GBP,61,2023-02-10,49.99,GBP,GB,True,False,False,False,False,False,False,503.0,-30.000000000000004,-0.600120024004801,2024-06-27,False,False,13.97644675925926,True
990080,018d937f-6144-7057-ad1c-0e99a3a71797,GB,2024-08-29 17:18:49,14.99,49.99,70.0,GBP,61,2023-02-10,49.99,GBP,GB,True,False,False,False,False,False,False,566.0,-35.0,-0.7001400280056012,2024-08-29,False,False,6.999907407407408,True
990080,018d937f-6144-7057-ad1c-0e99a3a71797,GB,2024-10-24 17:15:45,14.99,49.99,70.0,GBP,61,2023-02-10,49.99,GBP,GB,True,False,False,False,False,False,False,622.0,-35.0,-0.7001400280056012,2024-10-24,False,False,11.045763888888889,True
990080,018d937f-6144-7057-ad1c-0e99a3a71797,GB,2024-11-27 20:41:10,14.99,49.99,70.0,GBP,61,2023-02-10,49.99,GBP,GB,True,False,False,False,False,False,False,656.0,-35.0,-0.7001400280056012,2024-11-27,False,False,6.917488425925926,True
990080,018d937f-6144-7057-ad1c-0e99a3a71797,GB,2024-12-19 22:59:38,12.49,49.99,75.0,GBP,61,2023-02-10,49.99,GBP,GB,True,False,False,False,False,False,False,678.0,-37.5,-0.7501500300060012,2024-12-19,False,False,13.829097222222222,True
990080,018d937f-6144-7057-ad1c-0e99a3a71797,GB,2025-02-03 18:25:36,14.99,49.99,70.0,GBP,61,2023-02-10,49.99,GBP,GB,True,False,False,False,False,False,False,724.0,-35.0,-0.7001400280056012,2025-02-03,False,False,7.008831018518518,True
990080,018d937f-6144-7057-ad1c-0e99a3a71797,GB,2025-03-13 19:06:07,12.49,49.99,75.0,GBP,61,2023-02-10,49.99,GBP,GB,True,False,False,False,False,False,False,762.0,-37.5,-0.7501500300060012,2025-03-13,False,False,6.945300925925926,True
990080,018d937f-6144-7057-ad1c-0e99a3a71797,GB,2025-03-24 17:18:53,12.49,49.99,75.0,GBP,61,2023-02-10,49.99,GBP,GB,True,False,False,False,False,False,False,773.0,-37.5,-0.7501500300060012,2025-03-24,False,False,8.999791666666667,True
990080,018d937f-6144-7057-ad1c-0e99a3a71797,GB,2025-05-19 17:44:06,12.49,49.99,75.0,GBP,61,2023-02-10,49.99,GBP,GB,True,False,False,False,False,False,False,829.0,-37.5,-0.7501500300060012,2025-05-19,False,False,7.0908796296296295,True
990080,018d937f-6144-7057-ad1c-0e99a3a71797,GB,2025-06-26 21:33:17,12.49,49.99,75.0,GBP,61,2023-02-10,49.99,GBP,GB,True,False,False,False,False,False,False,867.0,-37.5,-0.7501500300060012,2025-06-26,False,False,13.843680555555556,True
990080,018d937f-6144-7057-ad1c-0e99a3a71797,GB,2025-08-25 17:19:18,9.99,49.99,80.0,GBP,61,2023-02-10,49.99,GBP,GB,True,False,False,False,False,False,False,927.0,-40.0,-0.8001600320064013,2025-08-25,False,False,8.000266203703704,True
990080,018d937f-6144-7057-ad1c-0e99a3a71797,GB,2025-09-29 20:18:24,9.99,49.99,80.0,GBP,61,2023-02-10,49.99,GBP,GB,True,False,False,False,False,False,False,962.0,-40.0,-0.8001600320064013,2025-09-29,False,False,6.8912962962962965,True
990080,018d937f-6144-7057-ad1c-0e99a3a71797,GB,2025-10-16 17:16:54,7.49,49.99,85.0,GBP,61,2023-02-10,49.99,GBP,GB,True,False,False,False,False,False,False,979.0,-42.5,-0.8501700340068014,2025-10-16,False,False,7.0015625,True
990080,018d937f-6144-7057-ad1c-0e99a3a71797,JP,2024-12-07 16:03:48,8778.0,8778.0,0.0,JPY,61,2023-02-10,8778.0,JPY,JP,False,False,False,False,False,False,False,666.0,0.0,0.0,2024-12-07,False,False,,False
990080,018d937f-6144-7057-ad1c-0e99a3a71797,JP,2024-12-19 20:40:36,2194.0,8778.0,75.0,JPY,61,2023-02-10,8778.0,JPY,JP,True,False,False,False,False,False,False,678.0,-6584.0,-0.7500569605832763,2024-12-19,False,False,13.923275462962962,True
990080,018d937f-6144-7057-ad1c-0e99a3a71797,JP,2025-02-03 18:29:18,2633.0,8778.0,70.0,JPY,61,2023-02-10,8778.0,JPY,JP,True,False,False,False,False,False,False,724.0,-6145.0,-0.7000455684666211,2025-02-03,False,False,7.0154861111111115,True
990080,018d937f-6144-7057-ad1c-0e99a3a71797,JP,2025-03-13 19:58:47,2194.0,8778.0,75.0,JPY,61,2023-02-10,8778.0,JPY,JP,True,False,False,False,False,False,False,762.0,-6584.0,-0.7500569605832763,2025-03-13,False,False,6.911909722222222,True
990080,018d937f-6144-7057-ad1c-0e99a3a71797,JP,2025-03-24 17:18:08,2194.0,8778.0,75.0,JPY,61,2023-02-10,8778.0,JPY,JP,True,False,False,False,False,False,False,773.0,-6584.0,-0.7500569605832763,2025-03-24,False,False,9.000578703703704,True
990080,018d937f-6144-7057-ad1c-0e99a3a71797,JP,2025-05-19 17:37:03,2194.0,8778.0,75.0,JPY,61,2023-02-10,8778.0,JPY,JP,True,False,False,False,False,False,False,829.0,-6584.0,-0.7500569605832763,2025-05-19,False,False,7.214525462962963,True
990080,018d937f-6144-7057-ad1c-0e99a3a71797,JP,2025-06-26 22:08:44,2194.0,8778.0,75.0,JPY,61,2023-02-10,8778.0,JPY,JP,True,False,False,False,False,False,False,867.0,-6584.0,-0.7500569605832763,2025-06-26,False,False,13.820474537037038,True
990080,018d937f-6144-7057-ad1c-0e99a3a71797,JP,2025-08-25 17:26:37,1755.0,8778.0,80.0,JPY,61,2023-02-10,8778.0,JPY,JP,True,False,False,False,False,False,False,927.0,-7023.0,-0.8000683526999317,2025-08-25,False,False,7.993333333333333,True
990080,018d937f-6144-7057-ad1c-0e99a3a71797,JP,2025-09-29 20:51:01,1755.0,8778.0,80.0,JPY,61,2023-02-10,8778.0,JPY,JP,True,False,False,False,False,False,False,962.0,-7023.0,-0.8000683526999317,2025-09-29,False,False,6.875983796296296,True
990080,018d937f-6144-7057-ad1c-0e99a3a71797,JP,2025-10-16 17:17:29,1316.0,8778.0,85.0,JPY,61,2023-02-10,8778.0,JPY,JP,True,False,False,False,False,False,False,979.0,-7462.0,-0.8500797448165869,2025-10-16,False,False,6.999722222222222,True
990080,018d937f-6144-7057-ad1c-0e99a3a71797,PL,2023-06-29 21:33:06,211.15600000000003,263.956,20.0,PLN,61,2023-02-10,269.0,PLN,PL,True,True,True,False,False,False,False,139.0,-57.843999999999966,-0.21503345724907053,2023-06-29,True,True,13.902777777777779,True
990080,018d937f-6144-7057-ad1c-0e99a3a71797,PL,2023-08-31 17:18:18,184.75600000000003,263.956,30.0,PLN,61,2023-02-10,269.0,PLN,PL,True,False,False,False,False,False,False,202.0,-84.24399999999997,-0.313174721189591,2023-08-31,True,True,7.001423611111111,True
990080,018d937f-6144-7057-ad1c-0e99a3a71797,PL,2023-10-19 17:15:42,184.75600000000003,263.956,30.0,PLN,61,2023-02-10,269.0,PLN,PL,True,False,False,False,False,False,False,251.0,-84.24399999999997,-0.313174721189591,2023-10-19,True,True,14.003055555555555,True
990080,018d937f-6144-7057-ad1c-0e99a3a71797,PL,2023-11-21 20:03:52,158.35600000000002,263.956,40.0,PLN,61,2023-02-10,269.0,PLN,PL,True,False,False,False,False,False,False,284.0,-110.64399999999998,-0.41131598513011147,2023-11-21,True,True,7.113368055555555,True
990080,018d937f-6144-7057-ad1c-0e99a3a71797,PL,2023-12-04 18:12:29,158.35600000000002,263.956,40.0,PLN,61,2023-02-10,269.0,PLN,PL,True,False,False,False,False,False,False,297.0,-110.64399999999998,-0.41131598513011147,2023-12-04,True,True,7.0059375,True
990080,018d937f-6144-7057-ad1c-0e99a3a71797,PL,2023-12-21 20:14:34,131.95600000000002,263.956,50.0,PLN,61,2023-02-10,269.0,PLN,PL,True,False,False,False,False,False,False,314.0,-137.04399999999998,-0.509457249070632,2023-12-21,True,True,13.981412037037037,True
990080,018d937f-6144-7057-ad1c-0e99a3a71797,PL,2024-02-01 18:09:22,158.35600000000002,263.956,40.0,PLN,61,2023-02-10,269.0,PLN,PL,True,False,False,False,False,False,False,356.0,-110.64399999999998,-0.41131598513011147,2024-02-01,True,True,10.006180555555556,True
990080,018d937f-6144-7057-ad1c-0e99a3a71797,PL,2024-03-14 17:38:51,131.95600000000002,263.956,50.0,PLN,61,2023-02-10,269.0,PLN,PL,True,False,False,False,False,False,False,398.0,-137.04399999999998,-0.509457249070632,2024-03-14,True,True,7.006875,True
990080,018d937f-6144-7057-ad1c-0e99a3a71797,PL,2024-04-11 17:18:13,131.95600000000002,263.956,50.0,PLN,61,2023-02-10,269.0,PLN,PL,True,False,False,False,False,False,False,426.0,-137.04399999999998,-0.509457249070632,2024-04-11,True,True,6.998113425925926,True
990080,018d937f-6144-7057-ad1c-0e99a3a71797,PL,2024-05-30 17:15:22,131.95600000000002,263.956,50.0,PLN,61,2023-02-10,269.0,PLN,PL,True,False,False,False,False,False,False,475.0,-137.04399999999998,-0.509457249070632,2024-05-30,True,True,11.001076388888889,True
990080,018d937f-6144-7057-ad1c-0e99a3a71797,PL,2024-06-27 18:22:50,99.65076923076923,249.1892307692308,60.0,PLN,61,2023-02-10,269.0,PLN,PL,True,False,False,False,False,False,False,503.0,-169.34923076923076,-0.6295510437517873,2024-06-27,True,True,13.980381944444444,True
990080,018d937f-6144-7057-ad1c-0e99a3a71797,PL,2024-08-29 17:15:43,74.72769230769231,249.1892307692308,70.0,PLN,61,2023-02-10,269.0,PLN,PL,True,False,False,False,False,False,False,566.0,-194.2723076923077,-0.7222018873319989,2024-08-29,True,True,7.002129629629629,True
990080,018d937f-6144-7057-ad1c-0e99a3a71797,PL,2024-10-24 17:16:11,74.72769230769231,249.1892307692308,70.0,PLN,61,2023-02-10,269.0,PLN,PL,True,False,False,False,False,False,False,622.0,-194.2723076923077,-0.7222018873319989,2024-10-24,True,True,11.043055555555556,True
990080,018d937f-6144-7057-ad1c-0e99a3a71797,PL,2024-11-27 20:50:04,74.72769230769231,249.1892307692308,70.0,PLN,61,2023-02-10,269.0,PLN,PL,True,False,False,False,False,False,False,656.0,-194.2723076923077,-0.7222018873319989,2024-11-27,True,True,6.911319444444445,True
990080,018d937f-6144-7057-ad1c-0e99a3a71797,PL,2024-12-19 22:59:47,62.266153846153856,249.1892307692308,75.0,PLN,61,2023-02-10,269.0,PLN,PL,True,False,False,False,False,False,False,678.0,-206.73384615384614,-0.7685273091221047,2024-12-19,True,True,13.829027777777778,True
990080,018d937f-6144-7057-ad1c-0e99a3a71797,PL,2025-02-03 18:25:03,74.72769230769231,249.1892307692308,70.0,PLN,61,2023-02-10,269.0,PLN,PL,True,False,False,False,False,False,False,724.0,-194.2723076923077,-0.7222018873319989,2025-02-03,True,True,7.009236111111111,True
990080,018d937f-6144-7057-ad1c-0e99a3a71797,PL,2025-03-13 19:06:07,62.266153846153856,249.1892307692308,75.0,PLN,61,2023-02-10,269.0,PLN,PL,True,False,False,False,False,False,False,762.0,-206.73384615384614,-0.7685273091221047,2025-03-13,True,True,6.949201388888889,True
990080,018d937f-6144-7057-ad1c-0e99a3a71797,PL,2025-03-24 17:16:51,62.266153846153856,249.1892307692308,75.0,PLN,61,2023-02-10,269.0,PLN,PL,True,False,False,False,False,False,False,773.0,-206.73384615384614,-0.7685273091221047,2025-03-24,True,True,8.999247685185185,True
990080,018d937f-6144-7057-ad1c-0e99a3a71797,PL,2025-05-19 17:41:47,62.266153846153856,249.1892307692308,75.0,PLN,61,2023-02-10,269.0,PLN,PL,True,False,False,False,False,False,False,829.0,-206.73384615384614,-0.7685273091221047,2025-05-19,True,True,7.0914930555555555,True
990080,018d937f-6144-7057-ad1c-0e99a3a71797,PL,2025-06-26 21:45:33,62.899215686274516,251.72274509803924,75.0,PLN,61,2023-02-10,269.0,PLN,PL,True,False,False,False,False,False,False,867.0,-206.10078431372548,-0.7661739193818791,2025-06-26,True,True,13.835150462962963,True
990080,018d937f-6144-7057-ad1c-0e99a3a71797,PL,2025-08-25 17:19:31,50.310980392156864,251.72274509803924,80.0,PLN,61,2023-02-10,269.0,PLN,PL,True,False,False,False,False,False,False,927.0,-218.68901960784314,-0.8129703331146585,2025-08-25,True,True,8.000104166666667,True
990080,018d937f-6144-7057-ad1c-0e99a3a71797,PL,2025-09-29 20:03:21,50.310980392156864,251.72274509803924,80.0,PLN,61,2023-02-10,269.0,PLN,PL,True,False,False,False,False,False,False,962.0,-218.68901960784314,-0.8129703331146585,2025-09-29,True,True,6.901724537037037,True
990080,018d937f-6144-7057-ad1c-0e99a3a71797,PL,2025-10-16 17:16:08,37.72274509803922,251.72274509803924,85.0,PLN,61,2023-02-10,269.0,PLN,PL,True,False,False,False,False,False,False,979.0,-231.2772549019608,-0.8597667468474378,2025-10-16,True,True,7.002060185185186,True
990080,018d937f-6144-7057-ad1c-0e99a3a71797,TR,2023-06-29 19:18:06,19.572000000000003,24.465000000000003,20.0,USD,61,2023-02-10,59.99,USD,TR,True,True,True,False,False,False,False,139.0,-40.418,-0.6737456242707118,2023-06-29,True,True,13.99099537037037,True
990080,018d937f-6144-7057-ad1c-0e99a3a71797,TR,2023-08-31 17:18:17,17.125500000000002,24.465000000000003,30.0,USD,61,2023-02-10,59.99,USD,TR,True,False,False,False,False,False,False,202.0,-42.8645,-0.7145274212368729,2023-08-31,True,True,6.989756944444444,True
990080,018d937f-6144-7057-ad1c-0e99a3a71797,TR,2023-09-08 16:42:10,38.465,38.465,0.0,USD,61,2023-02-10,59.99,USD,TR,False,False,False,True,False,False,False,210.0,-21.525,-0.35880980163360554,2023-09-08,True,True,,False
990080,018d937f-6144-7057-ad1c-0e99a3a71797,TR,2023-10-19 17:16:22,26.9255,38.465,30.0,USD,61,2023-02-10,59.99,USD,TR,True,False,False,False,False,False,False,251.0,-33.0645,-0.5511668611435239,2023-10-19,True,True,14.002430555555556,True
990080,018d937f-6144-7057-ad1c-0e99a3a71797,TR,2023-11-21 15:43:33,60.461450000000006,60.461450000000006,0.0,USD,61,2023-02-10,59.99,USD,TR,False,False,False,True,False,False,False,284.0,0.47145000000000437,0.00785880980163367,2023-11-21,True,True,,False
990080,018d937f-6144-7057-ad1c-0e99a3a71797,TR,2023-11-21 20:00:54,36.40805,60.68685000000001,40.0,USD,61,2023-02-10,59.99,USD,TR,True,False,False,False,False,False,False,284.0,-23.58195,-0.393098016336056,2023-11-21,True,True,6.999803240740741,True
990080,018d937f-6144-7057-ad1c-0e99a3a71797,TR,2023-12-04 18:37:37,36.422050000000006,60.709950000000006,40.0,USD,61,2023-02-10,59.99,USD,TR,True,False,False,False,False,False,False,297.0,-23.567949999999996,-0.3928646441073511,2023-12-04,True,True,7.01337962962963,True
990080,018d937f-6144-7057-ad1c-0e99a3a71797,TR,2023-12-21 20:12:25,30.609250000000003,61.22865000000001,50.0,USD,61,2023-02-10,59.99,USD,TR,True,False,False,False,False,False,False,314.0,-29.38075,-0.48976079346557755,2023-12-21,True,True,13.978668981481482,True
990080,018d937f-6144-7057-ad1c-0e99a3a71797,TR,2024-02-01 18:59:37,38.22805,63.7203,40.0,USD,61,2023-02-10,59.99,USD,TR,True,False,False,False,False,False,False,356.0,-21.76195,-0.36275962660443406,2024-02-01,True,True,9.971435185185186,True
990080,018d937f-6144-7057-ad1c-0e99a3a71797,TR,2024-02-11 06:08:15,35.99,59.99,40.0,USD,61,2023-02-10,59.99,USD,TR,True,True,False,False,False,False,False,366.0,-24.0,-0.4000666777796299,2024-02-11,False,False,,False
990080,018d937f-6144-7057-ad1c-0e99a3a71797,TR,2024-03-14 17:40:11,29.99,59.99,50.0,USD,61,2023-02-10,59.99,USD,TR,True,False,False,False,False,False,False,398.0,-30.000000000000004,-0.5000833472245374,2024-03-14,False,False,7.004004629629629,True
990080,018d937f-6144-7057-ad1c-0e99a3a71797,TR,2024-04-11 17:15:32,29.99,59.99,50.0,USD,61,2023-02-10,59.99,USD,TR,True,False,False,False,False,False,False,426.0,-30.000000000000004,-0.5000833472245374,2024-04-11,False,False,7.001967592592592,True
990080,018d937f-6144-7057-ad1c-0e99a3a71797,TR,2024-05-30 17:18:21,29.99,59.99,50.0,USD,61,2023-02-10,59.99,USD,TR,True,False,False,False,False,False,False,475.0,-30.000000000000004,-0.5000833472245374,2024-05-30,False,False,11.001157407407407,True
990080,018d937f-6144-7057-ad1c-0e99a3a71797,TR,2024-06-27 18:22:53,23.99,59.99,60.0,USD,61,2023-02-10,59.99,USD,TR,True,False,False,False,False,False,False,503.0,-36.0,-0.600100016669445,2024-06-27,False,False,13.980069444444444,True
990080,018d937f-6144-7057-ad1c-0e99a3a71797,TR,2024-08-29 17:15:42,17.99,59.99,70.0,USD,61,2023-02-10,59.99,USD,TR,True,False,False,False,False,False,False,566.0,-42.0,-0.7001166861143524,2024-08-29,False,False,7.002048611111111,True
990080,018d937f-6144-7057-ad1c-0e99a3a71797,TR,2024-10-24 17:15:56,17.99,59.99,70.0,USD,61,2023-02-10,59.99,USD,TR,True,False,False,False,False,False,False,622.0,-42.0,-0.7001166861143524,2024-10-24,False,False,11.043298611111112,True
990080,018d937f-6144-7057-ad1c-0e99a3a71797,TR,2024-11-27 20:38:40,17.99,59.99,70.0,USD,61,2023-02-10,59.99,USD,TR,True,False,False,False,False,False,False,656.0,-42.0,-0.7001166861143524,2024-11-27,False,False,6.919224537037037,True
990080,018d937f-6144-7057-ad1c-0e99a3a71797,TR,2024-12-19 20:29:30,14.99,59.99,75.0,USD,61,2023-02-10,59.99,USD,TR,True,False,False,False,False,False,False,678.0,-45.0,-0.7501250208368061,2024-12-19,False,False,13.933275462962962,True
990080,018d937f-6144-7057-ad1c-0e99a3a71797,TR,2025-02-03 18:25:33,17.99,59.99,70.0,USD,61,2023-02-10,59.99,USD,TR,True,False,False,False,False,False,False,724.0,-42.0,-0.7001166861143524,2025-02-03,False,False,7.012326388888889,True
990080,018d937f-6144-7057-ad1c-0e99a3a71797,TR,2025-03-13 19:35:20,14.99,59.99,75.0,USD,61,2023-02-10,59.99,USD,TR,True,False,False,False,False,False,False,762.0,-45.0,-0.7501250208368061,2025-03-13,False,False,6.92505787037037,True
990080,018d937f-6144-7057-ad1c-0e99a3a71797,TR,2025-03-24 17:16:49,14.99,59.99,75.0,USD,61,2023-02-10,59.99,USD,TR,True,False,False,False,False,False,False,773.0,-45.0,-0.7501250208368061,2025-03-24,False,False,8.999097222222222,True
990080,018d937f-6144-7057-ad1c-0e99a3a71797,TR,2025-05-19 17:47:12,14.99,59.99,75.0,USD,61,2023-02-10,59.99,USD,TR,True,False,False,False,False,False,False,829.0,-45.0,-0.7501250208368061,2025-05-19,False,False,7.069467592592592,True
990080,018d937f-6144-7057-ad1c-0e99a3a71797,TR,2025-06-26 21:56:51,14.99,59.99,75.0,USD,61,2023-02-10,59.99,USD,TR,True,False,False,False,False,False,False,867.0,-45.0,-0.7501250208368061,2025-06-26,False,False,13.830636574074074,True
990080,018d937f-6144-7057-ad1c-0e99a3a71797,TR,2025-08-25 17:19:22,11.99,59.99,80.0,USD,61,2023-02-10,59.99,USD,TR,True,False,False,False,False,False,False,927.0,-48.0,-0.8001333555592599,2025-08-25,False,False,8.00025462962963,True
990080,018d937f-6144-7057-ad1c-0e99a3a71797,TR,2025-09-29 20:23:39,11.99,59.99,80.0,USD,61,2023-02-10,59.99,USD,TR,True,False,False,False,False,False,False,962.0,-48.0,-0.8001333555592599,2025-09-29,False,False,6.8875925925925925,True
990080,018d937f-6144-7057-ad1c-0e99a3a71797,TR,2025-10-16 17:16:09,8.99,59.99,85.0,USD,61,2023-02-10,59.99,USD,TR,True,False,False,False,False,False,False,979.0,-51.0,-0.8501416902817136,2025-10-16,False,False,7.002129629629629,True
990080,018d937f-6144-7057-ad1c-0e99a3a71797,US,2023-06-29 19:28:28,47.99,59.99,20.0,USD,61,2023-02-10,59.99,USD,US,True,False,False,False,False,False,False,139.0,-12.0,-0.200033338889815,2023-06-29,False,False,13.985150462962963,True
990080,018d937f-6144-7057-ad1c-0e99a3a71797,US,2023-08-31 17:18:17,41.99,59.99,30.0,USD,61,2023-02-10,59.99,USD,US,True,False,False,False,False,False,False,202.0,-18.0,-0.3000500083347224,2023-08-31,False,False,6.993946759259259,True
990080,018d937f-6144-7057-ad1c-0e99a3a71797,US,2023-10-19 17:12:56,41.99,59.99,30.0,USD,61,2023-02-10,59.99,USD,US,True,False,False,False,False,False,False,251.0,-18.0,-0.3000500083347224,2023-10-19,False,False,14.004814814814814,True
990080,018d937f-6144-7057-ad1c-0e99a3a71797,US,2023-11-21 19:50:10,35.99,59.99,40.0,USD,61,2023-02-10,59.99,USD,US,True,False,False,False,False,False,False,284.0,-24.0,-0.4000666777796299,2023-11-21,False,False,7.0055555555555555,True
990080,018d937f-6144-7057-ad1c-0e99a3a71797,US,2023-12-04 18:37:42,35.99,59.99,40.0,USD,61,2023-02-10,59.99,USD,US,True,False,False,False,False,False,False,297.0,-24.0,-0.4000666777796299,2023-12-04,False,False,6.98775462962963,True
990080,018d937f-6144-7057-ad1c-0e99a3a71797,US,2023-12-22 04:07:26,29.99,59.99,50.0,USD,61,2023-02-10,59.99,USD,US,True,False,False,False,False,False,False,315.0,-30.000000000000004,-0.5000833472245374,2023-12-22,False,False,13.64855324074074,True
990080,018d937f-6144-7057-ad1c-0e99a3a71797,US,2024-02-01 18:19:08,35.99,59.99,40.0,USD,61,2023-02-10,59.99,USD,US,True,False,False,False,False,False,False,356.0,-24.0,-0.4000666777796299,2024-02-01,False,False,9.999537037037037,True
990080,018d937f-6144-7057-ad1c-0e99a3a71797,US,2024-03-14 17:35:19,29.99,59.99,50.0,USD,61,2023-02-10,59.99,USD,US,True,False,False,False,False,False,False,398.0,-30.000000000000004,-0.5000833472245374,2024-03-14,False,False,7.007395833333334,True
990080,018d937f-6144-7057-ad1c-0e99a3a71797,US,2024-04-11 17:18:09,29.99,59.99,50.0,USD,61,2023-02-10,59.99,USD,US,True,False,False,False,False,False,False,426.0,-30.000000000000004,-0.5000833472245374,2024-04-11,False,False,6.9983912037037035,True
990080,018d937f-6144-7057-ad1c-0e99a3a71797,US,2024-05-30 17:15:39,29.99,59.99,50.0,USD,61,2023-02-10,59.99,USD,US,True,False,False,False,False,False,False,475.0,-30.000000000000004,-0.5000833472245374,2024-05-30,False,False,11.0028125,True
990080,018d937f-6144-7057-ad1c-0e99a3a71797,US,2024-06-27 18:22:47,23.99,59.99,60.0,USD,61,2023-02-10,59.99,USD,US,True,False,False,False,False,False,False,503.0,-36.0,-0.600100016669445,2024-06-27,False,False,13.980289351851852,True
990080,018d937f-6144-7057-ad1c-0e99a3a71797,US,2024-08-29 17:18:48,17.99,59.99,70.0,USD,61,2023-02-10,59.99,USD,US,True,False,False,False,False,False,False,566.0,-42.0,-0.7001166861143524,2024-08-29,False,False,6.999895833333333,True
990080,018d937f-6144-7057-ad1c-0e99a3a71797,US,2024-10-24 17:18:41,17.99,59.99,70.0,USD,61,2023-02-10,59.99,USD,US,True,False,False,False,False,False,False,622.0,-42.0,-0.7001166861143524,2024-10-24,False,False,11.041273148148148,True
990080,018d937f-6144-7057-ad1c-0e99a3a71797,US,2024-11-27 20:49:42,17.99,59.99,70.0,USD,61,2023-02-10,59.99,USD,US,True,False,False,False,False,False,False,656.0,-42.0,-0.7001166861143524,2024-11-27,False,False,6.9115625,True
990080,018d937f-6144-7057-ad1c-0e99a3a71797,US,2024-12-19 19:46:12,14.99,59.99,75.0,USD,61,2023-02-10,59.99,USD,US,True,False,False,False,False,False,False,678.0,-45.0,-0.7501250208368061,2024-12-19,False,False,13.959305555555556,True
990080,018d937f-6144-7057-ad1c-0e99a3a71797,US,2025-02-03 18:25:40,17.99,59.99,70.0,USD,61,2023-02-10,59.99,USD,US,True,False,False,False,False,False,False,724.0,-42.0,-0.7001166861143524,2025-02-03,False,False,7.012094907407407,True
990080,018d937f-6144-7057-ad1c-0e99a3a71797,US,2025-03-13 19:17:03,14.99,59.99,75.0,USD,61,2023-02-10,59.99,USD,US,True,False,False,False,False,False,False,762.0,-45.0,-0.7501250208368061,2025-03-13,False,False,6.9395138888888885,True
990080,018d937f-6144-7057-ad1c-0e99a3a71797,US,2025-03-24 17:19:22,14.99,59.99,75.0,USD,61,2023-02-10,59.99,USD,US,True,False,False,False,False,False,False,773.0,-45.0,-0.7501250208368061,2025-03-24,False,False,8.997280092592593,True
990080,018d937f-6144-7057-ad1c-0e99a3a71797,US,2025-05-19 17:41:52,14.99,59.99,75.0,USD,61,2023-02-10,59.99,USD,US,True,False,False,False,False,False,False,829.0,-45.0,-0.7501250208368061,2025-05-19,False,False,7.073252314814815,True
990080,018d937f-6144-7057-ad1c-0e99a3a71797,US,2025-06-26 21:44:40,14.99,59.99,75.0,USD,61,2023-02-10,59.99,USD,US,True,False,False,False,False,False,False,867.0,-45.0,-0.7501250208368061,2025-06-26,False,False,13.839108796296296,True
990080,018d937f-6144-7057-ad1c-0e99a3a71797,US,2025-08-25 17:19:28,11.99,59.99,80.0,USD,61,2023-02-10,59.99,USD,US,True,False,False,False,False,False,False,927.0,-48.0,-0.8001333555592599,2025-08-25,False,False,8.000162037037038,True
990080,018d937f-6144-7057-ad1c-0e99a3a71797,US,2025-09-29 20:24:14,11.99,59.99,80.0,USD,61,2023-02-10,59.99,USD,US,True,False,False,False,False,False,False,962.0,-48.0,-0.8001333555592599,2025-09-29,False,False,6.887361111111111,True
990080,018d937f-6144-7057-ad1c-0e99a3a71797,US,2025-10-16 17:16:54,8.99,59.99,85.0,USD,61,2023-02-10,59.99,USD,US,True,False,False,False,False,False,False,979.0,-51.0,-0.8501416902817136,2025-10-16,False,False,7.001666666666667,True
